codes_flopy/data/cartes_pz/Piezo_fromProfPz_Quat_Mai1987.grd
ncols 211
nrows 221
xllcorner 663900
yllcorner 6152400
cellsize 200
nodata_value 1.7014100000000001E+038
[rows 19 to 37 of 221, columns 43 to 85 of 211]
1.7014100000000001E+038 1.7014100000000001E+038 1.7014100000000001E+038 1.7014100000000001E+038 1.7014100000000001E+038 1.7014100000000001E+038 1.7014100000000001E+038 1.7014100000000001E+038 1.7014100000000001E+038 333.83558237948171 324.72888893654647 330.90349943231303 326.02653539582445 326.68654835049256 322.20546877097894 289.52242875204331 303.0122276412219 250.28393490874754 243.56051025448562 264.83534701398287 236.12803801274205 250.62003800249917 254.47416905081312 200.31229960546312 195.66596597329729 177.82365609821468 166.40686175998786 163.53229444136869 154.43450922467045 154.74406073460733 230.60648610791617 233.08475516319919 245.04312395981751 243.03130772458039 168.86899304282937 121.32398084202489 102.39034907749777 102.22722854601722 113.27370247773743 136.64271134991537 172.14730881693851 232.45059662523099 303.93079242081603
1.7014100000000001E+038 1.7014100000000001E+038 1.7014100000000001E+038 1.7014100000000001E+038 1.7014100000000001E+038 1.7014100000000001E+038 1.7014100000000001E+038 1.7014100000000001E+038 331.46427948568714 292.25393171667753 287.32422398178511 318.21241609120329 299.30237388513945 269.66893538859489 264.01184944397386 261.36442956881615 247.03126737705378 223.84873041977229 216.0350349717381 246.94821608300944 238.89513208491931 208.59367934927042 246.1158339440602 229.44694167252089 195.09528737826125 172.8216010870876 160.85289841717048 160.85310977838211 187.42442879877026 224.10322961715306 235.38614800391707 243.9431271763037 240.54596670685146 177.50227223854625 133.79548802760863 107.79860467222079 97.336468031855034 104.257278915065 114.00620763025921 140.52854439618289 185.51470811025814 265.28527019247446 369.26396687564062
1.7014100000000001E+038 1.7014100000000001E+038 1.7014100000000001E+038 1.7014100000000001E+038 1.7014100000000001E+038 1.7014100000000001E+038 1.7014100000000001E+038 228.01530288870336 226.00017865915396 212.03867255232649 215.00683243410583 220.00724234923911 218.71371224708591 241.91954523505063 240.83784655660736 255.26000877117855 237.32541925712945 266.61761818217519 239.35433930066733 194.4141127674836 213.41314654236547 191.25040167171633 207.49393306989683 192.86858913891624 185.55205354630857 182.83875464235541 209.91630393953548 251.25619243722889 249.32787016959796 225.74048048170943 213.80633478763559 230.91605606224149 167.32266173004982 129.76156477033035 112.91508181574207 97.97159045841326 97.312276133617132 107.50145001968912 127.31974274929783 162.3269892263902 215.62886311409318 309.62289802941365 471.42537619246042
1.7014100000000001E+038 1.7014100000000001E+038 1.7014100000000001E+038 1.7014100000000001E+038 1.7014100000000001E+038 1.7014100000000001E+038 1.7014100000000001E+038 176.25118811182085 185.37882439472426 181.61117710893876 188.65414808964721 189.18303698633835 222.7889330697397 243.83645714390892 202.01479107348831 220.09427762042958 229.93791885371442 220.58867328834887 214.51383144275351 191.32976713143438 180.67147374148527 181.39873464316764 198.02980990521286 202.24876095060569 203.8871136564639 250.39508781672006 264.84181526543614 257.93178073128115 248.71383729092656 246.83332748044734 217.0341996127782 137.21081086640618 121.73754468867756 111.19468098061255 109.20917041121315 96.311831636972144 101.4235917310958 115.22653682316246 136.84726604848194 168.96548887452758 214.01232633379513 312.47028592802593 468.7566184873682
1.7014100000000001E+038 1.7014100000000001E+038 1.7014100000000001E+038 1.7014100000000001E+038 1.7014100000000001E+038 1.7014100000000001E+038 192.43572666972869 188.83723739096374 159.78213578189437 215.96783798594547 221.31902147280803 175.01102384585721 208.43756368799779 209.77916274383693 186.12830035814648 188.71233262527525 185.46757840508519 187.66805947953983 196.23408349446692 183.7070084675843 179.44112215226528 179.25839261640994 194.70947840770873 226.4628179707706 257.97068509585887 259.45162760429469 244.92507729634633 235.82875524924194 239.83378164906068 176.54803646494787 129.42571160287108 111.0376492358085 108.89244752447395 102.84718350996742 96.490397979161145 98.208460130528451 102.37881607821519 116.19011726530319 140.51129129509044 175.87725587497289 222.63532100507391 301.49307168360508 453.01333415371727
1.7014100000000001E+038 1.7014100000000001E+038 1.7014100000000001E+038 1.7014100000000001E+038 1.7014100000000001E+038 1.7014100000000001E+038 228.53309528775617 218.13125382311125 173.30811854777579 163.14846664354127 180.75872279776979 174.00416411048712 160.95866617499178 168.38017269633824 168.9102049211171 168.06474000048198 189.03902779666578 170.07878312203374 166.72230449393749 179.62581393513017 178.26174640549237 215.36040413863779 223.82503184161848 215.22457682828687 244.64086793707472 238.99284908871417 222.06988622516076 204.76930385042132 155.80060510231496 119.14155024822212 107.41025461769277 101.56944954400005 99.796897024362323 97.530968837607304 96.417923080680808 99.325641599166516 100.96854278925042 125.32196800463701 150.89876926914479 178.41761335453066 227.31335180127019 317.736800759652 476.85935747906495
1.7014100000000001E+038 1.7014100000000001E+038 1.7014100000000001E+038 1.7014100000000001E+038 1.7014100000000001E+038 178.57964758280946 176.52832968032263 178.1735375263963 164.81365000977013 149.17641910096177 147.45931151408729 154.15102933972983 163.1885043051214 156.14650828364753 152.42043419650841 188.76615701030437 173.89357956979023 166.61551585066516 158.26709952363595 170.4932485012543 151.29539344321213 159.23304677166431 158.72705665758801 164.70991250202923 217.71120198730128 162.69490449498997 135.55206864240751 129.48509200169531 121.00601152663013 114.26017072880282 103.73096836398123 99.515733606135228 98.889531664615944 97.236231426913122 96.423179827781723 99.158489618631108 101.29705652307902 120.48721676271485 150.58967809920239 186.16513935111658 238.140325713897 327.84569085458349 463.8827079415978
1.7014100000000001E+038 1.7014100000000001E+038 1.7014100000000001E+038 1.7014100000000001E+038 1.7014100000000001E+038 170.21075196555844 148.36654245012369 143.98722333987013 147.86247936882586 147.26318492570186 142.77351933563821 142.72424244573608 157.64848959264447 154.45720742841189 174.5689362145676 178.64634273408899 175.64311097732732 154.81393294722983 147.03348469026511 154.77937923797586 146.11766147117658 156.33146736214383 161.63109836530637 145.7879527048957 132.03936882255903 125.59171622592352 121.62990006979496 118.88101356837721 114.1348751023328 110.40611332612642 106.13379548197207 99.710311526461425 99.356244113156151 98.235734830216856 94.151418944830525 98.188985154682015 105.39149674112795 119.96418743959765 150.90347101500598 188.28788863597961 257.15108784038091 379.0859187766884 447.59935846443847
1.7014100000000001E+038 1.7014100000000001E+038 1.7014100000000001E+038 1.7014100000000001E+038 145.86170129248026 142.06199516373363 134.18523867614829 131.62022076997778 131.6572451193353 142.0247461600913 143.07252835779866 134.67086472264299 151.13872633924831 152.96645459262933 141.10662731568851 151.66781999120212 147.05120703163593 142.92526098212738 140.91077104391951 136.54313728289407 143.03145055705073 179.41446252231202 212.93247539011287 198.00967759804595 173.99370315936869 155.61744093865534 135.60547479006416 119.47301421755985 111.26072412664503 106.00219481174467 110.20563304185048 105.24075790071753 102.13906633912354 100.32794903651477 95.189733421027768 96.403024899712975 106.07856272479688 129.94526944857807 167.55032046269815 229.44378785773148 315.58516786059135 441.34139099295555 410.20713446364954
1.7014100000000001E+038 1.7014100000000001E+038 1.7014100000000001E+038 1.7014100000000001E+038 136.07122654158681 136.00483761255504 129.45590604861266 124.39549681493118 132.10902673199695 141.20203306610969 140.28682537633665 131.34850629487894 133.73340688542771 137.18848506486341 132.02221514462141 135.28961353054089 141.43381790673351 155.86415416214356 176.66713683268085 158.17279919031483 137.50011665356686 203.48458737761376 190.38515618128304 211.00646370966635 209.27125997280947 196.32784137711016 189.5483272334111 131.81817795253019 111.13491111033773 105.41476055044438 101.27991355914786 100.80607266287116 98.484611942856461 95.581732557345362 94.196400742597604 97.247109688336309 114.26901907960946 144.28300090592307 202.64791847601859 284.05817135681247 412.09419493918944 431.45411260933071 395.98044271403717
1.7014100000000001E+038 1.7014100000000001E+038 1.7014100000000001E+038 1.7014100000000001E+038 129.23121951681094 130.23349926719538 128.32180344112319 121.6756135342342 126.77991983156579 135.15581046018576 131.18608588649937 131.8038163027702 123.39871939355254 131.18523805238002 129.96763307633492 143.41454024341687 178.87096387083938 179.89518378233331 187.58103296351902 153.30705552967495 123.25031669493771 167.86113947031035 171.87131160991717 196.67903320371261 204.65497993683911 177.73162350634706 138.53951051929516 123.62112368067797 112.19947995850046 108.09384043531695 102.01543164775241 95.896508894058513 93.425048525961969 92.169987891606397 95.78334005773938 112.85469449727533 124.4478414576747 140.86852884996449 251.33161920142982 386.3139803725602 394.28193723308902 426.38181407740967 446.13002903491446
1.7014100000000001E+038 1.7014100000000001E+038 1.7014100000000001E+038 138.36252273786684 132.32126302067005 125.02067334916771 125.66968514628579 122.09834465028354 124.84823791581474 126.48062696823047 124.58506849208338 122.30446776834407 132.29122737520086 130.94712006737331 130.26544434897062 163.80373525381458 162.55780471093814 172.26924838004297 152.20649422328015 135.51800812811859 121.34984298452359 127.58556108362669 164.29590576496346 175.92765176555019 191.50759503170428 143.11462483122523 128.94574185724815 116.36911742159664 108.7891436747538 105.74046135466776 97.519070361810392 92.416932769210433 87.701191567176608 96.82013392302926 125.60990192691908 154.70668278206514 246.89527960167257 249.46877120835214 261.00649939137043 304.16893218519482 407.51732562285332 470.87330923392267 465.45506815837575
1.7014100000000001E+038 1.7014100000000001E+038 1.7014100000000001E+038 132.6257600861951 128.74896945547653 122.04627467441965 116.06574601797416 115.84924222402954 112.06929011835533 110.91446985707054 139.58122344797931 176.58963330198918 162.23816228780007 142.15693350195156 137.12755671443122 156.40339199426279 166.27526552458625 190.03068746847399 172.86435065487876 130.44354777128066 121.67853803291071 115.19918740386451 159.11869620158959 134.34559912594921 140.04482978474323 134.02424726879707 131.76189625093994 145.25420518006334 133.70672152414454 122.05015958834446 118.70899685645841 91.284995744519648 87.240410603994931 111.97786215542769 200.36784619073561 242.91177467044525 271.41263991826128 315.55030177291064 376.94068751482706 364.87732897107139 379.16113237288573 444.15272781159797 474.7791667639263
1.7014100000000001E+038 1.7014100000000001E+038 1.7014100000000001E+038 136.29842910154036 132.81607848697789 128.20015802412627 120.63994856579929 117.19222708309029 113.46084688035369 133.22521745269609 130.33087912705304 131.95994999118884 145.36333331107122 157.35190784997519 151.0447967992792 150.87237302251489 175.01377219063522 168.02051678751272 155.37889321273073 151.31006381414591 111.03883950123232 111.85897919778448 115.55277632037213 124.41923110064076 124.42216020404055 129.27219746653461 151.10384732074502 181.24975660501599 175.14722435591077 207.80064349455159 167.75872040227654 143.11569618616431 92.304076788674408 148.11826182670265 142.42047611452398 221.96980938859429 216.88378594754295 241.44646224396323 369.40164930872595 419.43433848400821 402.6225508177202 442.90743957190415 491.80594563690619
1.7014100000000001E+038 1.7014100000000001E+038 135.1804201805738 132.92832516617258 131.16961895294051 126.98669401743963 118.83485516464559 114.13362323963375 109.43905574036418 154.42770084761503 153.13791902288611 156.48612753974376 154.72979948323683 154.32187383356106 140.13735706184579 150.30432834364581 178.70593304625436 174.36958904604356 135.91244709253931 117.06590969672514 117.30589149464444 108.57623567551128 115.91999826581426 116.65636514157875 117.35304455167392 129.54451906604376 138.78432370390601 157.7950881227967 224.71267996892257 239.22272427473095 204.95223708840768 129.96252399084352 108.2037977327392 100.39330432849657 172.78060332387216 190.02137592248107 250.23599423938657 320.60345141124856 324.77472538738687 356.39043066227572 432.45566538053896 488.91373520657271 476.90669213573136
1.7014100000000001E+038 1.7014100000000001E+038 130.52063325496565 130.28253028091558 126.58431975291944 123.12540767102968 117.90060666574126 109.15781611303755 108.16572232971127 126.92753231371051 128.61715339914454 138.31065847207321 137.41101528177677 158.05210309033649 135.34288644838028 154.86325383893799 171.29984870092252 194.98042125157619 172.521188175068 136.31197224747672 112.84943035531846 99.1827144063964 112.633696237162 113.75062918461485 108.94519072656837 117.664204917896 183.50804507024156 206.4040704158044 214.61676516566172 144.24061488824978 84.044763942580374 145.85682376353313 175.75579821006806 171.22188580169919 198.74577932677485 231.67400611955927 241.46005921789671 306.7262774964509 342.64545926574732 372.84765675382562 454.67832767123087 379.90058670581328 352.13614412743829
1.7014100000000001E+038 1.7014100000000001E+038 122.16964445205322 128.3467594584294 125.12860032142781 121.99984379973367 114.7962567338527 108.99407554655457 109.94573255045898 143.53660965315257 146.82869253844868 138.64478664556842 132.09958482744091 136.97165651327393 133.60887197582502 138.65892343517666 158.73130997213821 192.52912435050689 170.80581715321071 142.7508921836768 110.52079673963897 99.93176957503556 106.52311095305777 110.71766443722055 110.24549373269487 152.71574311936001 190.01505875101336 136.35495276931329 106.39114060575055 82.298072560787972 145.9264511690279 191.74174467380604 225.45719271509344 223.57026284246106 229.11435671928172 290.55606045909457 287.9364503590989 293.298162612049 342.3119987751142 413.38102907822707 437.6335641737403 346.76841567681851 283.05520358024074
1.7014100000000001E+038 109.24021751774498 121.03950435697971 111.4936858550268 120.13386638372286 119.09416741544113 114.69416083996839 99.776497790084235 105.08057160519208 107.47378146302022 111.18835346164528 114.9379765262961 129.40895406019774 120.60238922571858 124.05326750443521 145.72361864690535 169.77490715544366 173.91809582187733 120.8456037618874 109.64385082779285 103.96830875338838 96.75997836079398 96.619389676105811 116.18360428231551 98.870054401499601 125.08999823251042 114.57336685235268 98.921903602273616 84.555448826243619 167.9168036809219 203.78497892728308 227.6026042681255 264.13905477089702 250.24652361029666 268.69344356061896 330.47524363513878 348.96340642179337 382.44947667116429 412.74423862906355 336.01929963973527 365.42820745563631 365.40817560193642 309.22146618001801
1.7014100000000001E+038 119.77807378517444 104.11601785476904 105.22063436388054 116.84940573811014 114.26032029445506 109.91311451026095 95.82801357465101 102.23859029273045 103.1906083123483 107.21568844347088 108.18472976151376 114.5190094743681 115.20491092922998 124.03746381491557 146.69003167372017 179.84179736084226 136.49485413921229 109.56068841655043 100.83124436912247 97.063710435415373 90.116769332466646 85.996400327729248 95.694581461301397 83.411378532130882 81.591475667543321 89.728674441814775 130.7908141323332 157.4614823327689 205.38666861770037 231.53115510119321 246.09992512479414 251.69014311204518 324.09362404464844 341.64401951362953 365.29576117629011 373.46812848503083 362.4539551662217 317.83217503525287 299.43163847648896 317.78588680207224 312.77253961698358 273.92585278816637
