codes_flopy/data/cartes_pz/Piezo_fromProfPz_Quat_Mai1987.grd
ncols 211
nrows 221
xllcorner 663900
yllcorner 6152400
cellsize 200
nodata_value 1.7014100000000001E+038
[rows 76 to 94 of 221, columns 129 to 171 of 211]
36.436288042021587 34.447550850759264 29.431889934849167 26.568903463555447 24.892927049894407 24.814040804358307 26.007727883026888 23.845479728114039 22.999223240882429 22.050320898961481 21.0796816503344 20.125491217405671 19.179204364667466 18.059794445435813 16.224088518552382 15.107306124081553 13.647841549548801 13.902214581411997 13.861075611736347 12.620961008108207 12.496550911220208 11.832553551366015 12.105098612025781 11.330786896067345 11.838697375326639 10.076488754536346 10.172480388485454 10.592170602242629 10.478968568199431 10.571475246387084 10.58385945032483 9.5281734596264442 8.480896652919105 8.2234777730081596 7.8139136289117648 7.5114722396379285 7.4908694722497229 6.5756134156155586 6.7330621295202358 5.8460770993507252 5.9474718506300537 6.0050021417982524 5.8760806701414818
38.756752481800525 34.433216182084912 30.724500368198512 27.238156849393008 26.660600558094362 26.029679477968408 26.118181540151426 24.104855572136902 23.144507888431768 23.243263309518369 21.249661685927823 20.235753191101836 18.371050206519474 16.158165826932382 16.170543799559116 15.369351457279759 14.654520956993881 13.860899845266196 12.354439268224624 12.364007449651169 11.662991988589656 11.641799832722596 11.663385922892891 10.998400965426036 11.375764275316353 10.477761516918115 10.643282081577691 10.130694342132088 10.287752539740104 10.304762133763342 10.345236940002613 9.9568791006886848 8.7022227588746865 7.8232232720544763 8.3026992028689222 8.1509751256335203 7.3651476161478309 7.3115107853862886 6.6711608833984979 6.7940956432185748 6.8812563967538578 6.9387998595261839 6.4463384531548478
35.561507157605547 34.361440927461686 30.89761602501564 27.48939870121222 27.243449781639988 26.277087256163014 26.321798473688087 26.38253877009798 23.306605330607386 22.335871861612443 21.554435006127431 21.29546740650769 17.293461762636671 17.09128984534383 16.012891468296889 15.302644076347399 12.840741527307813 12.08179445719313 12.149880048672408 11.293319700338358 11.438733745986038 11.433320115642772 10.419494984707296 10.682329058641962 12.043979637361337 11.410408661712406 11.748384453420236 11.651829891123892 11.12025480323511 11.170887886702628 10.994188562646368 10.114884172749445 8.8832338217263356 8.5367588594429051 8.2813280162193017 8.1965680395385974 8.0078145327889292 7.4483955943904592 7.4806740861756236 6.6995582637987354 6.8115364866667791 6.7791237482323625 6.5750377128963713
32.62217516519209 32.549835610740374 28.912287954004093 28.407068105946578 28.492784998272814 27.647591477379212 26.658255946199276 26.578973764528303 24.581184217755258 22.591069853400175 20.482835494449372 18.524181232767571 16.403194280983801 15.506936862244491 15.277783563163336 15.547090717511335 13.573362713815659 13.0582725075685 12.117065389150692 12.297519635957038 11.343968063569893 10.936025970696326 11.068761025118111 11.339440596300667 11.661738194595706 12.179052649537185 12.537716157443267 11.832805585397111 11.021183868013905 11.076073421129308 11.086501859146392 9.9809225626987512 9.7809540898987954 9.1327664552137193 8.0975135707394976 8.0941570028860568 8.2673304206111702 8.1310690785737822 7.567884020321431 7.6904976942002499 7.7588548300349904 6.6715954059421056 6.3979235724246557
33.354994225494536 29.379779456302515 29.268557559883472 29.186555474807886 28.198554386620817 27.336095181325664 26.336981691639942 26.129241565834775 25.090661909553575 22.11658337337429 18.978048320784733 17.88029716496667 17.558636915442271 15.505825039060454 15.34871789635147 14.559163321923663 14.005782405765856 13.011854833554445 13.387930652304213 12.603732161006235 12.339041517720251 12.107177658101708 11.773752226712997 11.969294134437622 12.388468230163056 12.680501079466055 12.496209024972238 12.834847889876215 12.078679051453182 11.791202219074881 11.066824801964493 10.535955167191602 9.437385179426041 9.0351817016249782 8.8494298681854531 8.9388420646087532 8.2506101565951688 8.4564261013867821 7.6239175499408951 7.7397408437805835 7.7709412923727319 6.6658846717610167 6.2683911997792006
35.872816573236044 33.774420416388395 29.919663415744306 29.711665783917532 28.537942343193304 27.674093586848524 25.955169902799437 24.839855958696518 23.826334553232197 21.488697428690394 19.481502943680646 18.334641468446431 17.138396129182524 17.635535675197545 14.694749581040647 14.836164552507586 13.174537038412023 13.528590828082486 14.444766843266979 13.182718338482053 12.5379253572514 13.109191301900402 11.735764152616046 12.728334721666485 12.090439954575768 12.914691296413423 12.582574617569703 13.019034449244209 12.282680187268333 11.228870286060051 11.990104729088603 10.774903056128277 10.266423966790368 9.7399677757671075 8.5185826965352618 8.7951328385633296 9.0230047189053444 8.5959204336437409 8.8229921703111209 8.6372965245817159 6.8560992126138736 6.6979273104494395 6.1810418059553234
36.267320138331485 33.570194446265496 30.301726522024236 30.13394455514355 29.317451638537396 27.097262490108026 23.567231359104628 24.26823400431002 22.352772949933556 20.231741606402778 19.914159376306277 18.555982458656882 17.910569147578478 17.475370546583097 16.330885749928402 16.130815110267609 14.63482058425139 14.952083520241963 15.144664730406767 14.116696360212838 13.996701110257815 14.046981145501729 12.785632101952238 12.3656859846248 12.896673468918873 13.668431115441273 13.68626813977901 13.342084746325565 12.536779655877638 13.56769304183044 13.35875986117366 11.83354761182366 10.29159880891654 9.5599942820282173 9.2899719388343254 9.9029022063937084 9.2511875208580214 8.9083215906309228 9.1738934339684395 8.2151355646078414 7.9602963989875768 7.8361376815035833 6.809653942996662
34.981347613823878 31.950319141498305 30.81042423502802 28.922104699659286 25.922438497326954 25.92302344619916 22.971136885971397 22.683106473308477 21.651838998072105 20.620062335617842 20.17280328448151 19.220229003750195 18.275321690739801 17.129616993796823 16.004041615685932 16.253282772977229 16.2348117432763 16.187350073758669 16.402346400819646 15.728846515420026 15.474794236157916 14.940677728056983 13.182414880397539 12.244272099977511 13.887456860471417 14.260619964501117 13.676490116916217 14.892169831461521 14.125536400899199 14.110293945689964 13.840731851082396 13.162552312466897 11.803673008613982 10.036949284895226 9.849975011770038 10.329283499703648 9.9535744654681313 10.460914099563839 9.7984229301036301 10.477181371718103 9.406136889024415 8.0882810157530578 7.5253548113960704
34.368312115754392 30.365597468615352 27.457768488317132 27.143846396610989 26.264508575899061 26.161356777188672 24.210651504312406 23.193419952872485 22.169307451680289 21.092165290774879 20.975636129070129 19.960567207051916 19.785143869837807 18.840177497900399 18.429432847911769 17.603790509164998 17.545642391377552 16.985051433488188 17.266502502162787 16.701351179535546 15.208301053405 16.070495307612138 14.303796584251874 13.415353665672157 14.223428108039592 14.234323544805434 18.190034788807267 16.733452543517135 17.052863253330479 16.893092667433557 15.286277034271373 14.870887548319914 12.86419502982708 12.273096502431276 11.176117439686852 12.344961689920183 11.88346349303335 11.138300749982903 11.475397697130685 11.267092569529947 10.043700435193916 9.6029032301161319 7.8226660939733748
29.58070552216828 29.477545897029433 27.53212415539819 27.600109130168519 25.816182121271222 25.900456805223641 24.6604511487864 23.654583491570282 23.570352818884967 22.566721998455353 21.451977275337367 21.383099536530466 20.550354140015543 20.548196755416868 20.174218257980595 19.373704083256968 19.534619425006458 18.676989631830445 18.892253843754254 19.304032735564682 20.63426242531914 21.537270066644194 18.76566098951772 15.604341295058143 13.717608975574851 13.249318825531159 14.524050673950846 14.483017470920966 12.890617893339861 9.7730771505486711 14.389834131001104 16.198937498641662 14.703822489957481 13.58883920141297 13.58973547594208 12.830650299653257 14.05999228392503 14.140366798099851 14.431695545968989 12.815742337114884 11.057139756351004 10.209544612378789 9.8262347580954774
30.794631366987705 28.00926579030401 27.997668412171265 26.992915521973135 25.931598698247601 25.014941169353591 24.062650028089163 23.97911168507493 23.941339445345299 22.999444758825653 21.999743234203127 22.599424370308629 21.973355884700972 22.01784619191217 21.191553701099217 21.961443626104018 19.917890050209799 19.689600961367518 19.921943839165358 21.062837215857357 20.446156983845025 14.556057640574252 18.614895354545702 19.063610431936979 15.877795236297306 17.868967018124785 16.608246279691528 15.439858077328719 14.781991830978061 16.11451643414145 17.095677899303737 14.983729244730808 11.39297465029491 10.450623068883763 8.9484064504794549 9.1924123839896943 9.8624647450196257 12.215291251261672 11.859726149527539 9.018121569778593 8.6025833701313736 9.2172858413804253 8.7228037604084605
28.882100923504726 26.479305042631481 27.206613005824 26.228063952950865 26.122093293206234 25.373504615283821 25.389027786324192 24.303517143811483 24.432394580091835 23.330931008857871 24.196203358204478 22.592823673272274 22.466296241876744 22.634588329220769 22.967648827982007 22.900706299193654 24.933623928399328 23.056698919634243 19.346336687176553 19.162182492450015 19.916174080389972 21.098372836042596 18.88048677848623 17.874061060124816 17.765498096529594 17.486696760977676 16.306328829513244 15.161929192489254 15.078444469549328 14.637045418977751 16.685827420701546 15.11287633104708 14.908228639964086 12.600111449193218 12.573015508735937 14.135023411680171 13.746969409465805 14.001415546444164 14.485040827925374 13.468716535826845 27.219266121141079 13.809415454510287 12.870906144477145
32.758965398908217 30.362556448978822 27.443565478468756 27.505755908218351 26.515976877111768 25.610100141158107 25.68927222192622 25.706658571712531 24.773203157024806 24.856677890268905 24.927968937953526 23.946389726887606 23.783811737588266 23.136845427165099 24.389763765159735 20.628477325268523 19.565715538586069 23.11302621558778 23.145759602800915 21.21514581010382 18.991428088587654 18.833681996758017 18.788731243261843 17.490424244513207 17.706447755757946 17.610346859045599 16.342956140899545 15.945073451183024 14.709030429380171 44.710475002175485 41.57700995795679 27.152276109724145 30.040200761602172 24.48599867370195 20.689356687884384 29.886583097725527 31.612032091124441 34.069177190936131 31.040008259578151 32.269747523293553 31.953119227300832 30.891296409596791 28.84802139470392
33.612077864819753 30.883643271515112 31.452426871803095 27.577506720224555 28.504086675976477 27.549380317073435 26.7961971271457 25.795362244597964 26.079656075215922 26.218997234209979 26.120840346162897 26.269901862458838 23.81562583296316 19.383602817712905 21.932300396364937 23.245635693388213 23.527747855245863 23.31119204311485 20.158662386156507 21.010874249673474 18.732194146649213 17.289342843120632 17.675249321569705 17.364900277050573 17.646898948780564 17.569927721836752 16.044560680318245 15.763502639358244 30.379847886941118 38.123948832574392 37.110705098718498 41.566468454584225 37.453782251096598 35.720862789324308 34.892341820494437 26.734367451515709 25.211378466111693 23.427787196413643 20.595967556330599 19.471782338862813 18.761942898931043 21.127645994725214 26.425972546243294
33.913136045689754 32.947430817725575 31.003922330896469 33.919931517755039 29.574394296894042 28.155689429183546 28.291453314294795 28.382035325946859 27.231170814439128 26.635263344329061 25.958052296173879 20.508255406145633 25.777580719560973 23.935809045037569 23.689379844925437 23.384940033057863 22.609785386450817 22.336754527362665 21.031946163658624 19.775965100222756 17.858111790541038 17.341195919913897 16.931888455144716 17.340300987843186 17.536262328692615 17.712543652561735 15.119676186341778 17.908789767636382 34.165598762931396 39.855231004148251 41.395338618066951 39.420419510946616 38.36425472248505 37.579714896593863 36.683739445835343 35.631613166789762 36.304971997044817 32.940744490293341 31.866554044978532 30.300771602236161 20.189058215970476 15.349805251383712 15.364351999623532
32.470684649822573 34.109427931553689 31.500031060494042 32.377588496073052 29.268713229921424 28.441068797273342 28.569904803200732 29.710275878515173 24.4259839986047 22.72235746694146 28.889116553321813 27.797866901151902 25.697426293441783 24.519896604718536 23.318341285953366 23.092985503052944 21.06281686581363 21.075118236467986 21.759124831058145 20.649925733084114 16.878560614567593 17.641739831869842 17.702576736025669 16.527185577382884 17.28593170753842 16.124122439601095 20.932795055535504 28.75937083664726 39.555138959751602 41.160792933274223 42.263549014355149 40.594904699258954 39.523694355973937 37.690420239988981 35.684776187770957 34.954717474084021 34.11894168260519 31.836645120137625 26.936049723904787 23.417242400017912 18.09272428044892 14.227378946890967 11.312081905109498
31.378897743928409 31.678469891014004 31.486459689645656 30.845422183378606 30.811614997103604 25.671167616352307 23.571498087085562 26.391985245274867 27.709705594620619 25.40353044350999 24.669002640546118 25.355155253732988 24.329677850165844 24.365515807579911 23.236001664291248 22.257486455966429 21.149075964610802 22.983152385194593 22.063895218420583 19.902490092384692 15.076594209526139 18.013585497657964 20.657365329391382 38.82415117702854 24.103952794091548 35.488284919601782 42.39708453513424 40.390710996208405 41.230409788694828 41.068632988434011 37.414202070922407 33.850106295764121 33.29161404416206 33.32758963216547 35.491759631165614 29.7748537701728 32.016234089868078 31.644985614093816 33.109282671102534 32.328531851496138 25.882628579546932 18.780169395089995 14.026459548078138
29.778274417835743 28.932196226449413 28.669168611506166 29.483228443671365 30.855921254119497 30.728525643440726 31.701049235348844 29.639680137300338 29.247266287416512 30.561239877894263 30.006214207958109 25.829374102312816 25.158313797254177 22.328386407167926 23.902285086942506 21.147864713714934 21.51879116707304 20.409447761549071 26.543208687840902 39.440465937094018 43.786736920884564 37.010437208305007 30.906706062308359 42.638554500070256 42.108070281808295 37.419033276956227 34.617845910058954 33.788110952806861 31.768375734237239 28.838675082275913 27.39573829503653 24.892178700163743 23.423153308746922 25.732456216535375 27.087918907008977 28.341019792776741 23.480033484589477 21.437629424339157 20.768140996850796 26.791651253081035 27.656389058939116 23.296416869723501 12.752309450351509
31.551014445241876 32.620205522288231 33.360087450498739 32.359296434662681 31.492260021526494 31.267086002381042 30.351150029087815 27.372569525670023 30.203099516275699 31.983178389313476 34.429421241458954 47.785154291276861 31.424850246597881 36.082888512203397 38.31352805734339 47.457236320611543 41.337245109154139 46.914284527282042 48.338480678490086 47.991611243535147 48.792773938021327 45.760245392078147 40.832385028715379 38.60171686928711 34.480524314368473 33.681356021582864 31.583531413085989 29.971011403723004 27.814727708048842 25.801107412420397 23.326092217379518 22.223455584610882 23.362017707324522 21.70664613176913 23.202232752207358 23.071336580141637 20.406455178197078 25.839936853700841 24.05817002095511 16.888226378788836 14.499178173908579 15.552386868524566 18.844654235773895
