codes_flopy/data/cartes_pz/Piezo_fromProfPz_Quat_Mai1987.grd
ncols 211
nrows 221
xllcorner 663900
yllcorner 6152400
cellsize 200
nodata_value 1.7014100000000001E+038
[rows 190 to 208 of 221, columns 129 to 171 of 211]
113.49306487315945 117.09139516387123 107.47164631361723 115.26519004298953 109.84543450237491 105.28468226728017 88.999129603190781 108.80955061725591 107.56525662151194 98.789079561611402 108.83825300880247 108.09171088446708 116.30020282940173 113.27906987264339 107.47234620537027 95.839089277169748 84.044677844132565 89.641717855443275 91.602738138236347 95.57701182648907 97.609371160444368 97.857687741506936 97.757493012538404 95.531594032977111 85.40978861966083 85.6534535355391 90.25520305689038 84.280008478107206 83.797764804891827 82.400280169247097 92.872368421997564 95.896696089571989 96.735777903247737 84.109029614076675 93.811903961438176 94.204948521824079 97.349056263720925 104.41764684103305 109.74714628824384 114.54112970115327 126.78206792340822 140.18445820216778 145.68386494270578
109.65474916947321 127.42736537303399 116.10452129287656 142.24585205638931 122.85808983440847 120.09339281531594 106.00105741768354 101.03512938539438 110.71920904972757 133.98063660571208 132.31667802262058 117.46151890119293 126.67050219052874 119.33482465219075 107.85513439470338 97.20557112330161 98.276142772433289 94.679930630594683 99.68896704538831 101.67974313705263 103.86642616027386 105.54397251140597 105.44392220795112 102.52946096666533 92.34766005481589 91.57487587247067 97.520698289013865 94.626345112866801 86.707300014792182 92.987181793936301 92.885808138816145 100.88623406564719 104.03103574016919 92.572669562902632 97.307116624360262 110.99693100985036 125.02859265853935 135.87603023750123 150.17334767524969 160.08548467011269 155.0233444486777 164.92778323529907 199.28472884619785
122.50955268504026 132.85521447726097 127.20811829468288 133.97442723374948 146.92461334030887 142.04798465058775 111.17572815726582 121.66544088877988 114.77229025004044 143.66872540981103 147.07384129235865 131.53869397718955 142.62195998988642 140.54259405791521 116.77094072810362 104.78709157590127 112.763356526498 105.19697884047028 106.57264759488216 107.8429081388061 110.59560842197173 113.63027127639798 113.2616415949259 108.9248887086943 96.787130613767829 100.74419877316713 111.72873346190036 105.71024096894908 94.475338917618203 98.092054612770625 101.40940877063511 106.97859205066251 109.84220205358508 104.14910447634344 121.09107197052829 154.87700090397101 161.62156822939346 180.57163833327104 188.66928876608472 212.55445069328783 216.37727882288277 212.10979557643526 229.73541110668134
140.33475771914217 135.26064595234459 138.74472334783829 135.38647251111178 158.63548716388394 118.45839044442639 136.37644891578063 147.85814017573858 128.64915056695929 134.46094278415492 188.50678127721923 139.4605234008713 160.61297502410989 142.43343858921682 129.95241653683419 118.68313904348526 120.28855706641302 116.92344831547399 114.25829259379751 115.65467116584324 118.73709299556376 123.6507922681768 123.09303621189541 100.17759830260411 117.87031334377916 110.08997985140573 123.22108159789647 116.75592212891259 104.75274708132162 108.3515051363709 111.27012257678935 115.48521105118812 120.79255691013606 112.77969239472634 139.15368214293193 166.78251683220651 186.97051183227413 230.46386441812592 265.39025635282894 263.71035445910758 284.27210551869956 241.07654308548334 262.16981558626156
151.95148900650028 139.01205053209299 154.96076554633302 154.94083181138103 139.16063565025928 137.57117433451276 159.42212942064893 154.53506150252412 139.12304176141228 143.63985578658639 191.1612858298846 159.71441620556405 167.75047616953262 163.92688474350408 147.17128071622196 137.36285947903531 138.47616786773051 136.48451656569824 127.44722407208927 125.23595108072499 128.65871102401033 133.43214277596451 134.3682208621083 110.64553977144431 134.22060353402961 135.40978344233486 137.61352164841 127.90539717832229 115.90846053961691 127.05709863879959 125.26387801784176 128.01110136099146 148.24899488380288 123.87209284711511 182.47396702794902 212.88000598492084 237.73810674660257 241.05432642104543 270.39741116375455 308.36565378154859 359.44975861502888 323.31074444077404 327.39183761591448
193.7629491843733 177.96949655790584 167.95376051895406 172.26699498004237 145.51237169807095 142.23976026263531 151.74444893375272 180.58079230988668 167.84770081936887 161.61721761841176 208.46621751750845 175.78919787099235 204.91323775374136 204.21436547613007 166.38326158368932 161.80518820148149 186.20763110296537 152.03800000968107 165.55144214927719 140.08366703034071 139.4330331345266 144.20506116372755 148.91469655282228 150.652334879352 166.62971640611076 146.48346004956517 153.56292395326565 149.13107900093502 130.51875290750027 143.72752871445087 138.63823141157727 147.84721945084328 150.38117899575536 126.32245116875291 134.55103685952722 216.51353147165062 284.75013908157678 293.73695195003245 332.89267448474612 348.96585504135834 402.91798505286226 412.236131404866 372.54760579155754
176.00648391802608 187.32594475765734 184.79459482457088 169.9131497613256 189.9329195477377 163.96992433928841 185.80286061794442 174.99756906688785 197.30917078719142 216.05555621826767 231.05133821451813 190.43661315648328 233.30709675362382 205.55335050152851 215.74088159668275 217.63035159273247 229.30707135295731 186.72951875558203 190.9072753838378 160.7442648898554 159.74236981005015 156.16402604281365 157.47081854900554 168.13752104454079 173.33339891291394 173.52901693328994 172.29433507947726 158.64867937578543 160.37184947837915 164.18273858753358 159.9323378568742 169.28892921110304 167.04840467113894 168.68188313207398 137.47277636965876 210.65593217385154 274.29162329487065 371.14439725147145 410.76669040198863 419.50474916726938 484.67782078621207 503.11375457215559 476.55894371163231
197.68958404133872 213.40812089458169 205.73148388241819 218.37702361561907 244.78642818126556 215.16306731924536 274.54692612733731 208.59421691703136 281.2157411011878 251.94536339694935 263.06812733081432 212.67282237895787 243.85251677592808 275.61113387781592 292.56811327122875 292.90949106233023 242.8793770369553 197.27665523806292 197.63880807377947 192.91371984564765 195.87441246231339 177.49096764516548 168.73018767992903 196.51093218124765 208.12144210867388 220.29841105804124 213.34553000400985 203.68567364485315 209.13124994138391 188.72925009296071 196.36597080441362 209.78587161502898 214.76205714584876 206.15799868523038 169.9697722187997 218.52490036263237 289.0928622129303 353.42392682622136 384.9467650829244 415.77528954006584 486.32025906835003 518.13958715269507 529.40786152768931
238.05099324056309 275.50163316737007 226.52496594446285 279.22859488891606 279.91823682251038 268.50363311151989 305.30667217313146 236.62471942761323 297.00059914367955 319.85942657980945 300.44853958089891 266.05900101910601 241.83983590689263 317.54850926918789 339.32146002253427 330.01921243448339 249.51941459263438 259.62369423672783 260.79107446705973 252.14709956028548 284.51172489537566 219.51648687718784 171.88195203074312 231.43316599157018 257.17364600723221 284.18761923614494 224.28198350633642 235.79457173321254 246.53095226804101 230.34374491713052 244.4169847430137 248.43700657622389 243.24131810301208 235.45523250773834 152.18187085838227 202.04472233264465 265.47603731108808 299.26376166618667 311.84807499886142 368.32283105198621 415.79032656297932 435.18202069394448 510.7467071547016
318.31543432765261 282.79813004817805 269.31958082715931 268.62891830157753 358.92425198349741 346.5408848117201 363.33662265920907 294.77014496663992 328.43173503342854 404.21360706596357 330.30222562021589 289.09487379173066 262.13011544036578 304.86149726037985 375.90921805612658 341.75567868043987 300.27716784226203 322.53037052728342 361.44876181158548 353.10133566545932 349.20745103838186 299.41245990511925 197.78261931504062 284.12389793410335 328.07102537648996 321.07277235361528 266.37759887511584 292.54687093550609 305.09032873911275 288.23278470980165 331.00324072673538 306.34483917773389 270.13076087373759 301.86784698229872 217.65147745195844 174.85504221312397 192.04249419379275 230.26464629121759 238.20491802968164 292.2946916953656 341.47679650350568 408.55338494392652 488.69146354468415
362.58672995079201 356.26590222978962 349.61023345069651 321.28737684627561 359.34116973661168 404.41712044475406 362.54899930183041 346.22837667438876 366.99653310167116 414.18254793697832 358.53137484202142 312.00003488918787 321.71001968339061 332.42419050688903 372.79596321317274 378.43031717645198 380.24618389318096 397.90429919348406 427.45424420457874 448.27466488794516 399.95465660463566 256.22403573510576 257.60622242437273 339.33730390568769 397.30813323098215 385.02967709247457 307.12990794859331 356.12865016343869 413.239018253685 373.84296853630065 396.45384771555632 385.02337763879206 312.45001268453774 375.94513033874694 310.01631506493675 229.70573321216347 174.15027156209337 197.620035024994 201.43181683300884 257.96411545809633 304.55538829752476 396.18347897417414 496.76714000765219
412.01741016877634 414.76163531873715 437.67625512731911 377.89672085410325 388.70183153901343 460.11266025885669 437.50276775866462 402.60756871892585 443.3430212348004 457.7837112921344 412.54739303102787 355.33431311731124 367.28948216100451 418.01771955270613 400.52977726155922 470.22404025304684 438.19228909894031 511.72927995224882 522.99138618333075 492.41435270690101 409.89871786703111 269.41549124022407 342.76015829388194 410.86301259588492 416.61350285038549 453.55755867003012 374.4057534363539 374.52059514190626 459.84148360850747 415.49677964996908 458.97010781071072 430.0850865862588 387.0424796215791 452.64240196175166 377.38708423030334 277.68849818179166 236.02204141865624 234.83906064423425 209.11109559629998 262.30371276613363 366.78523400209127 408.07977520889983 463.57653904701368
495.80651123040843 479.67459841200912 510.10067025686033 449.04012504539747 413.95373745004338 491.82701277970477 506.34437889506711 444.4677133269455 504.89499552224976 508.4575502322889 449.78697118971377 361.65798716840567 441.92319825398783 478.42306527414144 429.62650814813617 533.96683065729803 538.63152025625016 588.15520250572604 524.2627516906241 432.64058548954756 349.88156595743766 288.20884647542852 331.81903853914639 442.44523874898704 478.36306480082771 483.51163931590179 424.19605134535948 387.35836554467869 481.77281701363341 497.6096800985141 528.1069534885512 475.24659241640592 439.40392762793567 514.10909686719606 396.13221483237254 327.25254118040971 288.85244453565281 284.19234876772856 223.60432673239447 326.6234635219709 382.91963213474128 446.26016181339503 506.49481752879552
568.06424401475931 573.07525660785757 595.78299191747499 487.33591745407318 432.32512811240673 502.47158338614037 556.10475265057175 531.64376644237086 535.54648739755419 551.32736187955209 516.06107201244549 438.29403337776654 484.72183693363502 541.99047923880414 503.10385551347997 568.68448025736643 625.73868392064674 647.23856513857629 558.34043580460332 505.6504955956072 407.7695372198325 318.8511957463997 341.40882737180078 393.31710962829408 491.47737575914198 543.33136165001554 502.36761711235317 469.24700010937596 474.62979636153619 525.1768329513618 623.72549102353219 533.52737816272247 519.02382607428444 529.72860380349732 430.49021661534346 385.63944553284387 304.95630258298161 258.74757598434275 283.60323421682131 302.16999034229764 324.96790685321099 378.93942192277217 413.2218009758468
669.18547768808048 657.57447713265742 652.30502722000813 521.98345557432128 491.96855948408239 534.68579168791837 607.37693403253161 597.30734582773982 641.55946133647683 559.64782791002028 518.09013899140143 461.39336539267691 566.40320659223732 615.75175385856562 550.99154342687279 646.09628683373433 688.6378873159083 688.59892376610037 583.40561245327751 479.79199983262083 411.96468377788386 386.54897995004302 404.70067689790494 410.44683060564233 483.26991363937157 554.31744034645249 596.60750544322559 551.12510952068578 549.48036503710875 569.52793071287715 633.73199738325366 632.40864516602176 608.12588461123516 516.18667019322015 406.6310493575736 350.41128106808173 377.87264074500513 312.80046878830854 281.29801023785581 328.71709187865724 315.2597874453312 370.34265202907841 434.24165570803319
719.83131269692433 757.36573316214776 686.99660595237185 638.82513603704228 574.39361558373639 627.76918064109179 631.07757053252101 705.41099513407812 672.40882240673875 600.67267852466296 595.30689635236786 542.19070513201473 544.8832214415271 634.10654616346596 644.4028271206206 671.80465349547114 760.21323031975282 746.89939065011367 644.81223079057975 538.73104965069615 433.4079778736841 367.90695674505776 463.80567721269358 471.51283763336869 481.20578193073641 503.39388140166994 570.65605520589111 639.22393569664916 605.63570526145213 698.31762927798979 715.77988541930642 721.348022303128 599.81829480220756 496.35254647033219 409.05185710720713 442.71313119834269 466.49016244016684 380.68899507443081 393.01605206661861 318.92423567975254 378.40749964236767 336.17492012805207 355.87976221461508
682.97324235939016 808.05300416619241 778.77759019438361 683.11759238087825 620.59489137854951 703.19900578000079 692.12649494479285 790.59593522611328 725.84583455237532 665.60017663121141 694.1258569693606 637.95860045463121 585.43488921992014 619.93227839759913 726.3165315446538 732.36033369296035 810.68703331681877 737.63420613986614 603.61725172297076 505.89714438023714 413.20341778851264 448.12086189526451 523.99215413006641 552.97058658132914 526.08919059350001 549.65663398349375 619.31911843252772 689.90442641767345 712.72718161464536 754.97649343769046 822.59595826363477 742.25447360050066 607.93588907884612 499.35174035682462 470.91129790924913 546.50514627630594 504.97051522325364 469.25573074267913 411.95623030968443 358.63626335089651 422.62237233800073 447.79935821073116 462.91606727302866
751.82245235551591 803.80014922885493 832.19621343914423 764.23508405247242 720.67296964639718 752.8473434759286 807.09491326187583 842.78152188707782 773.96086736598215 762.2328137385631 795.88728466286534 706.26364379268455 656.29833316072734 696.06462759569808 745.69103366218121 824.58058217471478 861.518562522097 789.109243735836 664.64830203248607 579.8740845407026 487.57319924643127 502.01259772450209 479.24427384213385 581.97852470595569 608.36816713523319 557.91775192435955 578.88596651607816 660.85761946656521 748.94579088993237 826.75724626015256 854.03492235216811 741.62547929053733 618.71777672852761 523.92120597823555 580.22048229378163 606.70927144221992 537.81364775525424 425.76590231078768 448.14900654819428 410.72074592012285 460.49546615441244 542.26190532290786 543.41486404422835
660.1122052684799 720.21251857162758 732.8744547360136 830.01854722669941 832.68037540786997 813.72515971180314 906.16148452905838 939.05420870612397 845.46720679755686 874.8991907513597 855.93494636535843 787.48078947027443 749.21503803926828 739.57886979994726 842.53979910006854 890.69591932082324 892.75481171574995 764.47732501195185 640.69223330718069 561.66136707625435 501.82225821222886 553.42710910207961 505.93614985467514 581.37939225904483 658.70081734814005 672.56562109014089 640.93685246666541 661.55154956290869 758.60371937191121 826.675686230069 867.83304181738208 742.44506306617518 627.40789419398516 639.23173076942624 676.63178859300695 618.74774267959219 506.18099503369916 446.64608167746451 512.71336617137638 512.42934515730644 493.12098943820041 574.53496580319188 649.61793331986598
