codes_flopy/data/cartes_pz/Piezo_fromProfPz_Quat_Mai1987.grd
ncols 211
nrows 221
xllcorner 663900
yllcorner 6152400
cellsize 200
nodata_value 1.7014100000000001E+038
[rows 76 to 94 of 221, columns 0 to 42 of 211]
371.28543871389599 311.3438192422372 322.47901630524819 341.81164693590216 385.8497519141215 369.03638239569892 299.53963939730227 330.71346824281125 326.19033836283523 329.34770481009645 309.24267783077875 256.30847027187895 220.89792323918178 243.25890548230825 313.30688047336304 353.88864940056959 369.85754128091412 374.86010217106872 352.20509069424281 381.63819495494067 422.49730198208368 458.71909661921046 454.21719940210818 452.48010385155311 458.84945861805579 477.55167085190089 509.38473997695979 493.24545349841594 480.63985958450968 471.14523757633049 493.38677905313733 457.57637437506287 421.05745167384305 392.8938681671666 348.88987620495612 298.25008542589251 271.64765321081421 288.66869837291193 279.77602311921697 255.18204457754601 242.78883856757159 216.35047525622085 208.42815716630327
437.38133182094435 345.10174394006413 415.52876902599792 355.52467760869285 381.52623262071126 339.36414780163472 351.33483014982272 371.08988456682255 340.62720062781568 349.35236558844366 333.87581750654829 286.29679363073848 270.57842636480814 265.55561575652445 314.57586678625665 330.53439970282079 389.8836350501922 438.73941368452915 428.95218583292842 439.59390985601681 444.10955927291184 442.8063626065653 444.85357331593832 425.32169209588557 455.94837338127439 462.31276027609039 499.82383952120114 472.92702028228069 448.82203201109996 453.94811704180233 469.03522878336071 446.41809138740922 417.94238418497963 382.08563452287814 353.55357286740065 304.46828166492003 312.60834743857146 300.52820491130416 264.79750162037158 252.88868644596087 253.52575733550105 231.78137404350383 255.26641910334632
450.76921624487142 395.50456519791061 493.78972542303978 421.84469528077636 431.96329055671339 432.08920431757093 413.47162294245817 393.90166111720782 373.57053909871081 356.60591535866268 327.95065600882845 353.69630285274326 320.72864540141683 333.08863913456588 293.81023649106146 339.80148397743073 405.29572654905434 438.19952209491777 446.98372231083476 445.73792190449626 436.31779822742357 421.45509651521263 440.52625875840732 405.67898197708951 436.54695493270538 453.13402140135889 467.06277864438817 451.21591634060366 406.48636948771934 436.66384545418708 439.44969903814786 412.37769269814379 411.60332419945109 392.51759557979977 361.17724511023346 308.03673679265813 320.26084498750157 284.44429225138066 273.8872869203127 273.75689159998586 258.98707089865405 248.92071361515087 263.02189453761054
453.84182318101534 445.82350460159904 548.05332037582673 517.70715394461422 427.6124468219773 494.64128708556859 504.11548415716209 459.39204408646043 379.78954465417456 370.60486178858253 370.90119590306637 361.39184552156183 333.13922223887789 365.77817151740703 332.09505391360824 354.64549064658291 422.50757821295639 427.69951340302413 442.42629618290556 438.93310596779003 449.06609906466718 415.64351034579352 431.00320600332441 406.32403282360337 392.42787607548502 453.5305595475977 443.50453962802806 418.61924300868128 389.47338739340233 423.9885395968783 425.69127233678921 407.15227328975129 385.97493068411427 365.22255171284485 333.80653420896033 333.8612372340279 322.94541851452755 289.84649923506271 291.60445894520285 275.54823775415872 268.6564794117329 268.36838123380988 271.73935109755826
542.67766831435142 545.17622567833132 611.98206474928952 505.72608127325384 496.46242329076233 511.75691214786247 544.19262239566672 481.57511021834392 453.18165326994296 447.40974986042204 405.18449208877433 390.00299079136835 375.04138091416513 378.99951138907079 372.97999026399623 359.76808481854482 415.70152692195768 421.23622826832417 428.00053470304226 423.24897215811257 426.83083956402925 414.56837218159006 408.66945690180006 415.06494536052941 378.51057719521174 406.71208501801027 408.30943442116819 371.051028248347 404.73487826497444 426.17229966498928 413.83487930991464 395.14398844544354 368.635140672842 346.86779983035365 335.07476517655959 341.53303815891655 305.61259038431024 294.61579613508354 291.62813612479982 283.42472124038267 279.57353776006414 274.50557755923398 270.56660484494955
629.31130372837106 620.58583527651547 608.14736911317732 601.1796423525152 575.37049436668428 551.43727064184316 533.44674993098602 461.62376546458552 428.79333420144621 395.69802523385448 373.97974458299416 387.1587782666715 409.57015475176308 405.98835147493298 406.02100035693161 402.51082097220348 405.57550363877851 408.06808729416588 403.55416625819959 402.10363788080298 405.68470616027577 393.68921985683232 379.28052907128091 383.22900263585183 366.91856811884304 380.78975581324869 397.22510027426057 369.13782625140232 407.68531716152501 398.67582779355945 394.69954903976873 374.15255009971725 355.49383379769563 337.86471055978387 330.8120458861822 307.41132442683693 291.11105399321838 297.98150923457484 295.61820401530343 285.55434703567266 275.38304668254642 265.18301400119839 249.43851979630145
600.75465716946485 570.83153097619788 590.07814004818238 545.84934513372423 553.58495254869081 531.00614257539326 500.53028950318276 510.04813878673724 430.08653833461631 383.68304442755334 363.16847722432993 374.15561469141738 443.35906902774019 431.59616887839309 414.96873158619525 424.75987035749955 442.06005167050392 413.46497373130995 376.5591660416876 366.56994307793093 368.28762266933916 360.37490010074407 357.0554909792765 375.40639702781482 370.2603346805613 370.93054752709071 357.51218385496452 379.10741633844754 386.50776970568842 369.24361412165763 369.56901282905153 357.42138510174874 358.36450592335586 346.92299323654845 316.3816149914328 273.56742751035335 277.13596355161957 293.76053172344194 296.63524495454249 279.191678569967 271.62650804149047 270.02930264143242 238.48964414370994
550.18238682797084 551.39869903462011 551.24337551708925 503.45180589876099 531.83633642582924 504.71925782233683 500.75428396066354 463.90823659259451 415.26914415400176 380.37835791045615 355.87538143139096 359.08228982506432 410.71665937512796 396.04260032427868 403.75840363868656 405.18076121549757 400.87972904022308 422.83194304045719 397.85463509801411 369.82870459008132 336.01440443794468 344.21943029285694 364.8383599387592 360.38441882689301 348.76122525832841 350.81565621419821 351.02418529112174 365.81898109616736 377.22915529996254 367.78334250162993 346.91001183012207 357.63872914263771 343.28211588544775 337.37422106517948 304.70548144038577 282.20104311631729 250.53820347290645 273.81367264904281 293.36369380899066 276.46953352821686 248.42270196549461 257.3853972373135 249.29630823759922
552.87173822933778 511.20081568964054 506.30832396062556 481.81962604872092 486.6116504073027 464.61770349993787 450.38172551672437 423.42213901517817 401.22395635216401 373.68489832382875 348.46889789745126 343.95352942491957 358.92563767064667 343.5501828790637 365.47874958851719 399.41959868696154 372.87699639746472 380.38926454605468 387.97926941598672 351.5657347110967 326.94438129169066 388.29170774368771 390.05458661998637 345.72948771568304 331.83390272501958 337.95285872741312 362.31402118102886 365.05600007363563 366.27147558297713 337.91748778083161 334.84632909736024 323.08207786465982 334.2597433630865 334.17008241880967 309.69721602849188 295.59072441310661 277.56537678598914 240.75063382570391 264.53931102483102 269.41274467006474 239.10332335838436 227.34608659102688 235.27119178833107
547.34664899942766 511.70314731111205 457.7890380932472 450.97408112387052 455.30437497383576 455.01560440223813 420.81298282273809 404.11159145127607 452.37053544629316 435.43932047516296 383.10117918678873 331.83037496387482 343.42029164244695 357.3284558786666 409.10261038494428 424.72129866255307 383.17166563768603 353.35455495644379 363.47965806990629 380.35264049607247 329.75889884308714 348.67203908137628 352.14736677118822 334.10495073693227 349.32749400119849 395.43070782833252 361.09861427991916 368.77255638736028 375.29829012074958 337.00568715818923 287.06572708881299 288.92084891989401 332.02252781404951 342.29173012376174 332.14854037966819 297.90273583201019 294.43722460479222 266.59465164097043 223.67708192077907 260.8273447861776 253.66761019983147 221.99170479222542 211.99184229424398
525.30238260440433 493.90340475492849 496.23559351693291 446.95202489070846 458.74458319553878 466.74704854357367 444.65269820076634 395.9354682218239 397.72393206651265 364.76476379805382 313.85827907186854 314.32476256737772 311.99490727346341 348.05239636459868 379.74741994410664 370.38269734802003 383.74186699134981 372.1520697236985 338.85840093865369 357.70742226322227 338.45205096081577 317.60286977108001 320.49444716915656 318.44232718321791 335.46927329137264 352.24911927143762 317.67862771712703 350.8126940226756 380.92637243498643 330.03357679195807 293.98656769696589 300.80409762601317 365.71750523888011 382.33901891977234 359.84065640077449 281.21719884118301 262.86815007543606 259.29607874214906 238.78268096275914 222.45488632898781 228.19177145793202 235.61540505169711 227.30822089089997
476.51040830710264 471.31013887896927 447.7562142372451 444.73494955607163 420.65596450250933 402.65540604895875 411.72103669448433 385.08341267705873 352.38935640814663 342.49088061532041 321.12688091514417 337.60464217053578 335.02155448158095 295.78221006310014 339.88964968399631 342.25821546259414 312.62607492744309 321.70477465465956 311.67149759091114 341.35589780913682 316.7925778163239 321.86345106865309 324.10783035647432 345.80299050268093 359.13463400792426 306.85762888780391 297.08832592529382 304.38490668189417 314.40319047836954 311.51488991916989 265.23532322743404 299.95112012982128 317.19175419583524 320.49769415794412 302.73013380788763 296.15505220096912 286.06611533598164 249.37504998113621 252.91810754690547 239.92302501523315 210.86180911064429 204.14598293776626 210.18004915224682
455.08231193927145 440.84861928907065 415.80376895884933 413.06728344944469 408.33436213606285 391.81295879555739 401.5326830028531 403.19214994672876 372.10929655787851 336.17145649167628 351.82311996906856 343.08341683378717 313.81324542875518 305.25044728085032 312.96168158089091 306.24326865983892 294.3871210845665 271.78773249925734 308.13924695078123 315.2732465861622 296.13296082922562 313.90867854308681 350.79283005818843 372.96481969748049 337.58238787111759 314.79273734833788 308.19399921080242 273.88867905378947 284.23071976970613 291.35299130442661 276.28153224355844 281.70714370099006 281.56300942291494 283.23354823755238 276.88715159889125 278.96744285686259 281.82336519130592 262.73108843603757 233.61353785903771 255.65604067511913 243.05618519432502 199.43226611772101 184.46721816363305
431.99004457341823 403.22940701978007 413.45246219720332 387.04490560775986 391.94798662225827 372.82233443440629 380.98906605501793 383.07700628219692 363.78556815726546 342.25655935204969 364.53412178133755 352.75277195484193 322.33189719852493 297.14012665368153 290.64667982932696 284.04313985608906 289.71061546728856 284.46260492205624 284.208894020907 296.30577649108005 293.70378916875751 306.29779163770371 313.39607229897115 345.12395051709655 364.50392462877056 341.43410030225704 310.56569013691961 291.0248474729201 256.09125373926577 260.20458234596697 248.74268701715579 237.09577212927493 253.07666198432358 248.96591947180704 261.05607293858918 246.95004614331458 235.8055280561077 237.27947823381385 228.99256095636733 219.98786790855377 227.84061903671147 208.32997507422937 171.26830987530542
404.44155980614738 382.29936277388225 370.58755993501313 370.61961593413929 365.58762405916332 363.69987173810097 362.22120132882083 354.46768768612395 353.83844867916616 369.38648844916617 370.24708560356299 335.61642982530492 321.35905220968721 327.27328204987367 318.49674464231384 330.29725743670986 336.32142278007149 298.02704617811611 257.03527214426492 268.87183025181906 285.72595777926819 278.52034599317443 294.35714836442997 306.91040850498092 319.67537208585765 335.99098837699148 320.66457546822068 313.29990071157312 307.43442572782226 261.55841206187387 225.12082889505007 215.72897212898093 233.69119575349268 218.86513932486199 223.670841682743 232.85928000746566 236.89864050580098 213.32009856197391 200.7814833848991 193.11974569101486 185.45939693701811 170.02990474873855 175.7413637165632
422.56021103981942 404.48943647711758 386.10956598646987 379.72481356740292 389.95263078050436 391.0352901172601 397.73725851541985 404.15194677282278 395.84675221243742 386.92812561678079 364.10931492772056 348.91160521855721 347.71973759336248 336.49347377576692 341.30788105919208 336.77610340697959 328.67851593001956 303.57394421894406 307.70385506816018 282.60764929063777 252.30054664738981 242.46555459010656 265.81858015381272 294.31292373275841 298.43727681503839 302.12429770200617 303.70918030955721 301.32727886455928 292.03102510036831 279.559767693678 265.38102893747396 243.8830986178875 209.22983936880024 211.33706047203049 226.06704265108442 207.54744154859242 193.38242086655359 197.16813465934078 189.10397482877565 160.74204593860708 176.21642086570881 140.42097614298336 159.41555856783251
436.65545205969909 418.15016904548395 403.78862186489732 404.91165464302782 401.58868056803487 405.30972192715211 402.47046064298485 410.23602677120198 405.36249646738008 385.57927155023435 370.96450467318743 393.63363250361817 366.08143396265064 366.04396470782405 381.71045274400268 341.22139753791288 323.95690283904128 330.14212880080214 335.80070478031075 328.19800759660973 306.25161614190534 256.23356442590739 242.8012585954767 278.25596426620814 274.88734151505525 292.90404399902292 294.7142927934504 304.06782035947276 301.87578056102797 255.51030012605452 232.67762622972506 225.92191754290556 218.90073548966024 223.5436292623163 194.5155588935998 200.15077965414756 185.43583657535939 175.18745657905106 167.92262313898868 169.26942496556262 141.79941137714599 128.29119782313836 125.53303790408417
440.3145176667602 425.76213148063044 422.08573694078592 426.26254621067795 432.34076511473307 431.7184674299657 425.84896658642725 401.17840319880463 398.48513170730644 370.7153850570499 374.28842439672098 387.80909464393244 386.39786034864909 394.38807900542128 387.43278952490965 389.21653509579482 366.34137983627875 353.92885492535947 316.40434139452719 292.03379831929726 275.05288843639613 267.24746761590603 259.32894453699009 224.46392098449229 259.95014809524326 280.6539563318787 278.5616485965038 287.65827873840965 287.12180569655317 253.04421540643986 227.80364076169761 216.38397230683955 214.42619746914485 218.26815462789972 188.92334508783185 160.6968692003536 147.63150936713902 133.8775293260268 150.60473322197547 161.45249826083185 119.61918702730226 115.12427249687906 110.57503193834192
444.53338568450465 443.15534788693247 445.0861064662887 440.13953976324171 432.01355467834372 431.47325678918781 425.0592345720309 426.90878596418059 424.29581981512609 412.28363544326578 404.51438416597392 389.62477035593759 408.58243658041152 407.22222086937018 406.26949464950559 405.48792433779658 401.27518877285797 383.73419928812518 347.92781477909881 322.9882552440028 295.57606643895423 290.20350441638681 280.40504003852436 265.54799038503256 244.17281044705589 242.15264687581251 274.89159449955628 300.08650106592989 294.79850339108708 283.86844511684711 253.59560510726007 226.15489031210154 201.38382796074066 200.7732391699565 198.80948807744474 155.25336162017658 133.79292116516635 123.42395724763166 131.29947227733129 115.84152949913404 116.84193108933599 111.08268064608649 109.68531161780669
