codes_tests/data/T&K/Benoit/Log_Plio_profCrepines_075_100m.grd
ncols 85
nrows 89
xllcorner 663750
yllcorner 6152250
cellsize 500
nodata_value 1.7014100000000001E+038
[rows 0 to 18 of 89, columns 0 to 41 of 85]
-4.4903565501718878 -4.4903510048182822 -4.4714809148913099 -4.4714748335392542 -4.5102875328616605 -4.4630204615332465 -4.4635537828365885 -4.4635442563622911 -4.463534268803893 -4.4635238896885587 -4.3898028937803186 -4.3550648474128737 -4.3968020141273891 -4.3704470117666681 -4.3372788706808354 -4.3372882672748867 -4.331060076608324 -4.334145397728455 -4.3107110943081812 -4.2945263054707095 -4.3204446331934241 -4.2825304175315013 -4.3028622374288465 -4.3270821476905974 -4.3428379607455145 -4.3257683045489674 -4.324447569909494 -4.3394842295267182 -4.3396087618447448 -4.3448015280026793 -4.3740361058660859 -4.3676022613709762 -4.3677600360025153 -4.367935985766092 -4.3468733557902883 -4.3363552843420852 -4.3473694495003974 -4.3670262429770448 -4.3469337701636261 -4.3472139614937788 -4.3494889240273062 -4.3473287633982904
-4.5091295742350654 -4.471483943754027 -4.471477208473547 -4.5102865734787203 -4.4630254726488587 -4.4630149931180076 -4.4635445220885455 -4.4635331221549297 -4.4635211176139356 -4.374182854851199 -4.3613509382747431 -4.3304259868933359 -4.3929470157536157 -4.3665063699119795 -4.328903502392361 -4.3368130089490986 -4.3288057976107979 -4.3106941541388366 -4.2931154501057893 -4.3208083070679049 -4.3261512601900964 -4.3435397038736836 -4.3435815592702633 -4.3613947850041752 -4.3256860486254149 -4.3345248089274557 -4.3393867408920217 -4.3445609438995554 -4.3446928337874899 -4.3407481336358966 -4.3461081497241141 -4.3463115838018593 -4.3465418682665087 -4.3541227662864879 -4.3470508273525637 -4.351655539148978 -4.3491828255423064 -4.3444453786424759 -4.3448137649435798 -4.3539138549532765 -4.3547109613309383 -4.3373661754862356
-4.4714885147851815 -4.5102958029830784 -4.5102870455132686 -4.5102777499216273 -4.463021150380051 -4.4251543675675675 -4.4635342339005453 -4.389813321381868 -4.3800282469377869 -4.3613558824294847 -4.3553480180823065 -4.3932251538076876 -4.3677389210554169 -4.3566660251236371 -4.3310355183522056 -4.310711870137002 -4.3106816833952815 -4.309001578788104 -4.3161274756333965 -4.3261163230452091 -4.3437438858138231 -4.3435260212850295 -4.3704007337890793 -4.3633431649639567 -4.3714654192520985 -4.3719602227903458 -4.3773857914230376 -4.3404593528554036 -4.3186879265535971 -4.3459655387868255 -4.3535183430447173 -4.3537340418371961 -4.3331584717589351 -4.3484309003746917 -4.3487626918430902 -4.3491281706898901 -4.3444525554389291 -4.3541174993739382 -4.3545406567720981 -4.3549670222196761 -4.3588669160992666 -4.3487691110993376
-4.5102989286773347 -4.5102892686438816 -4.5102788723947693 -4.4894934418266992 -4.4251673606139192 -4.4635379791839638 -4.3952966661622321 -4.3800368142694595 -4.3780807733831937 -4.3553560655231411 -4.3340949562765081 -4.362091441829004 -4.3566619755612788 -4.3310360574304561 -4.3107107312058819 -4.3089669421743633 -4.3089893144398923 -4.3161070725574557 -4.3260862597618921 -4.3437015717941856 -4.3434736253512085 -4.3703319259360232 -4.3632634829060946 -4.3713700068700199 -4.3756859483114807 -4.348879976055402 -4.3513243574912295 -4.3514401647113905 -4.3588782204433629 -4.3502770734153353 -4.3504922535594979 -4.3380155613271016 -4.3482429850890822 -4.3485869462336915 -4.3489758293822032 -4.3535870968324524 -4.3540483384800304 -4.3545459933250372 -4.3474988665667027 -4.3611162802524683 -4.3476479873977016 -4.3460487850859426
-4.5102935600638636 -4.5102821447017494 -4.510269811541268 -4.463026590608961 -4.4267505452797726 -4.3953093788647823 -4.3781029981774724 -4.3780925511823812 -4.3553697465964376 -4.3341107343469716 -4.3885775220390499 -4.3516095664577046 -4.3580131260064912 -4.310717030503838 -4.308976748784108 -4.3089847105279455 -4.3320512851046917 -4.326063286345093 -4.3436657593796433 -4.3436773541290821 -4.366305971059778 -4.3631877023272576 -4.3712770146620405 -4.3448562183747077 -4.3661494634771918 -4.3511881623979232 -4.351284992991669 -4.3555867062433569 -4.3845231023673339 -4.379837153298026 -4.3671246244338233 -4.3479936668890016 -4.3483344614243347 -4.3582574006600954 -4.3386398028142352 -4.3538452204426328 -4.3543954663995468 -4.3654537675035421 -4.3561147007360299 -4.3431343835383389 -4.3418581878382199 -4.3669280775441521
-4.5102879321821803 -4.5102744564178288 -4.50458926238539 -4.4267692171821675 -4.3535896265946405 -4.3781217396490613 -4.37810993305499 -4.379147100302168 -4.3622972494441248 -4.3295333212590172 -4.3540171549854758 -4.358018895072413 -4.3335877048818432 -4.3089872981696917 -4.308989462411942 -4.3320442171285656 -4.3260495338729656 -4.3300729361714172 -4.3436394321191125 -4.3338698848584993 -4.3631191951407482 -4.3440903612549997 -4.3399594322139379 -4.3498792348746855 -4.3509908862145092 -4.3562413080771538 -4.3563290592552661 -4.3564445612634479 -4.382992817236893 -4.3662974534457719 -4.376325293902565 -4.3779738904107024 -4.3853017029376815 -4.3345865367416927 -4.335171400801638 -4.342147400818682 -4.3608662854409506 -4.3615533677937588 -4.3567158905512002 -4.3420039689686769 -4.3671741163443469 -4.3679712008033054
-4.5102821523921737 -4.5045964184582301 -4.3552584139596737 -4.3536228331993163 -4.3406109248024114 -4.3781334797561851 -4.3791691290331052 -4.3623213822031097 -4.3341563747084129 -4.3795814002077336 -4.3532532910719954 -4.3340525862419081 -4.3335980426650007 -4.3090135382380801 -4.3320479827464 -4.341406398720931 -4.3300602537212312 -4.3436126488820621 -4.3337998593173763 -4.363360245680056 -4.3453776225115011 -4.3413527093905078 -4.3509320104317286 -4.3659877935513949 -4.3560839708890704 -4.3561435575134171 -4.3562284467968366 -4.3713721607786038 -4.3660088539060737 -4.3774316514259981 -4.3762474795929522 -4.3764800703081308 -4.3581643409205171 -4.358614316352984 -4.3491218731770944 -4.3604173352172655 -4.3611383721215224 -4.3573582719124087 -4.3461755533294859 -4.3678166069069064 -4.3688261036839382 -4.3698551672621164
-4.5046072658232523 -4.3870866928089782 -4.3536609482082458 -4.3536523993748384 -4.3406434251678663 -4.3791984227798668 -4.3791802258571533 -4.3623371086645992 -4.321849813167038 -4.3399352795144104 -4.3340794222788688 -4.3336201858920251 -4.3090418209471117 -4.3322226519499782 -4.3320507577959031 -4.3260507149979155 -4.3445437530747846 -4.3350284347136352 -4.3248561506021872 -4.3412800770922528 -4.3412815164485936 -4.3424242881795942 -4.3647383421257757 -4.3757027346816928 -4.3594994605868091 -4.3595422792141374 -4.3474736530626359 -4.3727855648443255 -4.3651499607863373 -4.3811622531250114 -4.3856150143807842 -4.3674964573142336 -4.3623860516788131 -4.3734921759931451 -4.3858229182142869 -4.3863566868441017 -4.3599796295342559 -4.3607875448501616 -4.3700799291931363 -4.3820417008828567 -4.379723182938374 -4.3870941113918454
-4.3829911201270244 -4.3530394613432914 -4.3536976255657525 -4.3496237740955817 -4.379235567550352 -4.3792166184786065 -4.3623769757926008 -4.3218993881570391 -4.3641918359077723 -4.3241873596157339 -4.3336556592567428 -4.3336408532086814 -4.3150806627983727 -4.3334785159097695 -4.3424629820496641 -4.331465716519495 -4.3350223548821525 -4.3082483086408025 -4.3491421227323004 -4.3458645021094551 -4.3482814503186642 -4.3612668171109359 -4.3807161819744813 -4.3635824683785032 -4.3643793147705496 -4.3676312875753966 -4.348925726268595 -4.3733423367419384 -4.3850707214680043 -4.3851553585965286 -4.3669784778416254 -4.3660783751342693 -4.3769317174825142 -4.3889959583449141 -4.3894432955097056 -4.3900064102438208 -4.3884004055010184 -4.3695405106935716 -4.3848436315483799 -4.391548205782553 -4.3933266320727888 -4.3874950050918677
-4.3830262633323898 -4.3537487617386548 -4.3496787139688449 -4.3443760978747665 -4.3792621984097231 -4.3792398064619373 -4.3450168979395141 -4.3074024630764294 -4.3462424101008779 -4.3286349436572404 -4.3336868142884875 -4.3351828600720612 -4.3342359977496709 -4.3424925159624106 -4.3314904730266068 -4.3434698050213481 -4.3147716126927831 -4.3484344150971834 -4.3490749384180427 -4.3539231558187996 -4.3645663517275048 -4.3665052510497651 -4.380514317163227 -4.3634016765329111 -4.361798303579973 -4.3486636419187503 -4.3801334035403876 -4.3846834543442545 -4.3847006204072185 -4.3652559793159416 -4.3654719981855639 -4.3762352958917425 -4.376562641327542 -4.3885560399773542 -4.4002265189070791 -4.3980996664451331 -4.3863840332804944 -4.4057965430659038 -4.3882309000661355 -4.3901243102909406 -4.3879486708721913 -4.3759008219674698
-4.3531415939896094 -4.3497405343261324 -4.3444424178294243 -4.3444324947005972 -4.3792955383072805 -4.3624673277421078 -4.3450656907485312 -4.283375384410447 -4.3243013801594419 -4.335266913989031 -4.3352410473652219 -4.3583769235341387 -4.3342588872026457 -4.3511748305602556 -4.3148226016857274 -4.3213558204905897 -4.3200820065285823 -4.3516235550490414 -4.3538902261370156 -4.3608848634778328 -4.3664180392051994 -4.3663339874331566 -4.3741226722180073 -4.3616093194534065 -4.3484321224554607 -4.3549378203333706 -4.3885386924591421 -4.3842693852705166 -4.3825544978871154 -4.3648725759995957 -4.3755335960895669 -4.3757505858865207 -4.3877714662644154 -4.3966255986328839 -4.3993306873867821 -4.3917989500981598 -4.4043406595133909 -4.4052058896988395 -4.4033919757701545 -4.3833808344116605 -4.384026810911533 -4.386335448311538
-4.3640784167411137 -4.3445166588470077 -4.34451097511832 -4.344500516111558 -4.3793371553483098 -4.3451457424780138 -4.3019624594889452 -4.3474684425209418 -4.3305116791310123 -4.3353191356627647 -4.3409929642217708 -4.3673868831645457 -4.3477903788401289 -4.337876703342987 -4.3214118768246372 -4.3260799709861972 -4.3516370353029838 -4.3490011782054641 -4.3608549331187749 -4.36636090149669 -4.3601840560167284 -4.3740001045365036 -4.3771035356325152 -4.3482403528612243 -4.3546893015755499 -4.3546508473448204 -4.3880753015135188 -4.3820812183968076 -4.3643068406962913 -4.3748588298500168 -4.3842830447351933 -4.3843970161264796 -4.3955431936940803 -4.3957804850536384 -4.3936605041344237 -4.4073372712209844 -4.4000959517566169 -4.4014253730572097 -4.4117316103893902 -4.398832278296573 -4.400846344493436 -4.3869679855341666
-4.3420759949701253 -4.344598543585918 -4.3445933346416874 -4.3445824726113891 -4.3669140672080458 -4.3368806724221551 -4.2873720392974999 -4.3468129135046869 -4.3305883158727685 -4.3453269642937498 -4.3620733591869989 -4.3689510871333175 -4.326893759537727 -4.3214966349357962 -4.318137515185458 -4.3178343649217945 -4.3515830952677765 -4.3608566638303792 -4.3629983170444717 -4.3601389476089354 -4.3600104613140829 -4.3769805777632191 -4.3627309457079413 -4.3544899718632761 -4.3543920529436662 -4.3638095740433416 -4.385774772606057 -4.363797168937591 -4.3676465690853457 -4.3835368326676702 -4.383507641658646 -4.3835574406082367 -4.4030232459470335 -4.4107387629002126 -4.403252930298974 -4.4056011813788301 -4.4152000571811154 -4.4161173812421648 -4.4029583517468067 -4.4046212535724383 -4.4067273735284855 -4.4177848481050059
-4.3512086162476535 -4.344696550282209 -4.3446921896098445 -4.3325305497371183 -4.3463495510520502 -4.3060321784617379 -4.297998817001571 -4.336706010997962 -4.3361970180354419 -4.3688301382893302 -4.3690464278294128 -4.3481698134252156 -4.3222530602980402 -4.3182475319219007 -4.3237595526380312 -4.3178772249128885 -4.3636159052099952 -4.3607507412699258 -4.3567585709264973 -4.3599772631053035 -4.3632891390233643 -4.3777786538746462 -4.354751576804917 -4.3541937034822658 -4.3635409354130905 -4.3759374067393475 -4.3744856381077932 -4.3739561002753771 -4.3827946064146275 -4.3826231406658405 -4.3825077061583446 -4.3824695542364793 -4.4005081142198108 -4.3894829885099034 -4.4125056007508929 -4.4050866189828399 -4.4058420310811073 -4.3958779736056348 -4.3942851415189184 -4.4047241376236599 -4.4069351862434827 -4.4097602580512083
-4.3448095501456949 -4.3448137563727052 -4.3448107463201575 -4.3345616040210109 -4.3386393143426076 -4.2876920749060314 -4.3571498547806078 -4.3398609108821171 -4.3438922814569523 -4.369172315064656 -4.3393879609327888 -4.3572064424252339 -4.3344281736197354 -4.3238929428948865 -4.3180040476028321 -4.3592505846120364 -4.3572632032046865 -4.3567976648978552 -4.3599888008088286 -4.3597987053725404 -4.3777095259948275 -4.3527069381110683 -4.3442126170261224 -4.3450601364160821 -4.3614211709854285 -4.3799717429720735 -4.3738208206128677 -4.3791751984078724 -4.3788879388438566 -4.3786347066374915 -4.3784338158362308 -4.3830604263106565 -4.3926592197340018 -4.3984092575116334 -4.4002634958157936 -4.4007027135294772 -4.3904664104992452 -4.3884878261055835 -4.3984211739524444 -4.4001343972090323 -4.4108705650353333 -4.4169346053174143
-4.344946251475637 -4.344953812630262 -4.3347184266729917 -4.319645130234905 -4.3184558553135366 -4.314701231852708 -4.3594680884329664 -4.3440689337945297 -4.3690295531815666 -4.369224909202166 -4.3483830865047386 -4.343478082099554 -4.3163296112488796 -4.3239812810822009 -4.3263719804684353 -4.3573659894679739 -4.3546198893236445 -4.3566880610894083 -4.349768468701412 -4.3543256615502921 -4.3496324550112595 -4.3662336186947286 -4.350138257547159 -4.3581415130490022 -4.3691614732991084 -4.3734670497498538 -4.3787145364789932 -4.3783027618728791 -4.3779001626768643 -4.377521195120929 -4.3798833257335827 -4.3980814224966727 -4.3965240872179114 -4.4084744341795892 -4.3983632194281332 -4.3876542599458546 -4.3938929746699946 -4.3945291060214622 -4.395580055802971 -4.4055861026173098 -4.4086155875786073 -4.4116934165505812
-4.3461894634905507 -4.3348901354083536 -4.3248275172477904 -4.3330110705100964 -4.3228406807676878 -4.3149379063822488 -4.359601238469021 -4.3442193516290848 -4.3694198345335495 -4.3397006539854939 -4.3574425072955449 -4.3372217030441522 -4.3241962049100655 -4.3183022227424743 -4.3463133274404351 -4.3573170905774115 -4.3467003585948349 -4.3420339924538691 -4.3512353594511683 -4.3620319995086234 -4.3675959242358937 -4.3642202305559294 -4.3485703595658256 -4.3689923280789786 -4.3685687111622125 -4.3771133274240857 -4.3778502055166131 -4.3773148906246711 -4.373609511033953 -4.3789449084812482 -4.3904912686412167 -4.3991306477429664 -4.3947268663935937 -4.4060333780495684 -4.3850950977482714 -4.393822639530244 -4.3908908791567116 -4.3912558306289515 -4.40050676207 -4.4030669334996615 -4.404633732123842 -4.4069827108889124
-4.3463818820681563 -4.3351014711071025 -4.3332305563277274 -4.2959182850502851 -4.315165146913138 -4.3151889125937206 -4.3601709112701235 -4.365764758295585 -4.339962550424616 -4.3487349499991552 -4.3405081648970709 -4.3498092479906294 -4.3243518478768364 -4.3209465758462686 -4.347157886908807 -4.3437080393241061 -4.3434998475880375 -4.3580483803980794 -4.3621209953234654 -4.3537270628207505 -4.3642408297443689 -4.3638471242950034 -4.3683980420599173 -4.3684318550938999 -4.3455971442907266 -4.3809956447924163 -4.3768856812024701 -4.373043025124197 -4.3782061756050616 -4.3895523552523565 -4.388689915385136 -4.3930162689562202 -4.4042664267559894 -4.396246937389698 -4.3911463492511071 -4.3876387389791729 -4.3873435405312158 -4.3958803604550862 -4.3964502775642744 -4.3980531795546245 -4.3991498446253816 -4.4006047271724489
-4.3353166814532047 -4.3390315841932097 -4.3168337547265798 -4.2962443224838243 -4.3154634256262838 -4.3154887063385647 -4.3406480297450001 -4.3362599478744972 -4.3401834567982842 -4.3536242143579731 -4.3376696860489794 -4.357980013811912 -4.3121105756221159 -4.3091978878493133 -4.3439639979259335 -4.3459680413532489 -4.3551071298114792 -4.3622733700893717 -4.3603223040376538 -4.3535164392267172 -4.3639068980042888 -4.3738569302940276 -4.3678829267000463 -4.3678210146614003 -4.360613361319218 -4.3800457419628316 -4.3726592831575726 -4.3718410095909563 -4.3870059046011187 -4.3877692479392705 -4.3866633963984931 -4.394550158072219 -4.40143695927474 -4.388881643804627 -4.3877848829690302 -4.392798563628932 -4.3918336053996585 -4.3915765564754681 -4.392211169296254 -4.3921500775746853 -4.3902789631925119 -4.3915781739266482
