codes_tests/data/T&K/Benoit/Log_Plio_profCrepines_150_200m.grd
ncols 85
nrows 89
xllcorner 663750
yllcorner 6152250
cellsize 500
nodata_value 1.7014100000000001E+038
[rows 57 to 75 of 89, columns 0 to 41 of 85]
-4.5122024676719708 -4.5122393480919953 -4.5122786253041482 -4.5123205087449358 -4.5123652285040174 -4.5124130371130127 -4.7054224286401762 -4.7055194462944208 -4.7056270305585288 -4.7057463724910837 -4.7058787918519887 -4.7060257457658583 -4.7061888358206101 -4.7063698127016167 -4.5999117971640793 -4.6000603207849062 -4.6002195019891303 -4.5861313717186816 -4.5862897455803662 -4.5864576903418657 -4.6049704898353587 -4.6052508646534802 -4.6151050114825951 -4.6154565578354179 -4.6181238192247802 -4.6185277281841834 -4.6559520917219981 -4.6567178990638691 -4.6720927137088539 -4.7381916174647838 -4.7289559589081183 -4.7393194681620825 -4.7412240060870285 -4.7496055699694804 -4.7519093880734102 -4.7542275980356807 -4.7638468710710065 -4.7664138893765386 -4.7618810293432734 -4.7644221791962718 -4.7674586552199587 -4.7700710368538903
-4.5122896626071469 -4.5123288213723303 -4.5123704404818854 -4.5124147239369377 -4.5124618941005208 -4.7067427606992966 -4.7068688504818113 -4.7070060832432699 -4.7071555777937579 -4.7073185633630743 -4.7074963863615471 -4.7076905159384408 -4.7079025477090957 -4.7081342049098627 -4.7083873361643551 -4.6021254304106041 -4.6023375483407536 -4.6025623455450955 -4.5885324521724566 -4.5887563207031192 -4.6074223092848374 -4.607763220062207 -4.6081215055447364 -4.6180907194869363 -4.6208204390777494 -4.6212858938802928 -4.6323820717361759 -4.6598776720731871 -4.6672777398062912 -4.7424657705240243 -4.7331238907715276 -4.727512061079552 -4.7451784044937639 -4.7536562072591177 -4.7559551433116205 -4.758259982034108 -4.7679914931692018 -4.7705379228082334 -4.7660200107473196 -4.7685377264984492 -4.7715597031755292 -4.7741407975800261
-4.5123749557769663 -4.5124161841970629 -4.5124599129539815 -4.5125063380035559 -4.5125556711620085 -4.7081569624588289 -4.7083214104203899 -4.7084985932157437 -4.7086896710527339 -4.7088959063315032 -4.7091186681158339 -4.7093594351848518 -4.7096197971225466 -4.7099014528441812 -4.7102062059465775 -4.6041784238177392 -4.6044426136001668 -4.6047208198077616 -4.6050134711018327 -4.5910379145112623 -4.5913285651689115 -4.6102570933394276 -4.6106758806460117 -4.6207063484897164 -4.6212017562512617 -4.6240253791893258 -4.6245722125068864 -4.6630135939063369 -4.6681825077770558 -4.7466946585654917 -4.7372459157050946 -4.731568697889621 -4.7334699517964811 -4.7576786881310786 -4.7599808228110998 -4.7622790499705925 -4.7721274261567643 -4.7746558337050899 -4.7772273784636647 -4.7726440549691773 -4.7756489722987823 -4.7781949492308762
-4.5124582031813079 -4.5125012911316267 -4.5125468973616982 -4.5125952076253917 -4.7093851973640861 -4.7095744594445605 -4.7097768788596603 -4.7099935613726958 -4.7102257036569588 -4.7104745970244366 -4.7107416300230849 -4.7110282894854016 -4.7113361595595862 -4.7116669182273059 -4.7120223308286953 -4.7124042402012858 -4.606530556739072 -4.6068611898879128 -4.6072075517673223 -4.607569850309754 -4.593644365139248 -4.6127275714465039 -4.6132062251738173 -4.613703152365539 -4.6238546601345263 -4.6244312222942794 -4.627348329592361 -4.6661188980616277 -4.6671231916511102 -4.7302235642742563 -4.7413168445537792 -4.7355772248883694 -4.7375153686855098 -4.7552268609746555 -4.7639774060399143 -4.7662751362188214 -4.7762446197525126 -4.7787582088772167 -4.7813081722558612 -4.7772348622654155 -4.7797281007866932 -4.7822274720317424
-4.5125392874947963 -4.5125840264944541 -4.5126312814820633 -4.5126812263121323 -4.7107670135610595 -4.7109922710763801 -4.7112321065126537 -4.7114876629964142 -4.7117601691455446 -4.712050941396952 -4.7123613850906771 -4.7126929939323272 -4.7130473474197965 -4.7134261058053282 -4.7138310021829453 -4.7142638313583145 -4.7147264352862539 -4.6089792397650911 -4.6093782308102913 -4.6097944311811592 -4.6102277856936764 -4.6151697107004219 -4.615707456445687 -4.6162643445538185 -4.6168392368253093 -4.6271154145674505 -4.6277715228450349 -4.6627715705392303 -4.6702526723198767 -4.7355566570399619 -4.7453315217586978 -4.7395328914146582 -4.7415109198841163 -4.7435525796715536 -4.7545821879643997 -4.7702407290819648 -4.7803351474776301 -4.7828374826723321 -4.785367886341847 -4.7880088180365803 -4.7837749150751172 -4.7862331124649664
-4.5126181167183956 -4.5126643025819613 -4.5127129839285658 -4.5127643214623046 -4.712146890990109 -4.7124075011391655 -4.7126840378934984 -4.7129776769783032 -4.7132896746658197 -4.7136213689678552 -4.7139741795175993 -4.7143496057928855 -4.7147492233027277 -4.7151746773432004 -4.7156276739337954 -4.7161099675762568 -4.7166233455346358 -4.7171696084072625 -4.6115211778537741 -4.6119901050365302 -4.6124774992913826 -4.6175785268198215 -4.618174411307078 -4.6187905341801079 -4.6194256436703842 -4.6200779753465255 -4.6304812061048963 -4.6335522830978535 -4.6733389272102661 -4.739471207872791 -4.7455787154791569 -4.7434306977300817 -4.7454515493868081 -4.7475279217297848 -4.7586876514319965 -4.7609791068976657 -4.7718595672465938 -4.7868875708794141 -4.7894008872304132 -4.7920170008866076 -4.7877929538786308 -4.7902073921198314
-4.5126946225216606 -4.5127420575745729 -4.5127919515317103 -4.7132430655662745 -4.7135221736136179 -4.7138173500443106 -4.714129723757587 -4.7144604983835441 -4.7148109536291134 -4.7151824455701128 -4.7155764055994718 -4.7159943377060909 -4.7164378137277829 -4.7169084661976326 -4.7174079783872829 -4.7179380711412406 -4.7185004860856745 -4.7190969647654137 -4.7197292231802006 -4.6141523749912619 -4.6146925319986272 -4.6152522148475539 -4.6352351184837826 -4.6212762401628504 -4.6219708999683942 -4.6226839721564579 -4.633149174761046 -4.6339443572107788 -4.676375821329529 -4.7433194419313356 -4.7321575015690875 -4.7434319185428659 -4.74933190786758 -4.751447117997456 -4.7627394777143568 -4.7650529063562246 -4.7760749614264171 -4.7785542227155879 -4.7934026731847039 -4.7959952155664674 -4.798485991376408 -4.7941551888739102
-4.5127687583653229 -4.5128172532303603 -4.5128681565255082 -4.7145787106132859 -4.7148903040386365 -4.715219126297189 -4.715566332816449 -4.715933150400903 -4.716320877905682 -4.7167308858342532 -4.7171646145870891 -4.7176235710530205 -4.7181093232002711 -4.7186234922893586 -4.7191677422930649 -4.7197437660638162 -4.7203532677246143 -4.7209979406567042 -4.7216794402849684 -4.7223993505784287 -4.6168681561667189 -4.6174806099828567 -4.6375976325484176 -4.6383655387718941 -4.6244690757045985 -4.6252422794238122 -4.6260329344894284 -4.6366261366472452 -4.6738278270046489 -4.7470946589489484 -4.7491125773085283 -4.7482407444850097 -4.7531460441556233 -4.7553044421221156 -4.7667322042031852 -4.7690730819962344 -4.7802401426826417 -4.7827264430441847 -4.7852066693486774 -4.7882386570250182 -4.802393069593645 -4.8048204427734804
-4.5128404974860814 -4.5128898724617477 -4.5129415936502157 -4.7159057157848698 -4.7162488336735811 -4.7166102569655877 -4.7169911625216141 -4.7173927954619241 -4.7178164693217886 -4.7182635651344764 -4.7187355291847917 -4.7192338691405453 -4.7197601482304465 -4.7203159770927217 -4.7209030028649428 -4.721522895014699 -4.722177327310594 -4.7228679551855768 -4.7235963875254061 -4.7243641515942567 -4.7251726493577983 -4.6196631565617903 -4.6399105972912453 -4.6407333018448815 -4.6415831504301153 -4.6277463424682441 -4.6285980724708091 -4.6294659561436475 -4.6401873081921412 -4.7563457445824984 -4.7528694286535433 -4.7521492241221113 -4.7530348510586213 -4.7590933214418056 -4.7700381513644947 -4.7730343454526905 -4.7754114113042307 -4.7868493834122106 -4.7898996492044885 -4.7923544475459119 -4.7947708024489204 -4.7971459680611668
-4.5129098308157758 -4.5129599168775316 -4.7168664534378193 -4.717221860226628 -4.717595432101592 -4.7179882973901481 -4.7184016491399561 -4.7188367457270068 -4.7192949106248889 -4.7197775311270362 -4.7202860557819744 -4.7208219902658843 -4.7213868913752348 -4.7219823587721432 -4.7226100240510007 -4.7232715366092819 -4.7239685456868203 -4.7247026777709973 -4.7254755083313427 -4.7262885265259511 -4.7271430910968597 -4.7280403751380362 -4.7289812967997351 -4.643043939451756 -4.6439482433570785 -4.6448800642051218 -4.6311009839261841 -4.632031344469195 -4.6329762970494608 -4.762445377189974 -4.7621085954232765 -4.736796209326438 -4.7579605779086238 -4.758928869817769 -4.7650860507862829 -4.7769304890929218 -4.7793392186092767 -4.7909195742385684 -4.79398530620196 -4.7964251233347284 -4.7988063215636831 -4.8011263682206904
-4.5129767648963712 -4.5130274043584526 -4.7181412310726198 -4.7185250396884628 -4.7189278954356668 -4.7193509398973816 -4.7197953768715175 -4.7202624726745928 -4.7207535556339018 -4.7212700145767492 -4.7218132960958235 -4.7223849003350544 -4.7229863749987739 -4.7236193072351371 -4.7242853129776119 -4.7249860232387544 -4.7257230667287224 -4.726498048004756 -4.7273125201329993 -4.7281679505463039 -4.7290656783994534 -4.7300068612540311 -4.7309924083798229 -4.736395935778245 -4.6462478933270566 -4.6472338651368599 -4.6482476585214805 -4.649286612609222 -4.6355347298650482 -4.7412326361198884 -4.7681801007484728 -4.7528885485869443 -4.7660411406654664 -4.7638300290486528 -4.7648672549333826 -4.7807536176436045 -4.7832035448027623 -4.7949330048509395 -4.798021289891758 -4.8004498467920396 -4.8027951159123212 -4.8050548083213078
-4.4709416091257994 -4.5130923667211995 -4.7194022321234481 -4.7198132737168583 -4.7202441538258082 -4.7206960216660567 -4.7211700861369383 -4.7216676158927839 -4.7221899386430994 -4.7227384395088512 -4.7233145582352458 -4.7239197850293797 -4.7245556547522165 -4.7252237391450924 -4.7259256367072755 -4.7266629597567436 -4.7274373180936671 -4.7282502985356176 -4.7291034393945521 -4.7299981987072304 -4.7309359147031138 -4.7319177565895751 -4.732944663249528 -4.7340172668775971 -4.7395454776104922 -4.7407350817803815 -4.650580532170455 -4.6516763845831024 -4.6527972265973041 -4.6391001997012298 -4.7716228131019669 -4.7571052338350102 -4.7492223165386536 -4.771861459435633 -4.7697410015641974 -4.7815884228218044 -4.7869960408530208 -4.7988843112155317 -4.8020052290415078 -4.8044281546829577 -4.8067367258390519 -4.8089289688131709
-4.5361735549032423 -4.4711248066745615 -4.7206476821858905 -4.7210847118390342 -4.7215422779377914 -4.7220215315537564 -4.7225236808240076 -4.7230499908411465 -4.7236017828217332 -4.7241804324002343 -4.7247873668721843 -4.725424061182542 -4.7260920324210334 -4.7267928325434259 -4.727528038982423 -4.7282992427396779 -4.729108033455665 -4.7299559808297662 -4.7308446116011806 -4.7317753810936072 -4.7327496380633223 -4.7337685812598993 -4.7348332056941516 -4.7359442360787698 -4.741523648789185 -4.7427532477513763 -4.7440301537674046 -4.7453529833061197 -4.6551553491904585 -4.6563586679730768 -4.7729163105897534 -4.7773690610936335 -4.7526966754732278 -4.7752535875456186 -4.7777180040116471 -4.7756778798251389 -4.787793814464508 -4.8027653634717282 -4.8059337059073961 -4.8083598139662858 -4.8106308549334234 -4.8127453343591249
-4.5362048157786878 -4.5362290801165424 -4.822596267473652 -4.7223376387760982 -4.7228204844240524 -4.7233256158834234 -4.723854234467737 -4.7244075955267695 -4.7249870075181146 -4.7255938302787639 -4.7262294723448752 -4.7268953871452535 -4.7275930678665201 -4.7283240407536633 -4.7290898565662056 -4.7298920798544817 -4.7307322756487213 -4.7316119930612972 -4.7325327451843799 -4.7334959845149625 -4.734503072948435 -4.7355552451374514 -4.7366535636918519 -4.7377988642554483 -4.738991687856176 -4.744690115141446 -4.7460039176817874 -4.7473653553220387 -4.7487727101052464 -4.7502232259697514 -4.7759560270616781 -4.8034374534986437 -4.7709313920631926 -4.7581309558683431 -4.7826237197860682 -4.7835968796937953 -4.7977037014044637 -4.7939834222831124 -4.8098007280498294 -4.81224455805439 -4.8144770370277632 -4.8164975438625586
-4.5362349166127247 -4.5362592874584653 -4.8235663981639423 -4.8238891850029173 -4.7231954510790244 -4.7246065830976001 -4.7251599952467638 -4.72573861594649 -4.7263437342823797 -4.7269766874994854 -4.7276388584072127 -4.7283316717856758 -4.7290565896284011 -4.7298151050315846 -4.7306087345097652 -4.7314390084798958 -4.7323074596085739 -4.73321560865823 -4.7341649473947296 -4.7351569180273447 -4.7361928885365492 -4.7372741230950259 -4.7384017465816344 -4.7395767018872021 -4.7407996982388934 -4.746539965782917 -4.747885383576735 -4.749279967799322 -4.7507226799587006 -4.7522116856210568 -4.8696251486572537 -4.8721079279071828 -4.8591921773442355 -4.7761722029276994 -4.8017588885424685 -4.7884292922909149 -4.8134798905498837 -4.8038384197629682 -4.814861532086109 -4.8160815609274232 -4.8182739209905083 -4.8201725487402882
-4.5796264440112191 -4.5362883008234514 -4.8245235031657225 -4.8248668646962187 -4.8252269031002282 -4.8256046432681403 -4.7264393896935442 -4.7270414301598018 -4.7276702914313162 -4.7283272809695047 -4.7290137483311927 -4.7297310817499989 -4.7304807037059859 -4.7312640653374682 -4.7320826395309323 -4.7329379125039237 -4.7338313736711717 -4.734764503555656 -4.7357387594733753 -4.7367555586822974 -4.7378162586400121 -4.7389221339553265 -4.7400743495333124 -4.7412739292745147 -4.7425217194448015 -4.7438183453856722 -4.7496686455421315 -4.7510897234196765 -4.7525606253491386 -4.7540804037878894 -4.7556474031007001 -4.8745709310280176 -4.8940552231956147 -4.8434653545153923 -4.8408502352838765 -4.8636620582255459 -4.8100467508978051 -4.823005647152792 -4.8237590509707031 -4.8210958254597598 -4.8255027576879392 -4.8237401118916399
-4.5796273327435291 -4.5796279411414735 -4.9412536878289322 -4.8258290411438693 -4.8262090042817727 -4.8266071679981772 -4.8270246144221947 -4.7274409005189444 -4.7289652169909964 -4.7296441136031611 -4.7303526090740178 -4.7310920466031181 -4.7318638000161668 -4.73266926856481 -4.7335098706152428 -4.7343870361006362 -4.7353021976054883 -4.7362567799449726 -4.7372521881001797 -4.7382897933723136 -4.7393709176262178 -4.7404968155053657 -4.7416686545127469 -4.7428874928536757 -4.7441542549043012 -4.7454697040585572 -4.7513488880980246 -4.7527887574267584 -4.7542792544665859 -4.7558201276102059 -4.7574107270069028 -4.8768776953093163 -4.8794772327535352 -4.8456103381260709 -4.8480313893894493 -4.8454859662976713 -4.868562860381469 -4.8885310773334929 -4.8747560150229532 -4.886330099777223 -4.8880935485974781 -4.8738896722667917
-4.5796281864361488 -4.5796287978094163 -4.941964770596412 -4.9422061976576268 -4.8271730622955049 -4.8275902539376343 -4.82802710788373 -4.8284847495123051 -4.8289643646675398 -4.7300570039531751 -4.7316541532344631 -4.7324132614828853 -4.7332045560391141 -4.7340293735697596 -4.7348890659551657 -4.7357849932875409 -4.7367185157469462 -4.7376909842837902 -4.7387037300515891 -4.7397580525576188 -4.7408552065340235 -4.7419963875801363 -4.7431827166891161 -4.7444152238473931 -4.745694830979331 -4.7470223345918283 -4.7483983885372369 -4.7543728841829909 -4.7558733010693484 -4.7574240654201212 -4.7590250793883859 -4.8790182831833713 -4.8816183725598128 -4.8493206639604969 -4.8499845232246077 -4.8524808984025025 -4.8706063569720586 -4.8708485262900449 -4.8770662319429015 -4.8890946570333798 -4.890773236593839 -4.8914453160578626
-4.6098077693287021 -4.5796296185290037 -4.9426652680140064 -4.942921993438576 -4.9431916283389725 -4.8285527250262392 -4.8290074506734797 -4.8294832050373744 -4.829981139609826 -4.8305024609532961 -4.83104843036707 -4.831620362816655 -4.7345019372411459 -4.7353433524404585 -4.7362192054605865 -4.7371307722127067 -4.7380793237886127 -4.7390661175810882 -4.7400923873298657 -4.7411593320867231 -4.7422681041256052 -4.7434197958648463 -4.744615425918191 -4.7458559244464888 -4.7471421180364013 -4.7484747143753108 -4.7498542870039753 -4.7512812603799777 -4.7573400464267843 -4.7588886796702372 -4.7604857144332584 -4.7621307965437616 -4.8835690155904636 -4.886223717315815 -4.8325060892513356 -4.854156554508422 -4.8566829491139369 -4.8749755304990536 -4.8740749427744712 -4.9235572424200971 -4.9246859137341898 -4.9358372456224124
