codes_tests/data/T&K/Benoit/Log_Plio_profCrepines_150_200m.grd
ncols 85
nrows 89
xllcorner 663750
yllcorner 6152250
cellsize 500
nodata_value 1.7014100000000001E+038
[rows 0 to 18 of 89, columns 0 to 41 of 85]
1.7014100000000001E+038 1.7014100000000001E+038 1.7014100000000001E+038 1.7014100000000001E+038 1.7014100000000001E+038 1.7014100000000001E+038 1.7014100000000001E+038 1.7014100000000001E+038 1.7014100000000001E+038 1.7014100000000001E+038 1.7014100000000001E+038 1.7014100000000001E+038 1.7014100000000001E+038 1.7014100000000001E+038 1.7014100000000001E+038 1.7014100000000001E+038 1.7014100000000001E+038 1.7014100000000001E+038 1.7014100000000001E+038 1.7014100000000001E+038 1.7014100000000001E+038 1.7014100000000001E+038 1.7014100000000001E+038 1.7014100000000001E+038 1.7014100000000001E+038 1.7014100000000001E+038 1.7014100000000001E+038 1.7014100000000001E+038 -3.8586875505162346 -3.8586875505162346 -3.8586875505162346 -4.0841097072993424 -4.0842660894615719 -4.1941486359827103 -4.4334724657100688 -4.5146902447806809 -4.5151351410300533 -4.5155920489694976 -4.5844346365971766 -4.5850766339520153 -4.5857349032583024 -4.5864088673905972
1.7014100000000001E+038 1.7014100000000001E+038 1.7014100000000001E+038 1.7014100000000001E+038 1.7014100000000001E+038 1.7014100000000001E+038 1.7014100000000001E+038 1.7014100000000001E+038 1.7014100000000001E+038 1.7014100000000001E+038 1.7014100000000001E+038 1.7014100000000001E+038 1.7014100000000001E+038 1.7014100000000001E+038 1.7014100000000001E+038 1.7014100000000001E+038 1.7014100000000001E+038 1.7014100000000001E+038 1.7014100000000001E+038 1.7014100000000001E+038 1.7014100000000001E+038 -4.2723274247882816 -4.2723274247882816 -4.2723274247882816 -4.2723274247882816 -4.2723274247882816 -4.0655722267370749 -4.0653998179630806 -4.0652256201236625 -4.0650499345305429 -4.0838414283873501 -4.193853612709904 -4.4327715349284347 -4.4330487167191608 -4.5140082181224699 -4.5144467501082808 -4.5148983707266961 -4.4766169109421972 -4.5841038152425497 -4.5847563565187661 -4.5854263410607148 -4.5861131980821837
1.7014100000000001E+038 1.7014100000000001E+038 1.7014100000000001E+038 1.7014100000000001E+038 1.7014100000000001E+038 1.7014100000000001E+038 1.7014100000000001E+038 1.7014100000000001E+038 1.7014100000000001E+038 1.7014100000000001E+038 1.7014100000000001E+038 1.7014100000000001E+038 1.7014100000000001E+038 1.7014100000000001E+038 1.7014100000000001E+038 1.7014100000000001E+038 -4.2723274247882816 -4.2723274247882816 -4.4764137073613526 -4.4764248202356169 -4.476436165867983 -4.4764477256175885 -4.4764594790559826 -4.4764714041250544 -4.476483477328971 -4.2668135992394536 -4.2664935158047719 -4.2661691288757968 -4.2658409777409174 -4.3081866701082605 -4.3079432810997256 -4.4500264100637494 -4.4502322265048964 -4.5065067743359357 -4.5069855837101809 -4.5141924559814708 -4.5146507423919848 -4.5831140777638835 -4.5837580455408711 -4.5957220513584858 -4.5974057828563479 -4.5980787129322227
1.7014100000000001E+038 1.7014100000000001E+038 1.7014100000000001E+038 1.7014100000000001E+038 1.7014100000000001E+038 1.7014100000000001E+038 1.7014100000000001E+038 1.7014100000000001E+038 1.7014100000000001E+038 1.7014100000000001E+038 1.7014100000000001E+038 1.7014100000000001E+038 1.7014100000000001E+038 -4.2723274247882816 -4.2723274247882816 -4.4763789573363244 -4.476389482295434 -4.4764003028038344 -4.4764114056480624 -4.476422775332269 -4.4764343941238494 -4.4764462421420603 -4.4764582974903053 -4.2675485154373494 -4.2672318971624401 -4.266909604467668 -4.2665821077572099 -4.2662499285660482 -4.3084736906176655 -4.3082249481850692 -4.4496886222967156 -4.4498876495279962 -4.4500952298923986 -4.5062232413441006 -4.5067078669834428 -4.5072076955491793 -4.5997670315817238 -4.5725330683553382 -4.6081382307993346 -4.5964248799528917 -4.5970918562423524 -4.5977777078038464
1.7014100000000001E+038 1.7014100000000001E+038 1.7014100000000001E+038 1.7014100000000001E+038 1.7014100000000001E+038 1.7014100000000001E+038 1.7014100000000001E+038 1.7014100000000001E+038 1.7014100000000001E+038 1.7014100000000001E+038 -4.2723274247882816 -4.2723274247882816 -4.476345645324356 -4.4763553740759177 -4.4763654448170058 -4.476375851288994 -4.4763865848195419 -4.4763976342350729 -4.476408985811327 -4.4764206232672556 -4.4764325278064483 -4.4764446782089609 -4.267980286177548 -4.2676634589677649 -4.2673400575349305 -4.2670105154090407 -4.3064982441804931 -4.3062382582518959 -4.3085212130609758 -4.4493517720975779 -4.44954297338285 -4.4497430455042153 -4.505453841308122 -4.5059278637509133 -4.5064180815513195 -4.526072668747589 -4.5712920039789191 -4.5743448782021634 -4.5752041944209312 -4.5760856925232583 -4.5769886689280117 -4.5974613984675736
1.7014100000000001E+038 1.7014100000000001E+038 1.7014100000000001E+038 1.7014100000000001E+038 1.7014100000000001E+038 1.7014100000000001E+038 1.7014100000000001E+038 1.7014100000000001E+038 -4.2723274247882816 -4.2723274247882816 -4.4763232302869982 -4.4763323707491649 -4.4763418796929857 -4.4763517560490458 -4.4763619964095103 -4.4763725948506767 -4.4763835427835481 -4.476394828840097 -4.4764064388026625 -4.4764183555831583 -4.4764305592576239 -4.26842319759281 -4.3101172576492646 -4.3097607908855418 -4.3093970946021445 -4.3330656430464938 -4.332757934624774 -4.3302211883746029 -4.4497675356935078 -4.4499467784555975 -4.4501350606816548 -4.5046804520343642 -4.5051417589097191 -4.5056201088377037 -4.5252418163555612 -4.6048698148755562 -4.5730757172153442 -4.5739243994123786 -4.5747973295928688 -4.5756939970495925 -4.5766137225993822 -4.5775556483072286
1.7014100000000001E+038 1.7014100000000001E+038 1.7014100000000001E+038 1.7014100000000001E+038 1.7014100000000001E+038 1.7014100000000001E+038 -4.2723274247882816 -4.2723274247882816 -4.476301747688499 -4.4763102175678098 -4.4763190717577341 -4.4763283144698143 -4.4763379478579921 -4.4763479717698198 -4.4763583835098366 -4.4763691776236705 -4.4763803457120908 -4.4674588286816661 -4.467470892108329 -4.3113049354694244 -4.3109669679938456 -4.3106200625405684 -4.3102645173048275 -4.309900701014695 -4.333473449260258 -4.3331632152909707 -4.332847810673238 -4.3303103711119544 -4.4496118323870908 -4.4497905019828714 -4.4499786657228091 -4.4992970358654354 -4.5171932167823439 -4.5177546136784912 -4.5253627971127308 -4.5632237468734616 -4.5641460496072996 -4.5734850080690412 -4.5743714471356087 -4.5752832900111819 -4.5762198913576571 -4.577180411101744
1.7014100000000001E+038 1.7014100000000001E+038 1.7014100000000001E+038 1.7014100000000001E+038 -4.2723274247882816 -4.2723274247882816 -4.4762814254899865 -4.4762891633472348 -4.4762972899272846 -4.4763058143575014 -4.4763147441618143 -4.4763240849724051 -4.4763338402352826 -4.4763440109172494 -4.4674203683437934 -4.4674318078002244 -4.4674435740519467 -4.4674556509120853 -4.3118118222779112 -4.3114781321733719 -4.3111346299651725 -4.3107815336261845 -4.31041913444309 -4.333895494380215 -4.3335839787414736 -4.3332662484457725 -4.3307438364898063 -4.4492824785678531 -4.4494506614685116 -4.4496283636973217 -4.498468319327654 -4.5163026265285069 -4.5238307878551245 -4.5244211996735784 -4.5910157595293635 -4.5627143061573951 -4.563648375210474 -4.5646109964551469 -4.5656018154212097 -4.5666202925366122 -4.5758060464460826 -4.5953787461943856
1.7014100000000001E+038 1.7014100000000001E+038 1.7014100000000001E+038 -4.2723274247882816 -4.2723274247882816 -4.4762694217962347 -4.4762767718195526 -4.4762845170681151 -4.4762926697756429 -4.4763012408480378 -4.4763102395509815 -4.4673834035358748 -4.4673939591712797 -4.4674048968418703 -4.4674162102726145 -4.4674278899332371 -4.4674399228321819 -4.3123257221057631 -4.3119978280910098 -4.3116593041479865 -4.3113102769190901 -4.3109509472302072 -4.3343307508323292 -4.334019339832321 -4.3337006500128323 -4.3333751662519502 -4.4489605793311586 -4.4491175484102747 -4.4492839194552616 -4.4494602091403452 -4.5154111007970705 -4.5228983381018359 -4.5234729045744242 -4.5240690068753153 -4.5902532168834913 -4.5621836010213466 -4.5631290177896426 -4.5641047954210645 -4.5651106600474352 -4.566146139970189 -4.5672105457749801 -4.5861135829844528
1.7014100000000001E+038 1.7014100000000001E+038 -4.2723274247882816 -4.4762511608694959 -4.4762577109618071 -4.4762646425716088 -4.4762719716153834 -4.4762797133149244 -4.4762878819078233 -4.4673582622479975 -4.4673681555201181 -4.4673784597862678 -4.4673891758725643 -4.4674003016503754 -4.4674118317037514 -4.4674237570238757 -4.3128446537587939 -4.3125240982380859 -4.3121921727498211 -4.3118489031318834 -4.3114943880478593 -4.3347779121896979 -4.3344681212264335 -4.33414998925545 -4.3338239269882743 -4.4486479202591021 -4.4487931211995697 -4.4489474645379019 -4.449111530932246 -4.5145225742149213 -4.5219659272683792 -4.5225221414613888 -4.5231007131154293 -4.5237020129881653 -4.5607068141498406 -4.5616307948878516 -4.5625870366597301 -4.5635755497553117 -4.564596158326319 -4.5656484756119449 -4.5842636522546769 -4.585540964033278
-4.2723274247882816 -4.2723274247882816 -4.4762402481606518 -4.4762463583965086 -4.4762528454597819 -4.4762597276354814 -4.4762670228972556 -4.4673341515039766 -4.4673432892059415 -4.4673528519557637 -4.4673628473613816 -4.4673732806694417 -4.467384154358311 -4.4673954677263596 -4.4674072164890033 -4.4674193924006573 -4.3130547724911947 -4.312731080216575 -4.312395294890333 -4.3120474033607898 -4.3352353868216529 -4.3349288402837658 -4.3346129179666981 -4.3342879388410349 -4.3339543138098495 -4.4484792289627597 -4.4486210471997998 -4.4487722400049101 -4.4745251976441418 -4.5210377864832401 -4.5215733228251986 -4.5221317919785564 -4.5227137425114243 -4.5875295691288214 -4.5601227860269962 -4.5610550640872445 -4.5620214898790543 -4.5630222006272358 -4.5640571390197033 -4.565126023652696 -4.5836421014537194 -4.6083952463815159
-4.2723274247882816 -4.4762297737059482 -4.4762354274589589 -4.4762414491110478 -4.4762478589435375 -4.4762546773314877 -4.467319653501308 -4.4673283965901858 -4.467337577236635 -4.4673472072728204 -4.4673572965380952 -4.4673678524292386 -4.4673788794254765 -4.4673903785999052 -4.4674023471326221 -4.3135874952199122 -4.3132736508548035 -4.3129470795174623 -4.3126076493795757 -4.3357013007479495 -4.3353997048961714 -4.3350877539965413 -4.3347656586689158 -4.3344337244039153 -4.4749125034140516 -4.4483065680959859 -4.4484444649140586 -4.4740787643236413 -4.4863144291334676 -4.5206309479356221 -4.5211669687548524 -4.521726949734143 -4.5223115556073896 -4.5866804079849572 -4.5595158904906983 -4.5604556105585701 -4.5614314452242795 -4.5624436816012617 -4.5634924050956203 -4.5726489155606771 -4.6064312223199471 -4.6078380578455445
-4.476219791496078 -4.4762249779076901 -4.4762305192239671 -4.4762364372698951 -4.4672974863396071 -4.4673053647801151 -4.4673136706899754 -4.4673224210965179 -4.4673316319300289 -4.467341317606504 -4.4673514905598228 -4.4673621607278067 -4.4673733350002101 -4.4673850166409679 -4.3141197615795699 -4.3138173221408511 -4.3135016581822665 -4.3131725158304617 -4.3361735115067592 -4.3358786204625002 -4.3355724803569862 -4.3352551788248102 -4.334926898120492 -4.3345879241220855 -4.4480057196104532 -4.4481301412351391 -4.4736435915904949 -4.4858060066960643 -4.5196994996284579 -4.5202110099887314 -4.5207466785853683 -4.5213073321505952 -4.5218937636041003 -4.5858039847226708 -4.5588855171271669 -4.5598316775760752 -4.5608159940350532 -4.5618389300193529 -4.5911994344651648 -4.6044374916543571 -4.6058234604588915 -4.607254277261764
-4.4762150644048226 -4.4762201168764966 -4.4762255303758449 -4.4672839615950357 -4.4672913679521926 -4.4672991995125475 -4.4673074765484273 -4.467316218776622 -4.4673254449661579 -4.4673351724814534 -4.4673454167605655 -4.46735619073152 -4.4673675041740406 -4.3146489624674125 -4.314359388113699 -4.3140562464575494 -4.3137391622980461 -4.3366496330902802 -4.3363632085255768 -4.3360647562759942 -4.3357542294176614 -4.3354316717254635 -4.3350972290777507 -4.4740810511276514 -4.4478309474652349 -4.4732220137856311 -4.4853100133049972 -4.4855794074144857 -4.5192686064176337 -4.5197779555727875 -4.5203123461643111 -4.5208727310747667 -4.5214600433847298 -4.5849001265309912 -4.5582311332350152 -4.5591825695871515 -4.5601742690552456 -4.5894438636893371 -4.5906381515919721 -4.6037812255800761 -4.605187837911858 -4.5878804654533809
-4.4762102969337478 -4.4762152002220352 -4.4672708345303622 -4.4672777438277596 -4.4672850704753388 -4.4672928374703638 -4.4673010678266616 -4.4673097842327936 -4.4673190086365659 -4.4673287617504762 -4.4673390624752045 -4.4673499272417985 -4.4673613692782004 -4.3148970521598624 -4.3146079260169321 -4.3143045673693559 -4.3139865246664781 -4.3368508404429447 -4.3365619441305343 -4.3362601969443038 -4.335945492768615 -4.3356178217965553 -4.33527728403421 -4.4845053517363587 -4.4809921072546119 -4.4811518468769895 -4.4913442666592873 -4.4915763559062905 -4.5221493528029111 -4.5226333580491209 -4.5301805416326761 -4.5306681354111928 -4.58202528898192 -4.5831078948925139 -4.5582599742527448 -4.5592084802798851 -4.5862528309982871 -4.5874329431200307 -4.5886601839654091 -4.6030963304883308 -4.6045230303749758 -4.5873475642378692
-4.4762055012968798 -4.4672581746053863 -4.467264569213877 -4.4672713679704446 -4.4672785959591268 -4.467286278847669 -4.4672944426179049 -4.4673031132197174 -4.4673123161385364 -4.467322075867548 -4.4673324152779976 -4.4673433548848083 -4.3154274876304335 -4.315153706281361 -4.3148655898711663 -4.3145625649500587 -4.3373386835422085 -4.3370611503572496 -4.3367701580742075 -4.3693124416466418 -4.3689458794743228 -4.3685660042445855 -4.498478989134771 -4.4923080445068617 -4.4923995715425704 -4.5007442490761367 -4.5009041110002892 -4.5284704634343464 -4.5288770885915115 -4.5293082672959644 -4.5297652320536663 -4.5302492531613865 -4.584605555788154 -4.5611588062682431 -4.5620233953582128 -4.5866679491293683 -4.5877824459143612 -4.5889459147117622 -4.5901591953898482 -4.6021976623583738 -4.5845949126903864 -4.6152381850249107
-4.4672460447225655 -4.4672519148038354 -4.4672581709479049 -4.4672648396086396 -4.4672719483501142 -4.46727952566473 -4.467287600718918 -4.4672962030129106 -4.4673053619407197 -4.46731510623699 -4.4673254632992512 -4.3159479040770483 -4.3156905940568047 -4.3154190406398296 -4.3151325614462381 -4.3148304923219847 -4.3375592836534933 -4.3702667260046413 -4.3699240492636848 -4.3997841084657763 -4.3993668680245523 -4.3989360321565805 -4.4982272480371472 -4.4921744475048353 -4.5004349448200172 -4.500575737118619 -4.5007297077704624 -4.5280623522207311 -4.5284622307968521 -4.528887184632806 -4.5293385601249208 -4.529817765573827 -4.5836410377683485 -4.5604653930185819 -4.5849322187020221 -4.5860029508586662 -4.5871239719146431 -4.5882966466193889 -4.6000429789785588 -4.6014510545691705 -4.5914127225924046 -4.6153498545312326
-4.4672398432891827 -4.4672455506726401 -4.467251648889488 -4.4672581665782305 -4.4672651338549523 -4.4672725821644557 -4.4672805440538621 -4.4672890528515614 -4.4672981422331013 -4.4673078456551503 -4.467318195639665 -4.3162156681775752 -4.3159617620793531 -4.3156931242343326 -4.3595730288488834 -4.3711854220951256 -4.4012699883485622 -4.4008911168814659 -4.4004978507265458 -4.4000899963667992 -4.3996674442632715 -4.3992301851962079 -4.5154523376015083 -4.4920420528190466 -4.5002722820076153 -4.5004065355388319 -4.5005539913825334 -4.5276468639723806 -4.5280389558305165 -4.5284565487250807 -4.5289010974231481 -4.5293741464266368 -4.5826530686300924 -4.5832190330355935 -4.5842413598807115 -4.5853145123400241 -4.5864403031658645 -4.5876204661102804 -4.6039306361372905 -4.5895066709149255 -4.6130357554850878 -4.6146768322244096
-4.4672335688011273 -4.4672390948072112 -4.4672450147113478 -4.4672513593245302 -4.4672581613467219 -4.467265455264438 -4.4672732771677204 -4.467281664465431 -4.4672906554752787 -4.4673002888630959 -4.316726155533293 -4.3164907118861109 -4.3605157116153608 -4.3602115857486137 -4.4023167249390358 -4.4019654982823342 -4.4015997247144725 -4.401219001871608 -4.4008229791639328 -4.4004113725519609 -4.3999839811900232 -4.5149455464119743 -4.5151401204820498 -4.4999952381211425 -4.5001102279116312 -4.5002374033625143 -4.5003777294004976 -4.5272248946638323 -4.527608144812576 -4.5280172068517341 -4.5284536331686578 -4.5289190973217099 -4.5929683033082851 -4.5825084320948504 -4.5835292787921951 -4.5846028729650801 -4.5857313948673593 -4.5923927062205445 -4.6031334822260206 -4.5888563138353815 -4.6157011000152472 -4.6123788208646701
