codes_tests/data/T&K/Benoit/Log_Plio_profCrepines_075_100m.grd
ncols 85
nrows 89
xllcorner 663750
yllcorner 6152250
cellsize 500
nodata_value 1.7014100000000001E+038
[rows 19 to 37 of 89, columns 42 to 83 of 85]
-4.3846703746684126 -4.3873559224523646 -4.3916115683594228 -4.4018062989532751 -4.4091610147885536 -4.4116600329638986 -4.4197372102307417 -4.4290295933920705 -4.4272658172517145 -4.4228159048379911 -4.4140654799016437 -4.4028772194856174 -4.3899763972323607 -4.380791367820132 -4.3711415582982509 -4.3665560524158895 -4.3683017828031057 -4.3761726470530311 -4.3866308087468102 -4.3947465854552723 -4.4011164443293378 -4.4052821352938532 -4.4053019924066019 -4.4019269665749894 -4.3945746823573897 -4.3854010211206376 -4.4228571175563136 -4.4549737153008566 -4.4734037527051971 -4.4785913632328445 -4.4816595843555156 -4.4861691952908025 -4.4881524217640685 -4.4942798360733862 -4.4919781921007509 -4.48964007133414 -4.4851740626328622 -4.479310487531591 -4.4797048338583325 -4.4801442176742006 -4.4887284961316851 -4.493168354672064
-4.3750008851533124 -4.3810714181347699 -4.3830349726117666 -4.3870928447295601 -4.401035556754417 -4.4103291092825057 -4.4146855107473897 -4.4216167070207888 -4.4243503733282585 -4.4234337575014289 -4.4185173659340107 -4.4118465457884035 -4.4000180480278397 -4.3880247089006463 -4.3788787299852956 -4.3758677990451105 -4.3791548723429337 -4.3852327126818151 -4.398780900001853 -4.4087184115710958 -4.4187027164621577 -4.4263225944944038 -4.4311950879799795 -4.4326203144126355 -4.4348545380101427 -4.4476827180688661 -4.4761540074521911 -4.5093157711678291 -4.523630969913139 -4.5216649241267763 -4.5160013767850913 -4.5105925160922213 -4.5075929759636724 -4.5100992671483544 -4.5048585081833368 -4.497358409088446 -4.4916459302586356 -4.4832170268536142 -4.475704625544406 -4.4779245771475793 -4.4732911521630676 -4.4888740861981713
-4.3707717680150813 -4.370646674136105 -4.3704827743436638 -4.3757691400965264 -4.3865581136888876 -4.398940542445839 -4.4065402051270235 -4.417406753187711 -4.4243668182103013 -4.4283864869888383 -4.4263611814600194 -4.4200047091927095 -4.407465653822328 -4.3953086350622455 -4.3860657413588742 -4.3832962119588021 -4.3884385254439842 -4.3965651653294726 -4.4066189661091517 -4.4213029753095556 -4.4379361007370264 -4.4513152208559736 -4.4616126565590957 -4.4698906240058482 -4.4814976998840823 -4.49938962668769 -4.5302807336262712 -4.5713549367829973 -4.5807493381024216 -4.560727062269172 -4.5442349413751133 -4.5322880213971199 -4.5257962812606483 -4.5201615548833516 -4.5180200701294826 -4.506530609889059 -4.4938935973069754 -4.4854101686093131 -4.47603160268776 -4.4746674979604073 -4.4718319799686936 -4.4802426453766122
-4.3593949045941809 -4.3631114227827013 -4.363059226991064 -4.36591016653799 -4.3743065271331938 -4.3875976370300522 -4.4037425719794374 -4.4180256702161067 -4.428582120872032 -4.4322065866279869 -4.4306968403727192 -4.4252744375539184 -4.4120692056701962 -4.4006723065182385 -4.3937165851486331 -4.3931212562060882 -4.3983006928656234 -4.4073776422457227 -4.4193790654298724 -4.4370042829148719 -4.4562781031015222 -4.4780173314355487 -4.4944428638716509 -4.5061557079975501 -4.5179297295314402 -4.538640841395952 -4.565596362162367 -4.601853146170976 -4.6065843323354487 -4.5804153086076234 -4.5601432987049622 -4.5473047650022247 -4.5390094151910141 -4.5347317913763376 -4.5305653298392414 -4.5132772568595616 -4.4958476824931042 -4.4824396166148226 -4.4737324986585874 -4.4658922170275464 -4.4688068177160511 -4.4653301108060006
-4.3526675278877809 -4.3511234985131386 -4.3499827837792688 -4.3525800017017895 -4.3598734874642631 -4.3732922074497633 -4.3955086837767681 -4.4206497975879184 -4.4353436233489774 -4.4363380572364246 -4.4307930987030923 -4.4236704967617211 -4.4134794511299678 -4.4037263606344688 -4.3990019546604255 -4.4017239246151227 -4.4100003328334321 -4.4201385373329805 -4.4313122512196053 -4.4507848201291882 -4.4780063484236852 -4.5034977614293732 -4.5277376314601288 -4.539223398936679 -4.5453076706467987 -4.55729379154777 -4.5773744635285505 -4.5906202937066389 -4.5927892083865096 -4.57731643583692 -4.561150538391697 -4.5493427582813633 -4.5423209140138603 -4.5432486845449853 -4.5345588052306303 -4.5127981962146837 -4.4915198897091289 -4.4758968813647746 -4.465815903287738 -4.4605616193521609 -4.4588008426227574 -4.4612881588070099
-4.3400522787096163 -4.3368865206696006 -4.3359747658105174 -4.3370938222670681 -4.3415162044317999 -4.3543590247336237 -4.3779312034390285 -4.4173252081825289 -4.4502947725865862 -4.4361412038372086 -4.4294706373346084 -4.4244937187626423 -4.4156415324222289 -4.4058301062078868 -4.4019748399785472 -4.4104404338092875 -4.4252097677759235 -4.4392834861603907 -4.4519390746484255 -4.4714267694275698 -4.5000499120010691 -4.5279667998629538 -4.5584447156906327 -4.5636687305645562 -4.5624721318774988 -4.5651718165931401 -4.5734102226915798 -4.5786779182471413 -4.5743466588228188 -4.5633716158474007 -4.5507159016430547 -4.539609290441339 -4.5324052487265574 -4.5272556389810923 -4.5155594921014446 -4.4978424299782818 -4.4783246348064818 -4.4644146802640048 -4.4561352898048057 -4.4504059939493512 -4.4493212637196979 -4.4513156896372728
-4.3249928631098395 -4.3226498024162385 -4.3215437797073761 -4.3232856596045144 -4.3229901200340972 -4.325729807120517 -4.3443159381398244 -4.3919937308477577 -4.4458334355455698 -4.4239338841674094 -4.4298623508673565 -4.4302058966952966 -4.4242829651447373 -4.4122629766308279 -4.4031691085116167 -4.4239103788901932 -4.4484165583429061 -4.4668819425129751 -4.4822015014977392 -4.4984971309887838 -4.5196496399064578 -4.5416802874613946 -4.5605525452640734 -4.5653679187010017 -4.5656927150274385 -4.564358749529374 -4.5640164353558905 -4.5656665607597731 -4.5591675216004255 -4.5457098061695866 -4.5337069938013315 -4.5213185366924913 -4.5098385730125505 -4.4970135350175129 -4.4825127995023548 -4.471026248909352 -4.4569179649248172 -4.447466846271066 -4.4429404236594259 -4.4402948341186779 -4.4393000830441309 -4.4453784470255817
-4.3096342448579499 -4.3084187084581238 -4.3108924924945562 -4.3101931066708117 -4.3076571287054604 -4.3018375659481976 -4.3056870707480881 -4.3492720924443864 -4.4038528382356086 -4.4262210133571243 -4.4377301725483802 -4.4446012371753998 -4.4451631559963394 -4.4380989142836791 -4.4294539521317908 -4.4590824583529409 -4.4856812539489717 -4.5028531939101413 -4.5141732983653693 -4.5245878579782159 -4.5352704096755367 -4.5479735872080811 -4.5572529365806389 -4.5598990082006949 -4.55812847112988 -4.5578381208025274 -4.5569463220308712 -4.5528143568547126 -4.5453546613577442 -4.5350774102334812 -4.5180321504951042 -4.5031600991441181 -4.4871781488006945 -4.4690728235207118 -4.4522456621678161 -4.4381795692942028 -4.4355764331954166 -4.4328484812968707 -4.4332746530635694 -4.4361581493441866 -4.4386490832013274 -4.4448818656614666
-4.2931084697272022 -4.2975523848075419 -4.3004761283893274 -4.3028028529389273 -4.304065391821597 -4.3057683498283232 -4.3160087273408561 -4.3499979263005679 -4.3954158898963005 -4.4276922474155747 -4.4508994767058532 -4.4675157707526969 -4.4793515737067571 -4.4882874485227502 -4.5004666861255291 -4.5209778745333677 -4.5385053918969636 -4.5467361030595033 -4.5484553120387767 -4.54927128214395 -4.5501023363065523 -4.5531440447417042 -4.556296080868214 -4.555820595338953 -4.5525154192277579 -4.5480859750799718 -4.5455674142585831 -4.5384157597148054 -4.5280762197057136 -4.5177469823640299 -4.5019155126568142 -4.4812770237348607 -4.4608762441595413 -4.4386959347265709 -4.4161680154407215 -4.4023908395260047 -4.4059490554926759 -4.411105584565016 -4.4178060145694236 -4.4251133505268934 -4.4306875055422985 -4.4365978381798801
-4.2802198481547782 -4.2865444079574324 -4.2931999939229115 -4.3002606987058964 -4.308299414954921 -4.3194228936864629 -4.3382857492656353 -4.3688689124013251 -4.4063396298163386 -4.4417333842990905 -4.4700384936385609 -4.4958587526731062 -4.5194626850849877 -4.5435735381266484 -4.5698573828534172 -4.5925768798064599 -4.6000593025567049 -4.5936444476094636 -4.5824719117968478 -4.5732635842858231 -4.5642309078588283 -4.5589227626738529 -4.5531966844133649 -4.5477147468039414 -4.5429292007400477 -4.537023536099019 -4.5305974211942637 -4.5268204326405073 -4.5157809056484295 -4.5029841197706126 -4.4858903321408423 -4.4658115501939459 -4.4388938840973191 -4.4114637432493975 -4.3814670512181007 -4.3637019355566347 -4.3780409025675047 -4.392747901932232 -4.4053004841621153 -4.4162970568331463 -4.4243369990746118 -4.4307466748438511
-4.2736232723272076 -4.2786512527456173 -4.2877099396128253 -4.2995818302335644 -4.3143788207886677 -4.333090287035084 -4.3574805391770086 -4.388440768916511 -4.4238693862083132 -4.4599863902979449 -4.4926058529091932 -4.5250395453102819 -4.557145724722063 -4.5923661583101429 -4.6330688623967013 -4.6683303293834228 -4.6637908433752893 -4.6367979182367511 -4.611506042017778 -4.5902191834592818 -4.571768464459498 -4.5591939400800303 -4.5481715639016702 -4.5392648753964169 -4.5315555934002028 -4.5255320714039611 -4.5187858146082185 -4.51135397966911 -4.505074020875286 -4.4907571575058327 -4.4746725443188744 -4.453815057493812 -4.4275735626605695 -4.3952357484909079 -4.3625224077665283 -4.3382913633300024 -4.3643614738285841 -4.3836120081237935 -4.398633901033377 -4.4112709059967559 -4.4205111871217948 -4.4278186115306823
-4.2726148586187618 -4.2771666278687137 -4.2876724745041397 -4.3035141330909727 -4.324058465737056 -4.3486492307489995 -4.3771490423685879 -4.4056483388913907 -4.4415824509243773 -4.4790226883505255 -4.5147190882384365 -4.5507469106676819 -4.5856558609165683 -4.6236888797722724 -4.672107768381526 -4.7294134593509565 -4.7014324004010737 -4.6582839329637107 -4.6270478181563881 -4.596825946679501 -4.5726836050466355 -4.5537601730599953 -4.5401653382875864 -4.5286675633967475 -4.5197737623034779 -4.5126231583538274 -4.5074257521407839 -4.5013240553473377 -4.4947836082986923 -4.4844406392267286 -4.469823594344879 -4.4504521712452281 -4.4242206656082788 -4.3951841286288031 -4.3728358714122368 -4.3610816662634333 -4.3674470265105967 -4.3860236162487887 -4.3988346727690999 -4.4096782671039554 -4.4195725145195421 -4.4268591087808558
-4.2579432647695183 -4.263174795353855 -4.2759456236385613 -4.2966652742835159 -4.324123750019881 -4.355201784443036 -4.3879531680366766 -4.4226313901295935 -4.4593611553140535 -4.4978384053351883 -4.5370118114474787 -4.5704926131744701 -4.6022269931838817 -4.6309729423688442 -4.6650497607128045 -4.69236160608002 -4.6802740484688918 -4.6484424274580087 -4.6176507132350144 -4.5889611054877024 -4.5642717841082687 -4.5436945332242029 -4.5287394220166028 -4.5153523280763395 -4.5059282015351156 -4.4996160431500263 -4.4952924296782442 -4.492699259636451 -4.4894983933216261 -4.4835320089278827 -4.4725944170094181 -4.4569189975767411 -4.435074275409371 -4.4119096428021622 -4.3938352803155034 -4.3841029898004322 -4.3841395712208673 -4.3958724942444718 -4.4043635713729463 -4.4127383320768612 -4.4212371770691439 -4.4277473714894064
-4.2376344107151294 -4.2425874877171106 -4.2568295115666297 -4.2825555400844282 -4.318886010855743 -4.3577038000914428 -4.3941227907275335 -4.4306966777632208 -4.4676669557983359 -4.506275030050773 -4.546099419373113 -4.5846413022197394 -4.6052276385158475 -4.6164937813943148 -4.6318556096449264 -4.6436985513076872 -4.6377694295729199 -4.6180081526740562 -4.5938958298757333 -4.5698997066617224 -4.5481232262633933 -4.5282731815351829 -4.5126318155342204 -4.499096544531425 -4.4894696886641228 -4.4847845047032973 -4.4835646123473616 -4.4840721243360928 -4.486450497784511 -4.4856907294159365 -4.4813857166670541 -4.4716202866774193 -4.4560388120316397 -4.437268686585238 -4.4211538681070817 -4.4063172357363616 -4.4017952123435746 -4.4083335879842123 -4.4126613350867654 -4.4181639524493646 -4.4247812695803468 -4.4300871274561571
-4.2119880721272773 -4.2148131918223015 -4.2281195135415457 -4.2577779695111886 -4.3033411015522196 -4.3520811260342267 -4.3951268000596313 -4.4337788816888448 -4.4682873931910994 -4.5035357684298321 -4.536786355176158 -4.562565641649333 -4.5717025447056079 -4.5792477534703897 -4.5935757135275832 -4.6010791589009923 -4.5935856659638565 -4.5803731305828972 -4.5629372731060576 -4.5446639382688678 -4.5271264729547882 -4.5091166961211249 -4.4927511662062569 -4.4781739042219124 -4.4698656096183447 -4.4675880270828685 -4.4705726635900076 -4.4763516097087352 -4.4845868800695881 -4.490930946220967 -4.4934165950005971 -4.4922585713764152 -4.4817765284915589 -4.4629305437637221 -4.4440986973642334 -4.4291263454451748 -4.4176674564421239 -4.4204868167416169 -4.4216010289376086 -4.4245948830564297 -4.4293689487095342 -4.4333696466795427
-4.1827439994836881 -4.1820022443293015 -4.1898387730857234 -4.2225692427517405 -4.2762815553610896 -4.3368293999717213 -4.393876203753396 -4.434572011849979 -4.4614386912603488 -4.487517452655549 -4.5124663018797966 -4.5284339609975284 -4.5260222094054274 -4.538919055579699 -4.555514882612675 -4.5602058161733039 -4.5556422069499094 -4.5454566139430073 -4.5332131235898725 -4.5162275891616659 -4.5040727939229201 -4.4888053581079763 -4.4697100843078594 -4.4518847821396363 -4.4449079134836014 -4.4479337322638166 -4.4562347792588595 -4.4678599268747003 -4.4810522520820308 -4.4962923793590921 -4.5097119180692182 -4.5197120572910068 -4.5112556940340154 -4.4864969594144659 -4.4621630033852018 -4.4449628870072546 -4.4301147843691719 -4.4307608479645335 -4.4298471785913218 -4.4310291862411768 -4.434299008117538 -4.4371211051492452
-4.152540087381702 -4.1505153147004537 -4.1584384859427939 -4.1951836153959761 -4.2553390489973406 -4.3237756875806204 -4.3955819169724863 -4.4321507569058722 -4.4438063122197207 -4.4647607301526726 -4.4893505004128249 -4.5073316152879261 -4.5148760465023416 -4.5230972987653875 -4.5291061172135461 -4.526222932526565 -4.5170602116660641 -4.5063670546741159 -4.4972508191453251 -4.4902712568243377 -4.4802270288261736 -4.4712823863221782 -4.4431742162448806 -4.4169389209399688 -4.4143743584065067 -4.4257260069231652 -4.4416578644322282 -4.4586331408100532 -4.4772024105826764 -4.4976812010275591 -4.5199888372960171 -4.5531783083283299 -4.5403917766855439 -4.5019115667667791 -4.4711614126984527 -4.4529001910771484 -4.4419395743156258 -4.4385664260545861 -4.4368021941441924 -4.4369123718373356 -4.4391114031088854 -4.4409872369596401
-4.1224752056954035 -4.1214480425528706 -4.1415880805539551 -4.1840985887324731 -4.2424130093628181 -4.3080153361349893 -4.3699772968830022 -4.4002274714834302 -4.4085578787891482 -4.4364593064196294 -4.4715258076187334 -4.4971633495207284 -4.5119401423562664 -4.5173117856789506 -4.5128198932485279 -4.4981521669794793 -4.4804162378683436 -4.466771820450985 -4.4601947750425142 -4.4581699151274039 -4.4562977460461433 -4.4499909075657351 -4.4038223722234253 -4.3675674022605602 -4.3823913459260337 -4.4059183189621001 -4.42831959946575 -4.449661323643193 -4.4707049419205838 -4.4942243705258527 -4.5208791531221557 -4.5560632005685893 -4.5391839568407013 -4.499772536054035 -4.4669931047007427 -4.4543989514119477 -4.4466235171637853 -4.4442604091512319 -4.4424763307111341 -4.4420782434689086 -4.4435841808153267 -4.4447534527202741
-4.0938407979962044 -4.0876343915203321 -4.1215980405977461 -4.171623852339069 -4.2292012490973416 -4.2873756999431265 -4.337411954884649 -4.3636461684416634 -4.3590669317002604 -4.4140025876565829 -4.4638936518366936 -4.4922144062404898 -4.5121672227250338 -4.5125831009446058 -4.5014395092223047 -4.4729801120251276 -4.4440287733323061 -4.4258628526167811 -4.4240164418505703 -4.4287809560860385 -4.4290589593116678 -4.4160097162680332 -4.3802604588498131 -4.3480841369784464 -4.3691625816395527 -4.3963416346362809 -4.4198445399664514 -4.4411954201913755 -4.4617192263247594 -4.4838415358417398 -4.5050894190989217 -4.5202591914021149 -4.511731343331828 -4.4878639573292851 -4.4629689408180866 -4.4554665666658639 -4.4501419645101974 -4.4527190255025824 -4.4472222424345151 -4.4465999268133753 -4.4476648072024663 -4.4483207280484507
