codes_tests/data/T&K/Benoit/Log_Plio_profCrepines_075_100m.grd
ncols 85
nrows 89
xllcorner 663750
yllcorner 6152250
cellsize 500
nodata_value 1.7014100000000001E+038
[rows 57 to 75 of 89, columns 42 to 83 of 85]
-4.4453959894156441 -4.4377784759881038 -4.4369047598978515 -4.4372796238431649 -4.4444496969296221 -4.4510424927850805 -4.4583313958458799 -4.4690584980826351 -4.4807396538610167 -4.4926848363065375 -4.5043984619023121 -4.5088391573285795 -4.5196933583318817 -4.530097675797137 -4.5400867581762103 -4.5495471691176572 -4.5582233790235041 -4.566857639822234 -4.573262241425109 -4.5807683426717949 -4.5891369374306592 -4.6166006719980244 -4.6506642687394191 -4.6819469521064825 -4.7061739433380101 -4.7236685519765116 -4.7345184104088558 -4.7452665239153529 -4.7581750287344837 -4.7664976896938178 -4.7613929754982323 -4.744739507702918 -4.7263053783537847 -4.7028072400700411 -4.6786386763853622 -4.6566345515358822 -4.63647382406117 -4.6186742849221432 -4.6126035539389107 -4.6010910401910312 -4.5589601675952123 -4.5565478605557885
-4.4616752860345485 -4.4575057310886539 -4.4574157547102287 -4.4530483131158061 -4.4552164179457723 -4.4639217346106612 -4.4708185464440122 -4.4790675861745477 -4.4863270372873618 -4.4958236859876672 -4.4979444352437401 -4.5073937264344943 -4.5165661665374124 -4.5254163171651856 -4.5338987627996516 -4.5419148669552092 -4.5493157855130377 -4.5570497277563247 -4.5627540199061745 -4.5698920812447286 -4.5768821458580575 -4.6080398951555122 -4.6455111980396921 -4.6826901559886309 -4.7134447817713836 -4.730825322204482 -4.7331296038419062 -4.7408614652147909 -4.7530483257158309 -4.7645322047442864 -4.7666116042497695 -4.7572302296911211 -4.7418343065464299 -4.7218916446915671 -4.6931968542892797 -4.6675102511177213 -4.6471363743770961 -4.6257723545379852 -4.6209499744005189 -4.6031790162371635 -4.57147178673757 -4.5612286841200422
-4.4728439354821434 -4.4673339656390452 -4.4759695630492695 -4.4776450363547253 -4.4736569485225157 -4.4723065343156509 -4.4803026126400773 -4.4865968642201723 -4.4936267763395206 -4.5010810917957134 -4.4989228448472058 -4.5066723476988697 -4.5143339444262205 -4.5218391380579579 -4.5291408488072182 -4.5362000837029548 -4.544311564161025 -4.5508834177251725 -4.5583164303340835 -4.5669224918021918 -4.5817796059871458 -4.6089357505543607 -4.6460719383522964 -4.6886158463658774 -4.7306497362372628 -4.7513892099705446 -4.7424416307947563 -4.7418543722765394 -4.7500871453946623 -4.7573824381542424 -4.7619634362728283 -4.7627962923520988 -4.7572975839707379 -4.7360698140648205 -4.7021322028558821 -4.6741411852345749 -4.652601264475078 -4.6321596609097124 -4.6222632894098306 -4.615908793416521 -4.6064343141026534 -4.5754134890404385
-4.4800485263583241 -4.4841618641279304 -4.4791635336035398 -4.4805944009494985 -4.491775336240968 -4.4949684193555157 -4.4916101044812677 -4.5004726056441644 -4.5043805649483701 -4.5101146068603235 -4.5078081150351395 -4.5085467484859691 -4.5129203643403963 -4.5160276604004572 -4.5225364045181049 -4.5291197368895855 -4.5372974550564606 -4.544535836994001 -4.5560981202075137 -4.5672265134326109 -4.587116482052207 -4.6116600485891599 -4.6453574865058727 -4.6901647722850113 -4.7493925401462045 -4.7894329460932967 -4.7604186984999535 -4.7452975557433934 -4.744240078671182 -4.7481317699583538 -4.7529264399220379 -4.7582621128681861 -4.7668389882753832 -4.7380234511832118 -4.7029647603983147 -4.677215926412539 -4.6555273090342908 -4.631856982034007 -4.6320209353375876 -4.6175552513580111 -4.6087197062141527 -4.5833901469841107
-4.4897934665407293 -4.4916329590941118 -4.4930079125504996 -4.4876601581719004 -4.4892201224260457 -4.5011070458824616 -4.5039572807571187 -4.5073727320844679 -4.5112775492888462 -4.5031789892035174 -4.507839443495028 -4.511324636198907 -4.5164515190959582 -4.5217547316497999 -4.5252231687548106 -4.5327632477926061 -4.5390901741786323 -4.5500561343851853 -4.5586990126250555 -4.5701487227940412 -4.5858540559778023 -4.6069110290685611 -4.6336861303403456 -4.6696480994988852 -4.7249175426089813 -4.7607608590842716 -4.7427363238300249 -4.7342566690040861 -4.7328444699197076 -4.7347601528221794 -4.7375999971571385 -4.7405313588966047 -4.739374666788164 -4.7221880298186019 -4.6948645696113731 -4.6740899791448385 -4.6508608397203943 -4.6376785417659594 -4.6333918661870381 -4.6223234486020539 -4.6272316023079636 -4.586563613369119
-4.5027679671856626 -4.5021148939799875 -4.5034281728209358 -4.5044665321021142 -4.4984130591078308 -4.499652066119582 -4.5013204454709186 -4.5138065588408818 -4.5164514875580704 -4.5100566742803432 -4.5180361288412687 -4.5217310916437263 -4.5179312966295626 -4.5223648894103983 -4.5257926794609595 -4.5329576702952483 -4.538993901344198 -4.5502103212228615 -4.5569307478953673 -4.5680118694987799 -4.5821607628137997 -4.5996286242002027 -4.6197071679786461 -4.6445654930113962 -4.6821210026849309 -4.7086773689285337 -4.7122198066503245 -4.7146790863946677 -4.7165590974094709 -4.717841599093676 -4.7194838235478258 -4.7217521955743358 -4.7155202949866615 -4.7030084346768843 -4.6808954160116505 -4.6699058111440701 -4.6525887628010931 -4.634741706227099 -4.6350517975331531 -4.6391872449081308 -4.6417929995948981 -4.6368296619700846
-4.5141573372061083 -4.5160199520657986 -4.5140426819762656 -4.5144941535230432 -4.5148118157182413 -4.5152381843382443 -4.5083480498815502 -4.5093577271305634 -4.5006665086661144 -4.5136599699657989 -4.5159846035684943 -4.518725548758443 -4.5264973650886482 -4.5300055837027893 -4.5361077803302017 -4.5330328684756598 -4.5432850087191126 -4.5498677078908951 -4.5579687798998609 -4.566791159242964 -4.580300125236354 -4.5950265803741139 -4.6119830767174896 -4.6322245184938318 -4.6552582422896105 -4.6756083481795194 -4.6868178083711314 -4.6942598780879941 -4.6987196926488171 -4.7000890803941875 -4.7028799452020094 -4.7003958627053688 -4.6973745310332342 -4.6844093026692786 -4.6778563910417095 -4.661884582286933 -4.6562743034199183 -4.6486823199404625 -4.6572157082493026 -4.6594982147632287 -4.6652050909878202 -4.6646530211008077
-4.524036084199798 -4.528003566786289 -4.5282594421035389 -4.5247870409051174 -4.5241452594669642 -4.5235267548212486 -4.5231242035725536 -4.5151913653163831 -4.5050659986417143 -4.5058740189213244 -4.5072215929396648 -4.5091167342490968 -4.5227433601088034 -4.527829527443493 -4.5359125561400759 -4.5399517681760502 -4.5499044651729177 -4.557316385377753 -4.564374915376038 -4.5730173744127534 -4.5834478087999324 -4.5974626564417767 -4.6051945007257808 -4.6198999626272554 -4.6380014145597039 -4.6537572242651279 -4.6658704050152089 -4.6746035924752185 -4.6809252960247507 -4.6892852874538962 -4.6941399219136759 -4.6888173184515889 -4.6942991765762381 -4.6856252477655218 -4.6780126694724684 -4.6661695975619066 -4.6578598781623617 -4.6569276096500474 -4.6685460011677602 -4.6804722331810433 -4.6721813846841593 -4.6647560486497497
-4.538043654196116 -4.5381469028426302 -4.5372371247866328 -4.5401777914294943 -4.5351054685419951 -4.5319284892113423 -4.5303336682139097 -4.5184945790209081 -4.5095018230432657 -4.509241222039873 -4.5095947757868977 -4.5105790821519838 -4.5122132890889262 -4.5167043765740162 -4.5212015205610365 -4.5417926327954632 -4.550743041215588 -4.5559155817186205 -4.5622699321036011 -4.569970753378259 -4.5791429711636944 -4.5909440362759693 -4.600515513670814 -4.6140961143596382 -4.6280765359747846 -4.6414032736598854 -4.6536423355854417 -4.6625279046224701 -4.6685196024684483 -4.6728433164915089 -4.682026821790398 -4.6836732054673691 -4.6815733153075136 -4.6744604039584621 -4.6691400216617049 -4.6600970925335146 -4.6530147043813486 -4.672241810790406 -4.6835927789862772 -4.6794656924808926 -4.6716090037183315 -4.6465607512798943
-4.5553075362800932 -4.5547312144779664 -4.5524564702964021 -4.5471148864707356 -4.5438582202611704 -4.5419354379758854 -4.5390454410162002 -4.5257055646861719 -4.5255511657465401 -4.5155969856271296 -4.5149734332241529 -4.5150587108309708 -4.5167914119054995 -4.5183323595007892 -4.5264290034340302 -4.5294850149893442 -4.5334465010266474 -4.5384142063204154 -4.545825377813971 -4.5681748688783133 -4.5782188964428574 -4.5860251738137405 -4.5933678307645955 -4.6045514810425621 -4.6155946659327967 -4.6280933959838411 -4.6382422492691591 -4.6421475301115729 -4.6560693366489234 -4.6662304946843181 -4.6687948975945197 -4.6732401338261971 -4.6715719538102398 -4.668520774193591 -4.663348093192587 -4.6685953750739717 -4.6688526915526491 -4.6710440410404512 -4.6734477814539854 -4.664861940615924 -4.6477092014299517 -4.6354341737805456
-4.5776177908215079 -4.5717514612439345 -4.5676856815277889 -4.5629719123587602 -4.5580724576274889 -4.5533442310368981 -4.5347491322783178 -4.5272918429063296 -4.5302463099932382 -4.527888558562978 -4.5263071994135364 -4.519127978203672 -4.5191387565063739 -4.5260535599105065 -4.52684536022696 -4.5292461839013001 -4.5325315239710946 -4.5367594903317539 -4.5419875802065235 -4.5505504828599559 -4.5567147670031067 -4.5614953073237494 -4.5768751783682404 -4.5878455628534054 -4.5976505064041264 -4.602315126425796 -4.6146626723237194 -4.6339485341361648 -4.6402168725397397 -4.6451704820478135 -4.6504434597490771 -4.6553510464665733 -4.6556689153300379 -4.6655406693117598 -4.6624257165350089 -4.6615640785111392 -4.6673904337302599 -4.6731927173687318 -4.6670137361927182 -4.6546845337173322 -4.6469681800944942 -4.6295074223485866
-4.597189845022946 -4.5921750268702848 -4.582686812376469 -4.5757693420991767 -4.5688489424609662 -4.5623186003313645 -4.5446307454187451 -4.5394087170929041 -4.531235661740765 -4.527801819119154 -4.5226327784224267 -4.5291421249641246 -4.5283599538088453 -4.525583907502611 -4.5264997269938023 -4.5282619690902814 -4.5308885739254627 -4.5344036224069715 -4.5388291272736128 -4.5454022416154753 -4.5477954619268921 -4.5569852327303524 -4.5576647241763153 -4.5702350957779032 -4.5856286636285102 -4.5940797775286741 -4.6083847063239665 -4.6219230710872274 -4.6314136932348049 -4.6382281939733083 -4.646024888094578 -4.657742171069744 -4.6595033994285151 -4.6641858959310403 -4.6603930048481592 -4.6707696131108003 -4.6654753796111876 -4.6672236641784597 -4.6625660865912959 -4.6536246702445272 -4.6291776767391282 -4.6266206319139007
-4.6172151081815977 -4.610958791796774 -4.6018138605742021 -4.5889983045155347 -4.5797485370010014 -4.5594048716557856 -4.5516575172391009 -4.5449957524026328 -4.5394436744371811 -4.534979561197571 -4.5303542376545494 -4.5279249919892308 -4.5332465566106697 -4.5326277412224538 -4.5230468190055904 -4.5242221345068998 -4.5320650001159795 -4.534856701294534 -4.5318985160032987 -4.5320464964096709 -4.545288783857603 -4.5513048622597463 -4.5645732536523242 -4.571544092744066 -4.5794677322654431 -4.586846282756075 -4.6009775983769643 -4.6080920537901662 -4.6243061472150355 -4.6326468751902237 -4.6355649206812464 -4.6416982062716157 -4.6471725672520421 -4.6562786008554848 -4.6719395447243928 -4.6677995868988731 -4.6682675042534054 -4.6542647340407566 -4.6515876049549867 -4.6192997589583529 -4.6269065234102404 -4.6239844768371041
-4.6359933935359123 -4.6256131352330767 -4.6213324531922702 -4.6088276860838571 -4.5817452894679764 -4.559454966371157 -4.5498283722622368 -4.5501910272005812 -4.5434460737357512 -4.5408437305216403 -4.5277375168401104 -4.527372710273319 -4.5252227464951318 -4.5277667147500784 -4.5274586435223458 -4.5280064812742253 -4.5194894035620621 -4.5277271507578671 -4.5241413536948079 -4.5379669090335613 -4.5423844722338229 -4.5467139449134439 -4.552362489277253 -4.5584757836452461 -4.575500912489165 -4.5895552457338642 -4.5974558554974703 -4.6035739000926199 -4.6121383835298779 -4.6202182338025928 -4.6285031129971799 -4.635658789017894 -4.6484876945871427 -4.6740279111217582 -4.6766464499106792 -4.6686444554760955 -4.6636832361380192 -4.6371536953860586 -4.6266213374814242 -4.6166002726004454 -4.6305692555164892 -4.6233949830929273
-4.6635560433687147 -4.6445767843901855 -4.6303934270622049 -4.6203326065087396 -4.5937859770706249 -4.5771905608010286 -4.5660068280937169 -4.5565623920506058 -4.5517035563910282 -4.5453536901408214 -4.5477376180078766 -4.5466798137949835 -4.5439156773292293 -4.5278730719872486 -4.540610123731005 -4.5405427002119314 -4.5546257410883193 -4.5514033879161797 -4.5534934285524802 -4.54535464929232 -4.5488911563588843 -4.5523713927614775 -4.5570373904089694 -4.5629604626448508 -4.5764750448622422 -4.5835961504381206 -4.5889549034257824 -4.5970304704986482 -4.6044355623086064 -4.6118237003913842 -4.6219936125048431 -4.6318359593452065 -4.6589479167335393 -4.6687982501401173 -4.6737586209825315 -4.653417623898525 -4.6394161799383076 -4.6269691406581472 -4.6162241379650899 -4.6408992969790601 -4.6278281037989926 -4.6381315534019487
-4.6984942956741547 -4.6760132373324996 -4.6545070826593093 -4.6232320914070391 -4.6054657950147693 -4.6004045854979516 -4.5840659942060018 -4.5768391157074673 -4.5682147624924498 -4.5690625825761497 -4.5634760309538134 -4.5637688328413013 -4.5605068557553672 -4.558217486068739 -4.556809800431382 -4.5533805986744085 -4.5488406485180652 -4.5497491482416104 -4.5513255433947251 -4.5535295081135372 -4.5557685079143289 -4.548033004100823 -4.5528408351795351 -4.565687673220066 -4.5718763644438773 -4.5762593074113465 -4.5835480919626406 -4.5901173614518447 -4.596582909335913 -4.6072586209736857 -4.613197504283165 -4.6410019782081138 -4.6482997581231746 -4.6483432429817118 -4.6370986853006819 -4.6389258697869868 -4.6249252221544408 -4.6145415222242301 -4.6447375590065842 -4.6370643213773999 -4.6414178309666863 -4.6356163749691133
-4.7128940959251873 -4.6882353142586419 -4.6538689482490749 -4.6310219354455171 -4.6142682297552771 -4.599609393715232 -4.5995035034471421 -4.5841222446735372 -4.5829385579116302 -4.5754075679910713 -4.5693438868123586 -4.5645603881739625 -4.5609011468041798 -4.5582374943885293 -4.5587524284144081 -4.5529490912702535 -4.5527271599263424 -4.5531849567712994 -4.549211746165013 -4.5503556746037148 -4.552623613286924 -4.5564131843997506 -4.5686709932469975 -4.5738807814064746 -4.5778097026400193 -4.5729448191337756 -4.5769331941126721 -4.586398186643974 -4.5929444609041674 -4.6007364353569669 -4.6173410430592163 -4.6196217371733157 -4.6127255471957103 -4.6105780929788995 -4.6141991696446381 -4.6215860423878796 -4.6189874416656123 -4.6462653730739714 -4.6392530089335384 -4.6229978859801202 -4.6379948822466597 -4.6294688573360991
-4.7267651375941906 -4.6794646013319525 -4.6497564587523774 -4.6299680721122929 -4.6090827587314589 -4.6062978811447621 -4.5919664949837404 -4.5876060492331741 -4.5886655112380295 -4.5763706648940854 -4.5699723624105122 -4.5648819242360101 -4.559366499984181 -4.5603041832511853 -4.5533211047028992 -4.5520540006977095 -4.5515047892315934 -4.5516091024652514 -4.5517804197966409 -4.5530386988070326 -4.5655297356277273 -4.5640536217743488 -4.5666621435982702 -4.5705663461699011 -4.5748942746717809 -4.578582995088909 -4.579244369440711 -4.5869886248750582 -4.5896814835937096 -4.6092926017509619 -4.6062641950621996 -4.5896302799993762 -4.5935824726415628 -4.5958283038171679 -4.6038311932676459 -4.6259203191464593 -4.6182768049712042 -4.6352479379323182 -4.6295598445199584 -4.6560082534446732 -4.6514529556122604 -4.6633538530262992
-4.7132660056193885 -4.6800005222593537 -4.6502963758414886 -4.6283344856771302 -4.6073103155886637 -4.5896828091674227 -4.5840593891709691 -4.5776482749832521 -4.5708090985470768 -4.5705184068874996 -4.5594110697961758 -4.5672771238944616 -4.5631508239316343 -4.5570346150834382 -4.5525319895297365 -4.5510249076546589 -4.550209632342999 -4.5494749872113953 -4.5498536360745803 -4.563601479535432 -4.5609618355849104 -4.558264428971837 -4.5626142928534028 -4.5664040526944643 -4.5700881519717225 -4.5643753136036098 -4.5705484548035731 -4.5800482792388681 -4.5888067358582436 -4.5855725090889781 -4.5894014284144129 -4.5928559811567968 -4.6003195804543857 -4.6060813034844816 -4.6300281182556313 -4.6281335917985382 -4.6394656990979399 -4.6461084850647874 -4.6602160593719377 -4.6485529749971182 -4.6437207379808365 -4.6607238370194004
