codes_tests/data/T&K/Benoit/Log_Plio_profCrepines_050_75m.grd
ncols 85
nrows 89
xllcorner 663750
yllcorner 6152250
cellsize 500
nodata_value 1.7014100000000001E+038
[rows 38 to 56 of 89, columns 0 to 41 of 85]
-4.3724050952862843 -4.3967945108637494 -4.3957120698486358 -4.4048353960216629 -4.4438498043561738 -4.4279401433794607 -4.4548519594667706 -4.4639355506462497 -4.5085935174874132 -4.504877306979358 -4.496077036784448 -4.472774872608241 -4.4549903454349966 -4.4348073549348195 -4.3959761808116165 -4.3669262956150341 -4.3478832291093426 -4.3220709818883085 -4.3140855539978045 -4.3093418673343953 -4.3228052415197027 -4.3378016599717126 -4.3505951611116878 -4.3595708738755539 -4.3768742592311751 -4.4016131446929982 -4.4175055214544967 -4.4169346617921841 -4.3839842565502547 -4.3410756047908183 -4.2800090211230346 -4.221359720239378 -4.1562250820189828 -4.0856959141056777 -4.0420639195723469 -4.024422809741651 -4.0082150664828591 -3.980403920570593 -3.9542498199103004 -3.9537604619125806 -3.9649716955814593 -3.9674454293409021
-4.3822684523922 -4.4110660858560546 -4.4306824668493938 -4.4163133728739536 -4.4281790300884705 -4.4443717891169463 -4.479233870715448 -4.5336212581652848 -4.5286408129499023 -4.5249372194904476 -4.5144229408616177 -4.4897655006480353 -4.4753807130183016 -4.4454747891053588 -4.4171112498883272 -4.373372437751005 -4.3452279424767042 -4.3139790089281522 -4.3013923360714372 -4.2939596784848142 -4.3153628917538498 -4.33529850952893 -4.3495888248422752 -4.3627646770751705 -4.3816045491391451 -4.3980866090449915 -4.4340035189069908 -4.4254926961095071 -4.3910224439774197 -4.3442223427785587 -4.2863474404648745 -4.2252297328539061 -4.1567793152341341 -4.0787066679184445 -4.0279616392857207 -4.0052608080844845 -3.9762478701913126 -3.9282162902059543 -3.8805508487433582 -3.9047106431504561 -3.9494138037679796 -3.9604362238511608
-4.380129856468165 -4.4181775128562304 -4.4394316016318633 -4.4276523050940595 -4.4412701190278083 -4.4680673466650465 -4.5516515207385053 -4.5439680488965255 -4.5485674652503043 -4.5461234887750628 -4.5362345706221827 -4.5162181008709608 -4.4928335976763476 -4.4578823677960893 -4.4288604443980679 -4.3876188377441387 -4.3539645154249786 -4.3258308015452815 -4.3078632792241791 -4.2998085989421986 -4.3202963242302319 -4.3397969728132848 -4.3540835661774935 -4.3696571559190636 -4.3867841662055262 -4.4082834118723655 -4.4353391423462059 -4.4267511236820445 -4.3908116705672704 -4.3444036737538632 -4.2944952416746398 -4.2391317024865058 -4.1779676074232768 -4.1127430763835928 -4.0541660466325462 -4.0056231044185768 -3.9509536421989138 -3.8750757880478348 -3.7786951192670015 -3.8599025777772296 -3.9446464172536517 -3.9624182033363615
-4.3901676016994253 -4.427665953656561 -4.447342799756747 -4.4381194688374066 -4.4486899494553978 -4.5567889418350731 -4.5655263311989929 -4.5740411842227244 -4.5669228080039819 -4.5752383768227221 -4.5588088818585737 -4.5413842083596769 -4.5122904693553938 -4.4748974208757097 -4.4445395238567365 -4.4147326886091607 -4.3770183008174941 -4.3459446045163439 -4.3323578338101187 -4.3279579385990949 -4.3372853866944423 -4.3510739984459228 -4.3620222564387374 -4.3818897792431919 -4.3952643014599833 -4.4075050265555022 -4.4217132462210547 -4.4137405589456868 -4.3861547166516823 -4.3470494135783921 -4.3062104222369211 -4.2619844198664616 -4.2101701491545285 -4.1520924816809206 -4.0876297617026189 -4.0249030202941709 -3.9594129189946736 -3.8889038991383638 -3.8389233125270694 -3.874088307751967 -3.9421420024318663 -3.9560677521163461
-4.3942401278372314 -4.4271112393745859 -4.4602826118103209 -4.4308154613626023 -4.5226126493793748 -4.5466743402358798 -4.5840783981982494 -4.6038337648892975 -4.5957348730890617 -4.6069222620335575 -4.5890356995082255 -4.5655113203160669 -4.532181720396828 -4.4984528740463361 -4.4617620557520468 -4.4334673599014991 -4.398247007418508 -4.3722099355054809 -4.3578639354730591 -4.352529273376291 -4.3570464054275586 -4.3655080545316718 -4.3721828289250873 -4.389388944129867 -4.3992433086573275 -4.4094877585653327 -4.418510999464587 -4.4060950402430779 -4.379536123256127 -4.3484350852624907 -4.3167177705138897 -4.2817579768379943 -4.2476869735395484 -4.1938400869701296 -4.1237459827282672 -4.0556506144592257 -3.9921633393669831 -3.9362435361373764 -3.9035453987030211 -3.9081614933321589 -3.9290033352190226 -3.9379523217273888
-4.3969520032557412 -4.4308920226852972 -4.4646351777811013 -4.5126045052885484 -4.530125639121783 -4.5732970372510948 -4.6161147057706389 -4.6198097620885887 -4.6303579068151191 -4.6347183428825343 -4.6184718122103039 -4.5913575867126175 -4.5492133737654719 -4.5142266808655984 -4.4778464699677558 -4.4513785568390078 -4.4290793784458469 -4.4033060456866124 -4.383292114332936 -4.3776941394963123 -4.3756135057113017 -4.3795619848029155 -4.3898185152640119 -4.3960489973741428 -4.4030051336880138 -4.4155673789233649 -4.4169211601281759 -4.4036889289430521 -4.3774266521743757 -4.3509988247002553 -4.32468902222897 -4.2953166089615813 -4.2652241023568029 -4.215949112712968 -4.1518964435482788 -4.0880421974591492 -4.0307266835748354 -3.9840183381904706 -3.9523992654409872 -3.9383596620766714 -3.9337362958862223 -3.9279688259456416
-4.3981054239676913 -4.4191131174948017 -4.4653592275292509 -4.5150485143324577 -4.533339806802088 -4.577644191252185 -4.6240573328736652 -4.6295689289469175 -4.6574161390011906 -4.6674248323958745 -4.6244103232557912 -4.5970499725729113 -4.5599763044036372 -4.5257397960587564 -4.4886746704217124 -4.4665286941195088 -4.4464468779477189 -4.4330318907392012 -4.4033902805777272 -4.3993939266799025 -4.3945229235286796 -4.3928794990642182 -4.4002869771607642 -4.4016643648178508 -4.4065124151566257 -4.4158356187795151 -4.4145925533476946 -4.4042170074276843 -4.3783018418093764 -4.3563949395404942 -4.3316076413257036 -4.3032817482398871 -4.269217047192166 -4.2270160650500017 -4.1723319417162639 -4.1182704814329174 -4.0674122061164404 -4.0240538070202554 -3.9908617139017841 -3.9677526737062045 -3.9492081396288419 -3.9300036807709358
-4.3976311736591001 -4.4124221092067195 -4.5394153575254057 -4.5233888108254146 -4.5409763492479183 -4.5748271729064349 -4.5999284057896475 -4.623553599940875 -4.6383002836051528 -4.6340295381724204 -4.6192658209995976 -4.5910959761806769 -4.5627189144101266 -4.5318064499158073 -4.5039139745403229 -4.4780441728995273 -4.4659423082487724 -4.4496045605064971 -4.418861218071009 -4.416066748611116 -4.4110141463484815 -4.4045500090522118 -4.4083395392694165 -4.4081901873447205 -4.4174531900724947 -4.4182852739795413 -4.4150354185418834 -4.4017417859193495 -4.3819262671890744 -4.3615020198853047 -4.337885429921096 -4.3100154332961296 -4.2758945253634568 -4.2376488060752608 -4.1930111973557924 -4.1435693901103754 -4.0999111010220934 -4.0580267813805442 -4.0238567083679815 -3.995628329750792 -3.9711293650480304 -3.9463893189125701
-4.3862306237408824 -4.4926722197560478 -4.53687661618706 -4.5170964802275648 -4.5354159871026294 -4.5623968239244244 -4.5866891182780547 -4.6138504916764207 -4.6099501506033178 -4.6096428063904895 -4.5951921896693078 -4.5759296062126094 -4.5642656079213841 -4.5328035598279568 -4.5087290784284102 -4.4857066892695148 -4.4733712215545687 -4.4623145708829091 -4.442961983185584 -4.428733566767999 -4.4228946874323505 -4.4319202000195412 -4.4164117961525386 -4.4237520480879127 -4.4263428147299138 -4.4225916559485476 -4.4147035700560888 -4.40060132935157 -4.3883058396748638 -4.36853008791189 -4.3450701659075852 -4.3179374028171633 -4.285153925368018 -4.2491311628443933 -4.2106464114981002 -4.1677417293678545 -4.1272059534736352 -4.0876483995195958 -4.0534957022722775 -4.0232690354654572 -3.9963121442281495 -3.9720624298431702
-4.4713303675548275 -4.4891125473095279 -4.5325738612880588 -4.5256006904496626 -4.5254954133989509 -4.5601264047926833 -4.5713381908678326 -4.5704711738448474 -4.5870483656961287 -4.5822745277281998 -4.5727478106332908 -4.5609786001831001 -4.5419884720580308 -4.5300888303425229 -4.5101127718267424 -4.4883247261818662 -4.4807573083838186 -4.4719260133324585 -4.4533764735734325 -4.4511175604233131 -4.4331375204221635 -4.4420012493395635 -4.4251889070127008 -4.4311077593765296 -4.4329637160382811 -4.4257051106730643 -4.4201189494053743 -4.4062082515961674 -4.3942950236729477 -4.3767001240603127 -4.3554295201689346 -4.3279576538118478 -4.2979336300662689 -4.2632150905275665 -4.2295297677595567 -4.1922333077643632 -4.1518761192636129 -4.1159740484699023 -4.0807281956534656 -4.0501469609500944 -4.0229301416175023 -3.9999054527663889
-4.4656795499645723 -4.4844264511181784 -4.5021481644209667 -4.5180259285911495 -4.5153056031856158 -4.5475960413140513 -4.5552133841179705 -4.5499082142530547 -4.5773766884609746 -4.5591189097154983 -4.5619919040034098 -4.5403471885158533 -4.5229299831924896 -4.5232510921477873 -4.509032147322058 -4.4944685214998641 -4.4863534211704748 -4.4789554763307162 -4.4697321795530973 -4.458538716484 -4.4535156167975831 -4.4522096675550431 -4.4476977636726147 -4.4417525719377062 -4.439274602338716 -4.4328699883125271 -4.4278380793696108 -4.4145914326999272 -4.4055144315152379 -4.3847854845916938 -4.3668790611384196 -4.3414303548402096 -4.312475329023636 -4.2788440373778771 -4.2462461795212576 -4.2128153601584568 -4.1780141914685851 -4.1405249488264992 -4.1076831904806355 -4.0754659154770261 -4.0484459009535358 -4.0263761802174773
-4.4612570334942943 -4.4719478979549505 -4.480482331566388 -4.5096922779495419 -4.5045083204937422 -4.544142383433833 -4.5436194481028753 -4.5295775432314711 -4.5285247879375294 -4.5557547010845045 -4.5447405883555598 -4.5257615463092833 -4.5124903464237347 -4.5137401493912632 -4.4978679204184955 -4.4947257184726173 -4.4892610793606673 -4.4838707270859341 -4.4760429999071834 -4.4657867674487877 -4.4757354693739781 -4.45742094359173 -4.4642420531523177 -4.4494697105139576 -4.4467759430549645 -4.4430819736599503 -4.4367928118349393 -4.4263790075255507 -4.4186088914048272 -4.4003411825646612 -4.3815695380476818 -4.3565270424612645 -4.3277686454230029 -4.2981475092111303 -4.2646932880300605 -4.2329985016435892 -4.199963014116201 -4.1668735105600838 -4.131154731813905 -4.1004612014226911 -4.0713314590768492 -4.0492276523860218
-4.4564225312343808 -4.4660235409229596 -4.4605534679612431 -4.5011751637619888 -4.4938198547806305 -4.5323332831109795 -4.5232008649415532 -4.5130834335394283 -4.5211375424040714 -4.5221715381178447 -4.5298173847119383 -4.5232427300163165 -4.4956216002159373 -4.4923772638508943 -4.5007956911782863 -4.4901349273402991 -4.4964538482477874 -4.482991834940723 -4.4807219750345526 -4.4713125627435035 -4.4831930453935271 -4.4915587454048929 -4.4720411837715055 -4.4616920882592357 -4.4551298408412876 -4.4552054702671828 -4.4503441280200091 -4.4398851356025864 -4.4351527157978357 -4.4226326449279307 -4.4005893291341245 -4.3769387361398584 -4.3448984279431651 -4.3151098890507118 -4.2844513369373463 -4.2533242086068705 -4.2215557958944236 -4.1891675810977649 -4.1566459336604789 -4.1216896613435399 -4.0927358032451222 -4.0675604543935862
-4.4514067204815078 -4.4582297416532697 -4.4530701217662791 -4.4938704805660574 -4.4993476775529864 -4.5124263406249376 -4.5197782030094089 -4.5043268845543691 -4.5024110129376309 -4.5061844990056965 -4.5370112256798336 -4.5121398599026605 -4.5058540312610802 -4.4789887698388835 -4.4932192271196554 -4.4948724768385357 -4.4890220864900821 -4.4849827355468923 -4.4842187664835516 -4.4718902491065462 -4.4891748965390654 -4.4955252913896739 -4.4915033714984016 -4.4650396805707562 -4.4685361590478365 -4.4651511286430301 -4.4637985478639077 -4.4564636648965008 -4.4540071148501008 -4.4477469710719744 -4.4351276735389327 -4.4066921171513869 -4.3622304110485608 -4.333860005187959 -4.3053230621254723 -4.2745990047261504 -4.24342883428936 -4.2127388077121104 -4.178556457969683 -4.1449570594844865 -4.1095596602840176 -4.0826704954855426
-4.4463945860987053 -4.4522710485541914 -4.4386199345644357 -4.4648035099168482 -4.4903066034037495 -4.5023892085427555 -4.5088003656865165 -4.5019025201289811 -4.4890749697588141 -4.4937960809088189 -4.5040999198569622 -4.5124961302365669 -4.4978156534770566 -4.4719923786613904 -4.4807150305501873 -4.4826794301372397 -4.4886294287850577 -4.4840098610655037 -4.4851880439878773 -4.4888415648275606 -4.4941954554536023 -4.5001752426471056 -4.4985264960267823 -4.4879671523600697 -4.4767260816072847 -4.4757266361214931 -4.4652336618281376 -4.4698892705918638 -4.4738504081367294 -4.472672315845946 -4.4694297498097377 -4.4452128577333179 -4.3933618671682177 -4.3581918892004126 -4.3270619658309482 -4.2961486236155126 -4.2662834574785631 -4.236252492097341 -4.203110720656241 -4.16700376435836 -4.1282405714077832 -4.091496663116609
-4.44720343584539 -4.4464622204737392 -4.4317119059855363 -4.4572069300779438 -4.4821022695202561 -4.4934514809209318 -4.4984945895458344 -4.5011958448026572 -4.4846036541379526 -4.4831955465363507 -4.5008314379135186 -4.4940075033062454 -4.5009079826981697 -4.4768717200864874 -4.461906547810119 -4.4807822368496115 -4.4880493387033358 -4.4844151644464976 -4.4805041957090044 -4.4842448254106078 -4.5163398053290189 -4.5054997803891936 -4.4989383658141548 -4.4947110296403885 -4.4949095692715462 -4.4958730272448095 -4.4751986186184496 -4.4833970192373043 -4.485742270909725 -4.4891509393928937 -4.4858359090990492 -4.4644491935735324 -4.4214570013641579 -4.3832304100341286 -4.3479422273564587 -4.317833830765041 -4.2893119864699019 -4.2613032291106574 -4.2303894266525637 -4.1924709425011066 -4.148191073308209 -4.1020817908092848
-4.4457662646028844 -4.4467718788340616 -4.4233549283680267 -4.4435193124149075 -4.4649870575293296 -4.5014993279345079 -4.4810406197057766 -4.4924918007044319 -4.4788743617059001 -4.4752503964240322 -4.4879412513360011 -4.486669211698878 -4.5058293697781568 -4.4816532462377223 -4.4687486596767627 -4.4564225583832906 -4.4930348676844645 -4.4879106867112197 -4.4810848959413292 -4.4862223937551589 -4.5099003298459337 -4.5100340460435149 -4.5039971568917343 -4.4993924182563259 -4.5017060849632751 -4.5039043616662813 -4.495123839289894 -4.4935448785690646 -4.4977518218989019 -4.5007969337460052 -4.4948008307918519 -4.4732393608537393 -4.4385810709216216 -4.3992701188479622 -4.3649411245663128 -4.3355616597683913 -4.3119878311035755 -4.2902933303834274 -4.263626020575245 -4.2276179118757771 -4.1793145601560093 -4.1215076206341834
-4.4415110076814681 -4.441881132153112 -4.4174881019289476 -4.4232100955232498 -4.4473022259456449 -4.4948590417290903 -4.4735805395327501 -4.4849950424028977 -4.4710137851658676 -4.476654267270332 -4.4780626609090497 -4.4832513706700929 -4.4788090765155166 -4.4972242995372511 -4.4648018317774234 -4.4563684987602272 -4.4834094253349557 -4.4884830283974129 -4.4814833496711017 -4.5100990087424462 -4.5272879272920319 -4.499840321450554 -4.5081367131304546 -4.5119877499587426 -4.5072246971889856 -4.5104031072680204 -4.5021866031909461 -4.512252447284153 -4.5078357967181484 -4.5096640943103292 -4.5077675453840413 -4.4899555338542187 -4.4529250130815274 -4.4097220085438416 -4.3716839018294786 -4.3489471161236102 -4.3334583657373846 -4.3223385303126092 -4.3063021715409233 -4.2747663485858673 -4.2290150050375557 -4.1770980369560622
-4.4375801293842549 -4.4405782157861058 -4.440411711579098 -4.4153803275253418 -4.4343587354686527 -4.4901566434452063 -4.4671086476052135 -4.478538366529107 -4.4642569729270569 -4.4643808169845629 -4.4822910528637285 -4.4702830944675274 -4.4739209143831289 -4.472885599533365 -4.4792020998769777 -4.4521748662270477 -4.4729396191421982 -4.4879524808668982 -4.4858881611428778 -4.5329754405102687 -4.5318465165117621 -4.5022101716984615 -4.5046420351636147 -4.5099874925561378 -4.5116890047962173 -4.5152099881337779 -4.5054504617325115 -4.5187067908123062 -4.5250251719632795 -4.5205950149177365 -4.526417359751739 -4.5121648883790462 -4.4716126953873045 -4.4134503978461481 -4.3675191820880084 -4.3495209203969161 -4.3515610328283785 -4.3564731041565992 -4.3581850264177255 -4.3333436968963044 -4.2854654415428559 -4.2413550836726017
