codes_tests/data/T&K/Benoit/Log_Plio_profCrepines_050_75m.grd
ncols 85
nrows 89
xllcorner 663750
yllcorner 6152250
cellsize 500
nodata_value 1.7014100000000001E+038
[rows 38 to 56 of 89, columns 42 to 83 of 85]
-3.9603989752644035 -3.9619269650859867 -4.0179522229748041 -4.0853334963494188 -4.1573059105590691 -4.2293654431720444 -4.2941529908334566 -4.3433834076642288 -4.3449215279640736 -4.3929250311675698 -4.4353208445633765 -4.4422684877503107 -4.4420651060126772 -4.4243364104598726 -4.3931008813283015 -4.3503670315163836 -4.3028326404187105 -4.2837187524164646 -4.3197286031529618 -4.3518931949313568 -4.3665381754770207 -4.3588958769071358 -4.3318019068601483 -4.3106280537766004 -4.3187400978064812 -4.3414318026622585 -4.3652171685866907 -4.3886156919618964 -4.4141166333957456 -4.4396416631957045 -4.4652979133036288 -4.4780699636837511 -4.4694620567897232 -4.4422213279142264 -4.4107398064878662 -4.3861007655606423 -4.3675843191575252 -4.3521998312384831 -4.3383512711500165 -4.3224365605419424 -4.3158383804012219 -4.2974785481226112
-3.9614871418769435 -3.9743634726720609 -4.0135529120793692 -4.070532049122531 -4.1357469341321531 -4.2037749124105757 -4.2704380841676413 -4.3291044489301704 -4.3584324805047103 -4.3854523778814913 -4.4070106308886947 -4.4084611432984744 -4.3937887398822415 -4.366833987127313 -4.3397648626711174 -4.3123544149438446 -4.2802954545221503 -4.2725681924415015 -4.3155329188311722 -4.35278026150141 -4.3731307234266215 -4.375445985518807 -4.364567951834827 -4.3535133837340938 -4.3540498886061503 -4.3658924526155838 -4.3799976154046067 -4.3921511681706606 -4.408584926330585 -4.4301102130218091 -4.4487207521217496 -4.4532657338624215 -4.4499378167991521 -4.4365386747337237 -4.4184434464054991 -4.401724314819468 -4.3827796536598242 -4.3664910552843388 -4.3513341369864307 -4.3341139830040696 -4.3262685878783866 -4.3168369100449171
-3.96315919510252 -3.9754645861735756 -4.0067803655140999 -4.0549385301665524 -4.1136241376683174 -4.1770558942519695 -4.241081563612604 -4.299485159431665 -4.3424910732542923 -4.3706163261009383 -4.3850850849005862 -4.3828140017447197 -4.3616300520318685 -4.3214254921397899 -4.3084443823321301 -4.3067057450498378 -4.3065231399364707 -4.3169832421117684 -4.347430496359145 -4.3814115931713786 -4.4031082215637429 -4.411140142856862 -4.4046180899882286 -4.3916958682481599 -4.3842783278222051 -4.3867280553660235 -4.3929830018039162 -4.3862806035400848 -4.3924313095993446 -4.4113179365371717 -4.4288500969525426 -4.4340686720018736 -4.4318254932534114 -4.4287313997275604 -4.422612401709582 -4.4128857138606374 -4.3946918907066674 -4.3773929329446482 -4.3614783088550384 -4.3435508334876261 -4.3349722140608478 -4.3247679658119988
-3.9546910491942544 -3.9642203162700151 -3.9909555923228379 -4.034785631963131 -4.0901377761307831 -4.1501768433583077 -4.2119796087270842 -4.2777819963784633 -4.3296240481118451 -4.3598530031321197 -4.3735696982065804 -4.3740445835739967 -4.3619055401911702 -4.3424260891662261 -4.3450369108940485 -4.3436948323939308 -4.3486644713492604 -4.3629707571959866 -4.3908732012858245 -4.4273126344322096 -4.4559468942570089 -4.4691791943783574 -4.4476663540820782 -4.4239307145571196 -4.4051891760411319 -4.3922343459076814 -4.3791539322621542 -4.3637248517335792 -4.3611024010514754 -4.3758913834094759 -4.3952377141603822 -4.4084214206978851 -4.4184930144291288 -4.4179311882567109 -4.4196537094660577 -4.4189598439642674 -4.4002559784785786 -4.3832217069994037 -4.3684650261200915 -4.3506772700485783 -4.341946236625402 -4.3313643311069514
-3.936848545688211 -3.941504953841128 -3.9651037740619359 -4.0096309050578975 -4.0671348736897901 -4.1286798997042569 -4.189728875968143 -4.2699926614804227 -4.3291895791334962 -4.3555730524352825 -4.3691018999851119 -4.3765876549059666 -4.3817700296279911 -4.3927387367814301 -4.4051203507818961 -4.3966628180146108 -4.391995769647858 -4.4025838706584883 -4.4282546102862028 -4.4664926235891498 -4.5125897351943127 -4.5098010482628377 -4.4780408485532224 -4.447262931212963 -4.4188622347072002 -4.3911346640028803 -4.3603913098436742 -4.3297652864091898 -4.3161433488641112 -4.3322397091403788 -4.3598148837744244 -4.3835843570916078 -4.4015831955831333 -4.4129950857653171 -4.4113735563943264 -4.4110860526534896 -4.3980212247384145 -4.3851888121968505 -4.3726830498600746 -4.3558041599541184 -4.3474006982171387 -4.3367550754567832
-3.9174651269311282 -3.9111867136279468 -3.9296817254711791 -3.9820090668509724 -4.0475078607268351 -4.1159500243352891 -4.1882362359275653 -4.2691154097638613 -4.3317904955226005 -4.3482689310234175 -4.3631003815334957 -4.377749535772236 -4.393334875658983 -4.4173160652011276 -4.4584784117436209 -4.4298582249852556 -4.4194679386609543 -4.4281052582311347 -4.4504507034825798 -4.4807391118604158 -4.5070193663732674 -4.5099413991421269 -4.4909888079291456 -4.463253110812385 -4.4313214212625889 -4.3950392157376825 -4.3512108634390074 -4.2996956417182428 -4.2618050295276495 -4.2965047981006901 -4.3364809023728004 -4.3673651962491924 -4.3901690739049739 -4.4034528350664317 -4.4037499677749388 -4.4056330936018426 -4.3979197930854008 -4.3856371279371675 -4.3753765413950561 -4.3596271792345513 -4.3517332950397476 -4.3411702294085339
-3.9083768635125455 -3.8831152104579321 -3.8889418504799425 -3.9620817311356689 -4.0350764808592503 -4.106017081986165 -4.1769349227071579 -4.2458637770273775 -4.2985370447295557 -4.3278870586912879 -4.3483489124351546 -4.3685789412829541 -4.38472129236811 -4.4020817116281261 -4.4209653887459943 -4.4210063756955931 -4.4242380841734148 -4.4384295375938576 -4.459786504735952 -4.4843550269413948 -4.5043870117586486 -4.5104542745823286 -4.5003800587525227 -4.4787777940120801 -4.4487831121720944 -4.4112970503150439 -4.3646497571120291 -4.3103383911174964 -4.2705787606259999 -4.2991141930705776 -4.3357330169559054 -4.3655612870110367 -4.3876355268716498 -4.4008841096274427 -4.410381727347529 -4.4034899649189754 -4.396781785582542 -4.3867367892417901 -4.3757224094263591 -4.3629404043371265 -4.3553948095897503 -4.3448665960168658
-3.9207943097285138 -3.8993274918295295 -3.9094218347341201 -3.9690650983568805 -4.034112343406667 -4.0990626837969044 -4.1626999624296008 -4.2215133996657865 -4.2692107979318452 -4.3028041634361038 -4.3257131970287155 -4.3419111590938124 -4.3525497912124624 -4.3648196091449574 -4.3833574131551583 -4.3999036234211104 -4.4187676435572358 -4.4401838980565058 -4.4624929614353652 -4.4854894131861478 -4.506887915417682 -4.5180428704941482 -4.5142943639776867 -4.4995823594351076 -4.4752022673574183 -4.442243753925319 -4.4016247803656547 -4.3604379512114093 -4.3351012111719029 -4.3384737336708934 -4.3569281442859999 -4.3773833033608476 -4.3944934985908048 -4.4050619047600152 -4.4132545482618744 -4.4170162398856156 -4.4005833310775273 -4.3906659408325588 -4.3789672272229421 -4.3663242083222702 -4.3587246848332111 -4.348035803522059
-3.9506855651691026 -3.9392169631401863 -3.9518039159358991 -3.9906017159322218 -4.041628614540218 -4.0959775748524478 -4.1511210573183028 -4.2029115666290329 -4.2474948266054575 -4.2818594622006279 -4.3044490946464196 -4.3145282973366772 -4.3144280910220392 -4.3198639473313944 -4.3489609731116499 -4.3836432514592794 -4.4151345004984268 -4.4417437732184313 -4.4639929776951481 -4.4844247039484806 -4.5111119081818032 -4.5318732982635161 -4.5334518772324195 -4.5280891363760958 -4.5118258019359132 -4.4855171929540774 -4.4516761307114088 -4.4180001682653067 -4.3940882755771478 -4.3855457972454293 -4.389022781911736 -4.3984307521103432 -4.4085209667076573 -4.4149590950832156 -4.4208031847192171 -4.4229167528312985 -4.4216782461944408 -4.3956311153320771 -4.3832597531595887 -4.3699880942178453 -4.3618341257546271 -4.3507304410375944
-3.9832293890273682 -3.9761573623632627 -3.9847507331124614 -4.0116871299795251 -4.0508288667495984 -4.0961101533212521 -4.1427757198478687 -4.1894514683826269 -4.2328993923592471 -4.2695700037244873 -4.2944358240942151 -4.3022117954452259 -4.2904237858073042 -4.2708706898756796 -4.3293752865110902 -4.3802111264269978 -4.4204571961091315 -4.4504208689459244 -4.4708850168191479 -4.4822410999362843 -4.4901047241777601 -4.5294044611441944 -4.5567642823556103 -4.5662687594104501 -4.5591280726463159 -4.5383344638174563 -4.5077141759398032 -4.4751025727120801 -4.4479723972009175 -4.4307250640424272 -4.4232193679346405 -4.4230258761724306 -4.4255498904395498 -4.4284485930666992 -4.4317546873083815 -4.4322290957762842 -4.4294566775541302 -4.4178916666190737 -4.3883687052541474 -4.3746899673216877 -4.3645488399864742 -4.352827367494962
-4.011374172508015 -4.0059494666676985 -4.0110925992036757 -4.0286109962312215 -4.0595650858602941 -4.0966816600042417 -4.1368087458129006 -4.1786378621077471 -4.2231913881567467 -4.2667747145601869 -4.3011534637395759 -4.3159075347651834 -4.310712677981301 -4.3099203675895978 -4.3500237922923102 -4.3985203419479575 -4.4406051369610466 -4.4718678147919677 -4.4921888061313773 -4.5018772689575721 -4.5056997927442266 -4.5514314812866417 -4.5968268637616294 -4.6182258260862348 -4.6178995136084264 -4.5991831047764418 -4.5666798604643404 -4.5297658231319442 -4.4963509880677988 -4.4709761718009791 -4.4546816935197722 -4.4466302554877313 -4.4433976194374427 -4.4428653217065532 -4.4443242036229247 -4.4436211756561406 -4.4389672036141041 -4.4256524485843824 -4.3959852385804368 -4.3777816507150433 -4.3664006117216676 -4.3540375364444914
-4.0345444283080978 -4.0288784180050197 -4.032497275156004 -4.0441374793828277 -4.0684610293098142 -4.0978429929514641 -4.1300123177080454 -4.167223871843615 -4.212861710538867 -4.2689455029543559 -4.3237487420033496 -4.3524447195881564 -4.3553911903309945 -4.363166665883945 -4.3923144725009058 -4.4339266068061942 -4.4752266525801634 -4.5065613447308586 -4.528906224121716 -4.5480074626997453 -4.574064812909711 -4.616806947332651 -4.659892514960025 -4.6841176809598348 -4.6872679172068175 -4.6665097940681122 -4.6257795102244277 -4.5797461419107677 -4.5377502092449085 -4.5043014546590046 -4.4804683736335456 -4.4657602570790278 -4.457124995110421 -4.4550267007452495 -4.4559010626547293 -4.4557352823746124 -4.449155958439011 -4.4318521071370656 -4.4169570137747076 -4.3790859982310479 -4.366692611383904 -4.3483768630086335
-4.0523475822695092 -4.0469773825441218 -4.0510621724367537 -4.0633458877765714 -4.081958749121287 -4.1005583844175106 -4.1225014997712224 -4.1496487309795311 -4.1933369162561238 -4.2636197407472487 -4.3519571295131065 -4.3968975542937727 -4.3928598844311999 -4.4019426855912558 -4.4301132395703373 -4.4749601208092376 -4.5201193657636667 -4.5492011376602361 -4.5705959804860328 -4.5954688249300064 -4.6320395644680428 -4.6835318209173131 -4.7320028261703166 -4.751312782258168 -4.7611940694942225 -4.7358268797665231 -4.6785700645388104 -4.6211772195541609 -4.5699752207715223 -4.5291706877046671 -4.4991627729238042 -4.4776037739413965 -4.4642588744627298 -4.4608347427050123 -4.4610177076904876 -4.4657097433850872 -4.4573125933212854 -4.4361066767956405 -4.4153852161622211 -4.3780289903400096 -4.359690837544882 -4.3494534463593286
-4.0643209560027662 -4.0601782081410267 -4.0668184949712174 -4.0802866609922166 -4.0961132806173524 -4.1098972637612921 -4.1177701773740978 -4.1275275000095251 -4.1543682912880024 -4.2348318114709729 -4.3313656226753805 -4.3877500706271189 -4.4036401354004511 -4.4216860887999134 -4.4515830826648051 -4.5132471721956353 -4.5730555469070433 -4.5896880372979325 -4.6042027804421002 -4.6287741510055298 -4.6674810361960262 -4.7222265784993045 -4.7774372838610084 -4.7873679757774772 -4.8028007226912788 -4.7766412706954302 -4.7118357771263213 -4.6506594033048243 -4.5926370803018042 -4.5466681404533329 -4.5105250949525377 -4.4802362123921444 -4.4586677639150576 -4.4501672816216917 -4.4480805921243611 -4.4534393359417699 -4.4462615476115346 -4.4264350108678876 -4.4069079445247921 -4.3938136297285748 -4.3590775013695167 -4.3449595549909787
-4.0712644643550711 -4.0685985465743411 -4.0806674310670576 -4.0982433454507792 -4.1154618741488207 -4.1251590784882008 -4.126806999767239 -4.1237854392495903 -4.1221818573016469 -4.209250323657133 -4.2957035242324357 -4.3571082517913489 -4.3957171287818859 -4.4278839421480765 -4.4684953000185841 -4.5368056301510933 -4.6021596286773949 -4.6074030051972521 -4.6186731084094133 -4.6412349334263485 -4.6754819276096313 -4.7181746713504467 -4.7562544250253431 -4.7769830095961741 -4.7837300570777312 -4.7646693159932054 -4.7214703268209917 -4.6702288748124356 -4.6167255422529099 -4.5655621006889548 -4.5172780332629392 -4.4722083505113304 -4.4389259845793791 -4.4208219293206668 -4.4153434310816611 -4.4162516566028955 -4.4149924073988753 -4.409294221962579 -4.3941101225925365 -4.3843930468853376 -4.379333903181835 -4.337557128841528
-4.0701260025081227 -4.0764498727226961 -4.0956811105293616 -4.1183771256336357 -4.1408298317251919 -4.1486584501027437 -4.1474691684516305 -4.1493841934951785 -4.1681862996027679 -4.2173661235680511 -4.2815805695137215 -4.3379701972552667 -4.3838758000159501 -4.4259315264274273 -4.4724805110606489 -4.5245357243696613 -4.5702838125403975 -4.5939705929730046 -4.6117935881131311 -4.6343389606016476 -4.66363357393901 -4.6968128128981981 -4.7275519066667266 -4.7491440283348521 -4.7570896487971535 -4.7470833771775069 -4.7209727658131957 -4.6844818889601854 -4.6400349865680175 -4.5855234894239061 -4.5208390831610137 -4.4550307797714694 -4.4051048226547511 -4.3787303832352347 -4.3724827031799371 -4.3782820149302708 -4.384039893344835 -4.3820408730428291 -4.377792121958155 -4.3716053093993423 -4.3721780845781986 -4.3325899842374724
-4.0686483601582992 -4.0952255834687223 -4.1209154396800214 -4.1407782836222253 -4.1598475782418394 -4.1695690640803562 -4.1734398429455828 -4.1813018476647832 -4.2014101012825762 -4.23790664023654 -4.2842576500829814 -4.3284525032660284 -4.3730878793383559 -4.4164730545637365 -4.4587214560440191 -4.5032780881062342 -4.5414740854389013 -4.5687574549962999 -4.5913384394276795 -4.6145296299227567 -4.6410310505226668 -4.6695916044785584 -4.6972678918442448 -4.7213786884639797 -4.7332390977723531 -4.7317717257224157 -4.7185757233881542 -4.6966475736434479 -4.665032230469679 -4.6112644505498315 -4.5230654651424436 -4.4253955698955671 -4.3554880151598985 -4.3254352498781152 -4.3258830539024196 -4.3395648997954792 -4.351426047785389 -4.3606081568339992 -4.3615596971778947 -4.3627841603803263 -4.3616652699184675 -4.3609073215141203
-4.1428930065417422 -4.1444035470853224 -4.1556507885612515 -4.1719739713556265 -4.1837187828193017 -4.1934530776468009 -4.2009337134983076 -4.2098935572773524 -4.2275599958236114 -4.254498532526239 -4.2886809981809284 -4.3267016049107649 -4.3637695149829234 -4.4041611961768599 -4.4424210756939146 -4.4813280244433233 -4.5153395154748512 -4.5430771947268465 -4.5664144559092907 -4.5883171245568786 -4.6136586133195578 -4.6425834510014328 -4.6725133780725958 -4.6988222878126642 -4.7149941416975203 -4.7197251131696696 -4.7150526958005496 -4.7047030935449365 -4.6904468497351672 -4.6545861658234582 -4.5239977670621592 -4.379025095197643 -4.2808952629172632 -4.2591530565725115 -4.2774186743368947 -4.3057919465441623 -4.3301226052751929 -4.3470669992944444 -4.3515483141020717 -4.3562260833272504 -4.3553953762387163 -4.3584547777121445
-4.2103774841644537 -4.1998916962988728 -4.2027319629919555 -4.2058892981171585 -4.2145517846458427 -4.2197251769197743 -4.2272723685024864 -4.236864207544925 -4.2507855279891285 -4.2701027453716334 -4.2946131027701266 -4.3241211549162051 -4.3586387061020062 -4.3963820157202109 -4.4273393444788489 -4.4622643535382398 -4.4933190888334424 -4.5192955245505413 -4.5410164698202209 -4.5610790987742318 -4.5847557417671521 -4.6175145479330606 -4.6529093884922235 -4.684302386722452 -4.7044757818832199 -4.71183882270173 -4.7092328462275095 -4.7022930503848679 -4.6912326868615963 -4.6527966262180769 -4.5091427765915473 -4.3194312206181005 -4.1753620925340513 -4.1972509387960999 -4.2503907627929243 -4.2927742010385934 -4.3218924410117587 -4.3404301819068527 -4.3469996452802748 -4.3550502884262174 -4.3546799135810872 -4.3581439292145685
