codes_tests/data/T&K/Benoit/Log_Plio_profCrepines_050_75m.grd
ncols 85
nrows 89
xllcorner 663750
yllcorner 6152250
cellsize 500
nodata_value 1.7014100000000001E+038
[rows 57 to 75 of 89, columns 0 to 41 of 85]
-4.4339853959587616 -4.4365581125356783 -4.4359297974837517 -4.414889922831442 -4.4289203824165178 -4.4745462902614914 -4.4771804426586215 -4.4627851911148495 -4.4584410159715206 -4.4586941117103169 -4.4919429652534673 -4.4770248399708041 -4.462655616382782 -4.4691760939396374 -4.468109604318883 -4.4594516264396109 -4.4626846847411574 -4.4697091265502982 -4.4856956317484595 -4.5394697887138378 -4.522956751578338 -4.5198354638423801 -4.5066792734321082 -4.5124662919076535 -4.5087529711376302 -4.5135784791502038 -4.5142969097943997 -4.5223297102425803 -4.5299366708907201 -4.5395460904525775 -4.5437626500227903 -4.5429043125720181 -4.4952436587495352 -4.4090614232111118 -4.3450211029784098 -4.3455674544945335 -4.3609097810598607 -4.3822046704743531 -4.4016426232567678 -4.3846296069255413 -4.3353391783295443 -4.2947586649958067
-4.4307242880643845 -4.4329423015037728 -4.4351275304225837 -4.4103112836278093 -4.4280391007845861 -4.4531344772722976 -4.473580551849512 -4.4578404681231829 -4.4534275822521501 -4.4537890783999599 -4.4682496030027714 -4.4825531676515382 -4.4703636658568442 -4.4631539595214189 -4.46680979571516 -4.4549017004938243 -4.4700694982989306 -4.477773881786125 -4.4718004934336264 -4.5407454924797399 -4.5230870409538557 -4.5202479876735904 -4.5079058167313564 -4.5149964890643481 -4.5099744430401252 -4.5144694740446711 -4.5101308725118194 -4.5226471426075889 -4.5297760190867331 -4.5360578489606427 -4.5480127565757522 -4.5488308498278842 -4.4894613927490736 -4.403068025261712 -4.3510329172527857 -4.3543839829874411 -4.3723411337782618 -4.3910995600543794 -4.4071418271571154 -4.3948836255840105 -4.3654935352363893 -4.3351038511538711
-4.427784653474669 -4.4297076720629622 -4.4316035342225684 -4.3962814323230397 -4.4082246739140682 -4.4216871953357693 -4.4541273885843076 -4.4695028385711009 -4.4564753427342039 -4.449550420075763 -4.4502302963690283 -4.4692244934750818 -4.4779852632877812 -4.4674383387329346 -4.4600923744168837 -4.4607869298059555 -4.4501610589646123 -4.4788845665406916 -4.4743077136482725 -4.5383405824379111 -4.5238641922776139 -4.5222800485561701 -4.5221216968552813 -4.515651286298981 -4.5187356407581447 -4.5141722199507477 -4.5086008900958774 -4.5138613125628595 -4.5212893139448322 -4.523906980068416 -4.5278690943265074 -4.5094342624314763 -4.453829627336134 -4.4063858691626274 -4.3808912682134533 -4.3766751911594985 -4.3869797122003282 -4.3998362783208087 -4.4063890659900942 -4.4011568584861731 -4.3878363471296344 -4.365501551910385
-4.4415956055772332 -4.4268262407466041 -4.4284846723718845 -4.4032729364211196 -4.4044474048385265 -4.4217904301109847 -4.4392943269239673 -4.4567426536900614 -4.4528225426530161 -4.4458808604076951 -4.4467016064231997 -4.4766649802388638 -4.4754576011408709 -4.4743383772261573 -4.4700597960206689 -4.4587483146447484 -4.4452115779428674 -4.4652861645720439 -4.5156285054594374 -4.5263783389784775 -4.5257627743943321 -4.5227905119556828 -4.5297711938413121 -4.5106036657462569 -4.5184794557322618 -4.5129926780349034 -4.5059369369058775 -4.5095271376921646 -4.5144458079853056 -4.5165876653563268 -4.5076809514820839 -4.4880924296304983 -4.4572549312536998 -4.4249011712090383 -4.4072718750595907 -4.4014112122134774 -4.4034036386105102 -4.4111629284294995 -4.4154286259949602 -4.4128656071403425 -4.4029871767782618 -4.3937339194546148
-4.4393308725065568 -4.4242678474156616 -4.4257311810270838 -4.400141597638763 -4.4028235575334911 -4.4026569055535125 -4.4405785531934328 -4.4483965024898406 -4.4638032833276746 -4.4346415183740158 -4.4436312710584502 -4.4640554297832953 -4.4642240353379279 -4.4736424968343718 -4.4730253671399067 -4.4677810261791224 -4.4479691648963922 -4.461547079033112 -4.5008962444908489 -4.524647184176338 -4.5218450015925109 -4.5287628553748043 -4.5253935835523311 -4.5317077444140121 -4.520020046078665 -4.5210960343503643 -4.5031045414152135 -4.5053316049953498 -4.5055740153449326 -4.5090425215590102 -4.4992328661232195 -4.4835701602188314 -4.4614458012818075 -4.441782876095199 -4.4269237992489989 -4.4234279927465607 -4.4238832801011361 -4.4292953184417572 -4.4290536496905233 -4.4282340876953326 -4.4229285152072784 -4.4144981788942657
-4.4373163755047873 -4.4385401252591965 -4.423304637862552 -4.3973891372271456 -4.3988142653264548 -4.3913325249759092 -4.4377894344177484 -4.4399280342010847 -4.4466243922249715 -4.4478773369054885 -4.4409552588733003 -4.4617279091682205 -4.472697148473828 -4.4617536265285507 -4.4699902719098796 -4.4736438290784042 -4.4677411148293107 -4.460224060920762 -4.4970132406220182 -4.5177302551745502 -4.5344508019200918 -4.5286377047070516 -4.5311587923444199 -4.5319423534428251 -4.5214566708364439 -4.5220998664600947 -4.5149367721203726 -4.5023837340304924 -4.5019336055255597 -4.5057754665526044 -4.49739022707623 -4.4861632211722817 -4.4704381274561307 -4.4579270823155408 -4.4451642003851131 -4.4392329371591464 -4.4425977539882009 -4.4450117978283075 -4.4511737845509165 -4.4527041886094949 -4.4503726795579253 -4.4387800418285712
-4.4340511849878599 -4.4366194394663738 -4.4200877343322631 -4.4223355537384599 -4.3962797618771283 -4.3987086926551804 -4.4123240408794668 -4.4364179586127657 -4.4503031511923945 -4.4595691790617948 -4.4302655097784083 -4.4596947339630901 -4.4607240911259858 -4.4599813533736352 -4.4673200901885277 -4.4686388933648953 -4.4687762145723511 -4.4617042971786942 -4.4964746449623911 -4.5105315475957557 -4.5192490303487522 -4.5345634174330893 -4.5311580319528257 -4.5330298250125942 -4.5367107204606967 -4.5267634845485736 -4.5140475399398543 -4.4989365590342079 -4.5016838137019546 -4.5047166785168677 -4.500262873345882 -4.49302463938721 -4.4820318081984745 -4.4703957009982176 -4.4605954157488288 -4.4575621741862292 -4.4623501165878974 -4.4693354510916485 -4.4704180912298712 -4.4722016075606188 -4.4716706855667629 -4.4680104262816043
-4.4324623819727789 -4.4349258532440796 -4.4359132126586225 -4.4203580844051764 -4.3940589050774097 -4.3952849533153602 -4.3969571066129154 -4.4342899254757135 -4.435342707369359 -4.4492712668479486 -4.44181685897194 -4.429452896326934 -4.4590536693106522 -4.4704831253791699 -4.4598531339904817 -4.4675013356832611 -4.4704732797995774 -4.464153181771346 -4.5059886904542488 -4.509989940077773 -4.5137200364982695 -4.5147062308775521 -4.517689102352314 -4.5353971083410283 -4.5384508852704899 -4.5454005051002921 -4.5292431288586794 -4.5040443205829206 -4.5003019036741803 -4.506444819364404 -4.5072098789078661 -4.5015014956906789 -4.4966527380946797 -4.4894873884532664 -4.4823655900502679 -4.4822813784693869 -4.4903491276876988 -4.4967958508482653 -4.4957805637943462 -4.4981648090720565 -4.4978127198885565 -4.4956333319960571
-4.4568678366940464 -4.4319500826314062 -4.4343356987929869 -4.4352496497050202 -4.3921113541325187 -4.3932712864005889 -4.3948968486037927 -4.4361593236163692 -4.4334930944878845 -4.4346037220934384 -4.4486272941777223 -4.4276544388386974 -4.4575861580743918 -4.4589466373146553 -4.4585783969085906 -4.4593176912414982 -4.4683035041101551 -4.4789163527587021 -4.5128305772308694 -4.5280773366567342 -4.5066960698564449 -4.5150297601586242 -4.5182360834033286 -4.5206630407821518 -4.5509873097734737 -4.5504875573588777 -4.5317401584307069 -4.5111889841485926 -4.5185078240146579 -4.514807439351376 -4.5120045588721087 -4.5125219281633715 -4.514402380100325 -4.512647737706839 -4.5124264849519928 -4.5137319828400644 -4.5208459721469598 -4.5263381530493847 -4.5320836594792659 -4.5274665819208728 -4.5274315767422353 -4.5247166246434727
-4.4557145107270104 -4.4306307836479242 -4.4329506800773038 -4.4338016597166217 -4.3891048170513329 -4.3915052361954192 -4.3920250378506527 -4.4219026079352615 -4.4252832557791812 -4.4330065733205295 -4.4471586441923527 -4.4312682983944223 -4.4546824473751725 -4.4577416556204774 -4.4696116296801751 -4.4582809292014325 -4.4634088083599321 -4.4696281894465031 -4.506425524637768 -4.5386486852277237 -4.5241536390330648 -4.5289604578976101 -4.5190518824189088 -4.5218410978284975 -4.5246819841624415 -4.5406219517716986 -4.5593384308279985 -4.5346773229996131 -4.5300850393556349 -4.5264946471470786 -4.5262231981794629 -4.5265097898999604 -4.5309826667457873 -4.5340569525858392 -4.5398562177419306 -4.5465762047941922 -4.5561193597430041 -4.5607882799231714 -4.5649174727169139 -4.5684291388803713 -4.5626369397594644 -4.5570532840413858
-4.463948475431696 -4.4553635113174215 -4.4302450018934705 -4.4325324739907783 -4.4333609743069733 -4.3899534776569507 -4.3904325855265256 -4.3916193534662291 -4.4342062606731378 -4.4250135149173815 -4.4328508414325345 -4.442627464636324 -4.4473879985435909 -4.4550678518948352 -4.4583837635711934 -4.4677057180789594 -4.4595707927214594 -4.4650646752870111 -4.5010993957804715 -4.5133394689374331 -4.5314179975500446 -4.5237775439429413 -4.5330801083471286 -4.5233411483583188 -4.5267698571792341 -4.5342454646638739 -4.5440634350852971 -4.5469029269757915 -4.5425073632015778 -4.5463987600515274 -4.546110804489313 -4.5470235724956094 -4.5477031847782321 -4.5569252376726279 -4.5649825148526286 -4.5738412510767805 -4.5834115244574214 -4.5990349355239371 -4.6036192375197231 -4.605737210010532 -4.6053634741581799 -4.595051608921314
-4.4469553410044345 -4.4544200615566618 -4.4277660723523251 -4.4314185960144989 -4.4322098846118312 -4.4038163911677675 -4.3896668977371691 -4.3901920375979593 -4.4202581747304333 -4.4341145097517281 -4.4250505583548421 -4.433039548685632 -4.4302891467377528 -4.4536377501660818 -4.4641518989039248 -4.4698338999984664 -4.4588537078264618 -4.4614472842139818 -4.4978473484189703 -4.5049580301344125 -4.5404318747880961 -4.5191082170702508 -4.5410377877302617 -4.5414797239717739 -4.5450323264084149 -4.541420598719661 -4.5422405585657639 -4.5599154982753589 -4.5632675203139783 -4.5525678175822062 -4.5633703593404862 -4.57211385344395 -4.57614613131169 -4.5857932842830404 -4.5907575660095397 -4.6045875322081535 -4.6173247171415266 -4.6292098764121601 -4.6436596350893158 -4.6487702041698959 -4.6462043072419608 -4.6415978274949889
-4.4461489812349484 -4.4461174531784922 -4.454194845559587 -4.427541009883992 -4.4311986602859985 -4.4320081816084747 -4.4036562075197123 -4.3889287589138259 -4.3901708298734992 -4.4203262325708685 -4.4343032552972703 -4.4254074819094491 -4.4124331885930781 -4.4527869251553316 -4.4510926073737007 -4.465444351787994 -4.4736697582458262 -4.4609162353684191 -4.4928648066280541 -4.5007150152569011 -4.541009930661664 -4.5377980215207785 -4.5298603185124282 -4.5459195462822022 -4.54793613404438 -4.5606736294664056 -4.5547980622536297 -4.5601269959377317 -4.5524491590273328 -4.5720668976684653 -4.5704043715500609 -4.5850599186093728 -4.6021483633154538 -4.6189155980025873 -4.6353970307851933 -4.6382678087787745 -4.6516859445071113 -4.6671925854456511 -4.6803047680309078 -4.6922043136466431 -4.6923554362569888 -4.6803152870924443
-4.5150597033767292 -4.4459949808513937 -4.4501253228266267 -4.4266694014161923 -4.4289710534340934 -4.4310951370046547 -4.4026162710684016 -4.4020558583460909 -4.3890316409963521 -4.4203185669754328 -4.4333636538421359 -4.4347851348091512 -4.4220007255370799 -4.4304304767366398 -4.4539362354316365 -4.4525575117536214 -4.4628387085907315 -4.47584202022471 -4.4973538959935535 -4.4959749078604601 -4.5310416190877509 -4.5360092860719332 -4.5364513099825885 -4.5359155807079352 -4.5471965737675992 -4.5564568235922565 -4.5708198120189145 -4.5740215367732882 -4.5731515631715229 -4.570434324882072 -4.582462237731983 -4.5963660696639135 -4.6143320476697891 -4.6343533919533257 -4.6658046289142234 -4.6832272192637463 -4.7061781180499356 -4.7210890056669967 -4.725433889411911 -4.7358332175206872 -4.7412434684986797 -4.731984107100514
-4.521663198931261 -4.5149454097291555 -4.4452710453582318 -4.4500411380852389 -4.4266141008014017 -4.4289509299922676 -4.401691506858624 -4.4011067615934669 -4.4022546662818769 -4.4194165759689437 -4.4197525115328453 -4.4339552393096353 -4.4355715848588453 -4.4230378563815576 -4.4536653512135516 -4.4555081351010841 -4.4400491285011352 -4.4751726804719629 -4.5070662604847316 -4.5045773766565675 -4.5338213045336797 -4.5288521201955971 -4.5364493984992693 -4.5507025163584132 -4.5490422454160289 -4.5599380145409603 -4.5755255782868289 -4.5798734373774366 -4.5802121598572043 -4.5922196903346997 -4.6062212381879331 -4.6052036690452347 -4.6239728971840348 -4.6529570170527617 -4.6807362764270684 -4.7108260027745681 -4.7391836227852462 -4.7736965620053802 -4.7936441971424744 -4.8013873848227604 -4.7987141152269981 -4.7907772542790878
-4.5212589440935878 -4.5215929714019101 -4.4452891652328601 -4.4350122944723012 -4.4500433721663315 -4.4266640608707135 -4.4290556278981938 -4.4018794000903325 -4.4013883064780028 -4.4026512786458003 -4.41994036178931 -4.4204426908703152 -4.4348282415588347 -4.4322438012132608 -4.4344208165462566 -4.4553229949206425 -4.4579027378198193 -4.4425311491527095 -4.5089878251619702 -4.5047563217359423 -4.5086079376737871 -4.5310575279081018 -4.542396141490662 -4.5415943536199261 -4.5586412426270959 -4.5606364030284361 -4.5748350526750885 -4.5849377985498547 -4.6104717187775588 -4.5998088242103492 -4.6156802688031782 -4.6342516016531032 -4.6503720544171792 -4.6744757832460326 -4.6995801924848601 -4.7352832779022638 -4.7727964845735924 -4.8088942145377889 -4.8418700869656597 -4.8639128875467028 -4.8633692645581714 -4.8447877330608753
-4.5209044120298865 -4.5212277295862684 -4.5215771021490223 -4.4446832365244067 -4.4350710621283351 -4.4219596661988376 -4.4283950579098956 -4.3993025734265938 -4.400602986245632 -4.4018512546549431 -4.4032538890101982 -4.4206950073306412 -4.4213929355499477 -4.4359920205491754 -4.4336794352191351 -4.4470727037721538 -4.4530664231649837 -4.4593091058783321 -4.4824715847109502 -4.5070247435713355 -4.5063960277094051 -4.5419432022065411 -4.5367858745448242 -4.5463147059212581 -4.5620067523877568 -4.5661536044525599 -4.5747840649191955 -4.5885021548028124 -4.6159676843598669 -4.605756211715466 -4.6230439944211437 -4.6433306136476897 -4.6535626614705983 -4.6911005632603526 -4.7159511767565707 -4.7609701496242849 -4.8095309937494655 -4.8573676805669548 -4.8951503625040225 -4.9297450723891139 -4.9282920907659697 -4.8921093700478862
-4.566029813793941 -4.5209064845675755 -4.5212489431225658 -4.5145008423708104 -4.4345290433981317 -4.4352215311944523 -4.4221758576775994 -4.4286854732331387 -4.39815799989083 -4.399394557038665 -4.4025017210955237 -4.4347708874068772 -4.4216863857119915 -4.4353381324133494 -4.4330059281885479 -4.4355016978043693 -4.4491801550177534 -4.4546631040034814 -4.4984861540126628 -4.496201649257781 -4.5150951696786663 -4.5402008286598736 -4.5396915239038904 -4.5368651623566301 -4.554329878876521 -4.5714839122702049 -4.5831381410182477 -4.602503254514815 -4.6090361779257094 -4.6053597140471414 -4.6280084264160397 -4.6493444968045576 -4.6743702299513323 -4.6901877927476026 -4.7288817510709862 -4.7668873278764448 -4.8169280947074382 -4.8750340499527756 -4.9436120479931427 -5.0068124427891556 -5.0024828655824081 -4.9388503523443905
-4.5658244337338969 -4.5660541402748969 -4.5209585244320198 -4.5213298629729524 -4.5146206501609161 -4.4347162716544473 -4.4354705969583241 -4.4225062349303723 -4.3990381926036335 -4.3987060204889428 -4.4000774758173984 -4.4033429691687243 -4.4357729499603114 -4.4229173902595829 -4.4368089879587052 -4.4347755964052604 -4.444051344257562 -4.4516718131830801 -4.5040594772909444 -4.4930288576867827 -4.5007018498389124 -4.5402859662520996 -4.5384300747568798 -4.5406430600860199 -4.5505443005907047 -4.5726009836855912 -4.5822571625461119 -4.6000518894077125 -4.6241383532659182 -4.6404365944726207 -4.6304699005027699 -4.6521262478762511 -4.6773998539868806 -4.7069649636920525 -4.7300011015305969 -4.7724651356704157 -4.8168566075570549 -4.8739490069110936 -4.9347904745332603 -5.0010112015512806 -4.9970670494619789 -4.9422437921533842
