codes_tests/data/T&K/Benoit/Log_Plio_profCrepines_150_200m.grd
ncols 85
nrows 89
xllcorner 663750
yllcorner 6152250
cellsize 500
nodata_value 1.7014100000000001E+038
[rows 19 to 37 of 89, columns 0 to 41 of 85]
-4.4672272369967514 -4.4672325624743507 -4.467238282931099 -4.4672444312891342 -4.4672510428122676 -4.4672581550654877 -4.4672658077937104 -4.4672740426947559 -4.4672829030572947 -4.4672924332306492 -4.317003046223526 -4.3611268528904752 -4.3984509541332608 -4.3981133970283786 -4.4026606976070903 -4.4023098588481044 -4.4019437392258691 -4.4015618429444903 -4.4011637206555481 -4.4007489854042046 -4.4003173309237908 -4.5146419288743473 -4.5215076612270764 -4.499842083272652 -4.4999496320046681 -4.5000692221113452 -4.500201829290809 -4.5267975295659602 -4.5271708904270564 -4.5275702398462485 -4.527997210515939 -4.5284535909490629 -4.6021473108133222 -4.5817795041848433 -4.5827968015084126 -4.5838686103124706 -4.5904620319395208 -4.5916849195225087 -4.6067225424844516 -4.6133706306275153 -4.6100566422777716 -4.6116818496019771
-4.4672208663205089 -4.4672259718883156 -4.467231471249919 -4.4672373993181047 -4.4672437938358023 -4.4672506954145899 -4.4672581474964499 -4.4672661962100451 -4.4672748900864718 -4.361977930957269 -4.3617246706213741 -4.3991417771385493 -4.3988217327967645 -4.3984867629219915 -4.4030178337962242 -4.4026681514518859 -4.4023024613558439 -4.4019201652123874 -4.4015207038510287 -4.4011035742197073 -4.4352169536352752 -4.5143387623856759 -4.5211674559669826 -4.4996917342479437 -4.4997914539919757 -4.4999030026090701 -4.5000273492130125 -4.5263660596602069 -4.5267285196592439 -4.527116992159451 -4.5275331648213823 -4.5609232255907113 -4.601091421204794 -4.5810336839902783 -4.5820451847944241 -4.5885658587053584 -4.5897270420894651 -4.5960057421281579 -4.5910656676392669 -4.6077402487892236 -4.6093056872281739 -4.6211587473556763
-4.467214478127512 -4.4672193444768649 -4.4672246008901455 -4.4672302840814089 -4.467236434109938 -4.4672430945158448 -4.46725031238834 -4.4672581383349179 -4.4869822729464044 -4.4001100584690578 -4.399822388134341 -4.3995208401837242 -4.3992046751745368 -4.4037200222252499 -4.4033883397833851 -4.4030406644478948 -4.4026762715864107 -4.4022944514805928 -4.4018945238824081 -4.4014758558391858 -4.5138869942574003 -4.5206286576849388 -4.5208274748896438 -4.4995451920271394 -4.4996367650205649 -4.4997398893748297 -4.5256057250513964 -4.5259319962803435 -4.5262826155501674 -4.5266591020894742 -4.5462353747603697 -4.5603911034307645 -4.6000198809792767 -4.5802729087457763 -4.5867176822750544 -4.5928834649377581 -4.5940538145222369 -4.5952897249780662 -4.6102535110366221 -4.6069453617547458 -4.6188072183109821 -4.6093904240809991
-4.4672080968597525 -4.4672127051239299 -4.4672176969175412 -4.4672231104889084 -4.4672289879599498 -4.4672353755769985 -4.4672423239103241 -4.4869813528799236 -4.5097582739386395 -4.4004900112010645 -4.4002076685195304 -4.3999111891493072 -4.399599764902808 -4.4041005194556835 -4.4037723519621155 -4.4034276183298067 -4.4030654863291963 -4.4026851263715443 -4.4022857259965962 -4.4359571253027559 -4.5135987582856076 -4.5203011907153066 -4.5204889043608825 -4.4994035459317701 -4.4994867451760481 -4.4995811612165069 -4.5251831968050187 -4.5254970815632136 -4.5258350354489885 -4.526198529587953 -4.5591864295562257 -4.559853858907168 -4.5989357940896483 -4.6050012308509816 -4.5910553910757788 -4.5921564648135647 -4.5933207362951762 -4.5945524682222949 -4.6046244825735467 -4.6164846964301773 -4.6181121923453059 -4.6197988736106383
-4.4672017501794761 -4.4672060823723188 -4.4672107885296706 -4.467215908082844 -4.4672214848604996 -4.4869868878103407 -4.4869838325049756 -4.509781308304035 -4.4011421369024317 -4.4008794330318173 -4.4006032212171959 -4.4003126686393497 -4.4048011149616588 -4.4044936033675635 -4.4041699224676814 -4.403829149814773 -4.4034703405551872 -4.4030925376891714 -4.4026947859638694 -4.4362133195153453 -4.513314637207241 -4.5199767653239222 -4.5201530184572203 -4.4992679653223577 -4.4993426766399018 -4.4994282272125643 -4.524762318112348 -4.5250632940268503 -4.5253879247832769 -4.5580391775213824 -4.5586570779244031 -4.5593141783825759 -4.5978429249548514 -4.6086198630401789 -4.5903271693405205 -4.5914180368893875 -4.5925728086757971 -4.6152797263829441 -4.6142168527183847 -4.6157574415686238 -4.6176648584562985 -4.6192958511737849
-4.4671954690429683 -4.4671995085666003 -4.4672039092873135 -4.4672087113806667 -4.4869942236397744 -4.509828011584033 -4.5098108931069945 -4.5097945470258995 -4.4015336626228168 -4.4012780072589379 -4.4010087587977358 -4.400725028983981 -4.405200777449882 -4.4048991570725962 -4.4045810035159514 -4.4042452941629424 -4.4038909681113472 -4.4035169348700709 -4.4031220869557357 -4.4364853075603037 -4.5195077480166441 -4.5196566462409127 -4.519821166829507 -4.4991396864145363 -4.4992059312445223 -4.4992826165888706 -4.5243450877109073 -4.524632846723553 -4.5249437234504457 -4.5575222477670616 -4.5581293909590066 -4.558775292399619 -4.6064095943400618 -4.6075499835779867 -4.5895945960067603 -4.590672352141385 -4.5918139762612826 -4.6063586503362997 -4.6134746960247046 -4.6262230180625474 -4.6171276945830231 -4.6187678565077332
-4.4671892876961481 -4.4671930199133003 -4.4671970972613364 -4.4870046958775429 -4.509865949207545 -4.5098468389393043 -4.5098281797106319 -4.5098101524380194 -4.40193314618163 -4.4016853262273017 -4.401423895793414 -4.4011479153558746 -4.4056116529157787 -4.4053169522701605 -4.4050054305982282 -4.4046759658019319 -4.4043273796802538 -4.4039584443201321 -4.4370438828001699 -4.4367736400133282 -4.5192051434365137 -4.5193421527881217 -4.5194947585543366 -4.4990199937849971 -4.4990779517243107 -4.4991459615743157 -4.5239336720978995 -4.5242081768797195 -4.5564513029076306 -4.5570106713970731 -4.5576068407840404 -4.571986654238513 -4.6053609883408573 -4.6064822612642615 -4.5888629423174105 -4.5899247661618965 -4.6051914808064733 -4.6057295110591685 -4.6239960515063299 -4.6255942078186951 -4.6165734408683443 -4.6182159483590199
-4.4671832435722214 -4.4671866564332836 -4.4870181518342687 -4.5099094667111492 -4.5098888231520702 -4.509868332316108 -4.509848139152246 -4.509828417675589 -4.4023400751018782 -4.4021008842801468 -4.401848139958644 -4.4015808570353832 -4.4060333447547997 -4.4057466345119867 -4.4054429048942021 -4.4051209375586646 -4.4047794385703627 -4.4044170416421684 -4.4373476014856887 -4.4370787740421713 -4.5189096973852303 -4.5190346447362852 -4.5191752420271092 -4.4989101957175626 -4.4989602254913228 -4.4990199718795845 -4.5235303795949555 -4.5237919247881493 -4.5559586500500782 -4.5565079388543932 -4.5647888273309745 -4.5715082695993443 -4.6043221200858504 -4.605423530162291 -4.5881386582352883 -4.6033315222752247 -4.5987648632582658 -4.6051030618549449 -4.6233787190501383 -4.6144815351723478 -4.616006392449032 -4.6176426029829996
-4.4671773770717653 -4.4671804617802024 -4.5099581140734886 -4.5099364059727458 -4.5099145856784606 -4.5098927611330835 -4.509871065501482 -4.4029711405737801 -4.4027538425690285 -4.4025240716641045 -4.4022808844294756 -4.4067270454910092 -4.4064653270061607 -4.4061877086299885 -4.4058929754016543 -4.4055798189676336 -4.4052468347066895 -4.4048925209282288 -4.4376672468425307 -4.5185245564380425 -4.5186227525707015 -4.5187355075990467 -4.5188640814643879 -4.4988115931798909 -4.4988542503774864 -4.4989064001972636 -4.5231376245327208 -4.5419520383267091 -4.5554777060901204 -4.5637193983311057 -4.5703543576734411 -4.5710470587600849 -4.6033001414419781 -4.6043817211873561 -4.6015865287561892 -4.6027098348817779 -4.615813924717572 -4.616616933935469 -4.6227745436796672 -4.6139298992593796 -4.6154332783676031 -4.6170524084187674
-4.467171731207217 -4.4870451112344254 -4.5099890525707682 -4.5099664043118484 -4.5099434919899277 -4.5099204084843461 -4.5098972715117638 -4.4033810887876426 -4.4031737438965184 -4.4029541696063861 -4.4027214010634479 -4.4071585256148316 -4.4069069336222775 -4.4066395249970096 -4.406355021524738 -4.4060520344302594 -4.405729057551282 -4.4382505105459984 -4.4380029035479902 -4.5182599610722223 -4.5183456905838932 -4.5184461396215498 -4.5185627312360861 -4.4987254419086673 -4.4987614913553076 -4.4988069979070362 -4.4988618345962772 -4.5545144682010328 -4.5627190036060199 -4.5692733057037769 -4.5699218355757765 -4.5706088046489866 -4.6023030699081957 -4.6177441292676553 -4.6189650441595935 -4.6021177751013331 -4.6273368617914148 -4.6161647821219089 -4.6221961175060624 -4.6133933641994265 -4.6148642685947783 -4.612465181391654
-4.4870658178005263 -4.510046158763898 -4.5100231642528312 -4.50999969390939 -4.5099758034576789 -4.5099515677842668 -4.5099270854561615 -4.4037956950231871 -4.4035989745884434 -4.4033903471235094 -4.4031688356276488 -4.4075978123364488 -4.4073573494662099 -4.4071012674491055 -4.4068282371008562 -4.4065368023386515 -4.406225369131386 -4.4385964662293143 -4.4383544930977061 -4.5180069179955327 -4.5180799396740206 -4.5181679444763567 -4.5182726104776041 -4.4986529077428496 -4.4986833276560079 -4.4987234609831859 -4.5227708953855181 -4.5617848647050518 -4.5623110803267357 -4.5688689553325155 -4.5695158810252421 -4.5701998242358819 -4.601339716577006 -4.616851882938076 -4.6180568298400519 -4.6104665269283025 -4.6267700929860958 -4.6157586067437251 -4.6216598197189551 -4.6128879507340832 -4.6143143909619599 -4.6118745596557327
-4.5101070777649523 -4.5100841832516414 -4.5100606513673602 -4.5100365056385368 -4.51001178312936 -4.5099865380672242 -4.5099608463589282 -4.4042140952536135 -4.4040286301992166 -4.4038316598418188 -4.4036222052188148 -4.4080439623101224 -4.4078156038149512 -4.4075719438581009 -4.4073116171101923 -4.4070331166928387 -4.4067347789692688 -4.4389567905862384 -4.4387217553674336 -4.5177670046831206 -4.5178269993642317 -4.5179023365797608 -4.5179950825076833 -4.4985950151560399 -4.4986209887612167 -4.4986573657303479 -4.522624539468918 -4.5614006260323263 -4.5678824191630838 -4.5684930329507285 -4.5691421980194704 -4.569826871837269 -4.587272724485894 -4.6160126301869076 -4.6172054061400774 -4.6101139486757861 -4.6262702167711325 -4.6154166465680966 -4.6111462506208545 -4.6124352995330176 -4.6138054772708363 -4.6113050067309613
-4.5101487505778817 -4.5101256055614796 -4.5101017081172401 -4.5100770640177767 -4.5100516901501866 -4.5100256179059839 -4.5099988974944152 -4.4046353398655684 -4.4044617084092685 -4.4042770513563738 -4.404080398581212 -4.408495893313594 -4.4082805671693261 -4.4080503804224831 -4.4078039484969427 -4.4075397331112365 -4.407256023376215 -4.4393310203457883 -4.4558671263352458 -4.517541973665737 -4.517588493853121 -4.5176507712968741 -4.5177314477976971 -4.4985525897978214 -4.4985754766898332 -4.4986100937623261 -4.5468617306151637 -4.5610401458558272 -4.5675324611206909 -4.5681504580637684 -4.5688067617187693 -4.5861725724225968 -4.5870271523039623 -4.6152382401324434 -4.6319510937438082 -4.6258544099410237 -4.6258559127418426 -4.6151600171253255 -4.6060085858979658 -4.6120637219965186 -4.6094530105457512 -4.6107871559463556
-4.5101937864941091 -4.5101705797393397 -4.5101465154705513 -4.5101215812810018 -4.5100957730281666 -4.5100690978271274 -4.5100415779469554 -4.4050583982336899 -4.4048971134693975 -4.4047253573638292 -4.4045421796726822 -4.4089523863587647 -4.4087509521255104 -4.4085352207273711 -4.4083038065921807 -4.4080551613765682 -4.4077875521865417 -4.4397185288851624 -4.4561746834884763 -4.5173338503469331 -4.5173662728939439 -4.5174148221469421 -4.517482968175961 -4.4985261973237245 -4.4985474684396802 -4.5146943995792794 -4.5467360112676172 -4.5666283086393591 -4.5672151039828668 -4.5678463918750323 -4.5685157837200379 -4.5859737360335666 -4.5868445993434115 -4.6300249829298066 -4.6313603226886775 -4.6301909550854061 -4.6255467503314502 -4.6150116962100194 -4.60590587059282 -4.6118083289911924 -4.609129055513729 -4.6334284759152009
-4.5102422984652053 -4.5102192412661433 -4.5101952354432724 -4.5101702507047161 -4.5101442618691143 -4.510117251315501 -4.5100892122585998 -4.4054821655131926 -4.4053336632758278 -4.4051753129217142 -4.4050061949541481 -4.4094120916968151 -4.4092253189080024 -4.409024930436642 -4.4088095584283469 -4.4085776665308396 -4.40832752617741 -4.4401185389973401 -4.4564972093570008 -4.5171450790670873 -4.5171625867444769 -4.5171963440393696 -4.5172509589021441 -4.5173311416160109 -4.4985371855767546 -4.5333710824361075 -4.5466343659687585 -4.5663292610080557 -4.5669347316147668 -4.567586382272772 -4.5849759023956125 -4.585838938949462 -4.5867337108261124 -4.6295227433762358 -4.6235716142304586 -4.6389077184041376 -4.6253616173661412 -4.6149945016084972 -4.6059418845109947 -4.6117087697954489 -4.6325473437384561 -4.6337870209697574
-4.5102943772099913 -4.510271701938521 -4.5102480050110705 -4.5102232393666819 -4.5101973597679903 -4.5101703245939886 -4.510142098327238 -4.405905471626725 -4.4057700990842292 -4.4056255628906547 -4.4100333498943565 -4.4098735389710448 -4.4097020859245051 -4.4095178081376645 -4.409319373742723 -4.4091052798689176 -4.4088738277026556 -4.4405301452814792 -4.4568345162473095 -4.4566707536395569 -4.5169803723640882 -4.5169977955069216 -4.5170370347432156 -4.5171050398952728 -4.5146397237671119 -4.533336387018382 -4.5465580983775435 -4.5540986160326442 -4.5666965166300262 -4.5673766820963895 -4.5848783847335488 -4.5857759350499201 -4.6043415864268136 -4.6054713031945225 -4.6232351868375998 -4.6384689105494461 -4.6399878464675419 -4.6151281026892716 -4.6061425382915999 -4.6324360108701521 -4.6332441592843594 -4.6344451314442043
-4.5103500869416786 -4.5103280447154948 -4.5103049298829418 -4.5102806806105402 -4.5102552336760962 -4.5102285255426704 -4.5102004939553622 -4.4063270924257996 -4.4062050978669243 -4.4060746756002382 -4.4104799517041293 -4.4103351515696554 -4.4101795454150139 -4.4100120024110145 -4.4098312437220759 -4.4096358199136798 -4.4411206339298053 -4.4409523391889838 -4.4571864791953724 -4.4570310192500138 -4.5168236699430411 -4.5168228258597329 -4.5168436926125626 -4.5168963744182538 -4.5146913416123748 -4.5461026453017039 -4.5535537837095443 -4.5540806968238634 -4.5665073192283945 -4.5839474612839739 -4.5848526245300363 -4.5857924138441124 -4.6044996402468703 -4.6056766463977956 -4.6230245278894264 -4.6381761629744878 -4.6397294946628387 -4.6154257057279535 -4.628407790962445 -4.6334282355391538 -4.634244327265491 -4.6367250142503948
-4.5104094613176677 -4.5103883187639591 -4.5103660784241093 -4.5103426665706783 -4.5103180051794585 -4.5102920122890966 -4.5102646026921613 -4.4067457628384901 -4.4066372871095982 -4.4065211595228888 -4.410924744159785 -4.4107952650347162 -4.4106558840068821 -4.4105055347998752 -4.41034300682281 -4.4101669219946604 -4.4415384552592796 -4.4413840186024567 -4.4575530728909332 -4.4574069646594205 -4.5166981270010957 -4.5166772505757082 -4.516675634006992 -4.5327209940387494 -4.5328577678961812 -4.5460472321081697 -4.553530042197508 -4.5541080183406049 -4.5663772955956752 -4.5839505220685144 -4.5849075281788583 -4.5858957964314424 -4.6047616779743743 -4.605994063967243 -4.6229462261536449 -4.6380360809527916 -4.6396397671523282 -4.6282984528606885 -4.6364665189995877 -4.6308963729056662 -4.6355558912407133 -4.6381906125904555
-4.510472499817233 -4.5104525349621394 -4.5104314760566462 -4.5104092411750472 -4.5103857417210174 -4.5103608821500636 -4.5103345598385136 -4.4071601917301377 -4.4070652617401098 -4.4069634826145876 -4.4068541471441431 -4.4112521492285666 -4.4111292078266402 -4.4109963281798832 -4.4108523807270732 -4.4106960743134644 -4.441963411596249 -4.4418239594102289 -4.4579343172151225 -4.45779903328551 -4.5166113131582328 -4.5165702953710136 -4.5165424374562173 -4.5325728410663215 -4.5326782394347482 -4.546004566312984 -4.5535428705054564 -4.5541963332841933 -4.5732705395587896 -4.5840402548671584 -4.585052434707106 -4.6521341769199243 -4.6530367141433873 -4.6539552493822072 -4.6475073252882986 -4.6799113566425135 -4.6811158624921809 -4.6948386285643968 -4.66774770363432 -4.6647287442963412 -4.6692464505118103 -4.6701526159072637
