codes_tests/data/T&K/Benoit/Log_Plio_profCrepines_150_200m.grd
ncols 85
nrows 89
xllcorner 663750
yllcorner 6152250
cellsize 500
nodata_value 1.7014100000000001E+038
[rows 38 to 56 of 89, columns 42 to 83 of 85]
-4.6750892496474998 -4.6805392463840079 -4.6822464260219609 -4.6843060268163583 -4.6867273981857291 -4.6894553485392354 -4.6924284874894227 -4.6955979052111072 -4.6989010458464007 -4.7022607781864032 -4.6833497989114319 -4.6873757191774494 -4.6913184307934586 -4.6951689688710108 -4.7002396379804905 -4.7039656146425024 -4.7075567053277521 -4.7109584331860699 -4.714147490655491 -4.7171074830482569 -4.7198220609161456 -4.7222767667581618 -4.7317593049749691 -4.7379302107547909 -4.7390804653003489 -4.7462385241854097 -4.7467319088129578 -4.7470786300660244 -4.7473033989836759 -4.7474433907495772 -4.747526668443788 -4.7475059837071711 -4.747310060310971 -4.7470390353092364 -4.7470248151072587 -4.7475068315880886 -4.7483261071207616 -4.7493050553727407 -4.7503460395904717 -4.7513958160075891 -4.7524263267796201 -4.7691329931233675
-4.6827054555963148 -4.6843401126944189 -4.686205367976414 -4.688346158713931 -4.6907719719239296 -4.693458016138603 -4.6963634496903559 -4.6994421646184623 -4.7026414422261915 -4.7059042611363484 -4.7091787848603657 -4.7124263337927115 -4.7156259396364177 -4.6991530888398154 -4.7029630567798941 -4.7066879391635439 -4.7102896053692689 -4.7137275892760959 -4.7169726346289762 -4.7200003191823194 -4.7227818203032843 -4.7252827720374446 -4.7346960149604147 -4.7408380987264822 -4.74197326363754 -4.7491426120716298 -4.7495829924352178 -4.7498458340172753 -4.7499451937130406 -4.7499287006091881 -4.7499321208138667 -4.7499760990730193 -4.7499345505115649 -4.7498537611479241 -4.7499125766894279 -4.7502862752374773 -4.751004766926842 -4.7519288684381982 -4.7529233236797355 -4.7539221577717203 -4.7548969031798372 -4.7713211645413551
-4.6864462691977291 -4.6882427547859526 -4.6902357337950527 -4.6924529382848847 -4.694901766121597 -4.6975686759096131 -4.7004254666431455 -4.7034353212093389 -4.7065559997867377 -4.7097433573141716 -4.7129565821105821 -4.7167705337549499 -4.7199535953542089 -4.7230948981858401 -4.7261828004754189 -4.709564344461981 -4.7131850644802746 -4.716658344346123 -4.7199568258123916 -4.7230555254480073 -4.7259203229515627 -4.7284775705601696 -4.7378124181873815 -4.7439251496793293 -4.745050370914865 -4.7459589705842609 -4.7526570709418197 -4.7528628251650007 -4.7528688939874515 -4.7526791994904292 -4.7526082473631721 -4.7528157057974854 -4.7528810802249968 -4.7528688409252702 -4.7528853299868459 -4.7531208250769046 -4.7538366212241128 -4.7547479128900392 -4.7556887924195728 -4.7566172091776115 -4.7575160392472755 -4.7736548779636205
-4.6902918397339466 -4.6922231390933282 -4.6943233777472031 -4.6966106431253625 -4.6990900692335451 -4.7017529054796077 -4.7045789079363294 -4.7075397960724494 -4.7106024348711957 -4.7137320488301313 -4.7175273226698291 -4.7207020471808434 -4.723860318720738 -4.7269841460347806 -4.7300562374825379 -4.7330560012887508 -4.7359585007034415 -4.7197173804403389 -4.7230652548821155 -4.7262293060435958 -4.7291914401101049 -4.7318483154137203 -4.7410748391522715 -4.747175657379044 -4.7483083535026607 -4.7492189641552622 -4.7559724122997018 -4.7561690311070484 -4.7561743484463106 -4.7560355837461801 -4.7559867748458169 -4.7561088970970626 -4.7561741448341373 -4.7561703900996291 -4.7561419707266621 -4.7562012792067092 -4.7569557791660975 -4.7578038912899707 -4.7586496306318855 -4.7594769847686136 -4.7602762255417144 -4.776125516347494
-4.6918679622327524 -4.6962657874410416 -4.6984579625513918 -4.7008088010196039 -4.7033216081027627 -4.7059900197772846 -4.7087989969958732 -4.7117268605116607 -4.7147476708460356 -4.7184904445874229 -4.72162004213396 -4.7247630775193361 -4.7278977169918406 -4.7310042840151176 -4.7340633479789247 -4.7370538164235239 -4.7399523223868325 -4.742734199026609 -4.7262664929219831 -4.7294736394998793 -4.7324627826757233 -4.7351383730548049 -4.7444189436963544 -4.7505695394987395 -4.7517375980886607 -4.7526741308173133 -4.7595199237380079 -4.7597451924605316 -4.7598063354580802 -4.7597700402423717 -4.7597425303794836 -4.7597624132192209 -4.759778438067471 -4.7597745616602696 -4.7597958407164356 -4.7599762762462223 -4.7604542996740316 -4.761101224176997 -4.7617926359801368 -4.7624852697436895 -4.7631618599168721 -4.778718447329549
-4.6959374154289817 -4.7003596864992812 -4.7026314903514068 -4.7050396256843303 -4.7075860741777822 -4.7102658626280771 -4.7130674977118554 -4.7159741892446334 -4.7196480088841231 -4.7227073285170551 -4.7258063977231783 -4.7289234391982236 -4.732037948414316 -4.7351302775411188 -4.7381806286864556 -4.7411680086407815 -4.7440697010710648 -4.7468613911534634 -4.7495175686239346 -4.7520118196605967 -4.7357945915576973 -4.7385016622658425 -4.7478662648979819 -4.7541049578634587 -4.7553289940000347 -4.7563081999456474 -4.7591603530316355 -4.7635344752193793 -4.7636469185070531 -4.7636626045736437 -4.7636421734286891 -4.7636191080837937 -4.7635965377722211 -4.7635839546735843 -4.7636220265652405 -4.763780511287937 -4.7641040061052013 -4.7645560545259862 -4.7650725159445235 -4.7656109594619629 -4.7811549681926202 -4.7814133317351146
-4.7080412103021754 -4.7022612433364559 -4.7068373557629162 -4.7092966914230949 -4.7118754512335546 -4.7145695958223079 -4.7173701477808363 -4.7209726801198642 -4.7239495662356434 -4.7269853233115082 -4.7300609673417089 -4.7331574883311367 -4.7362561601842739 -4.7393383384054149 -4.7423848764871011 -4.7453754233132521 -4.7482878575850247 -4.7510979633030113 -4.7537792986321898 -4.7563032022515355 -4.7586386591448973 -4.7420159160516286 -4.7514545686103409 -4.7577870667994446 -4.7590736117347365 -4.7601008868979351 -4.7608881771341904 -4.7674831727443214 -4.7676262224458412 -4.767663063734072 -4.7676397361864371 -4.7675899390284817 -4.7675349410597239 -4.7674961655199253 -4.7675051740336283 -4.7675985461480934 -4.767796008220694 -4.7680850226083464 -4.7684345505731329 -4.7688156234810775 -4.7840597808260306 -4.7841860132920777
-4.7119249559817717 -4.7142409716180298 -4.7110697670081629 -4.7135742595297838 -4.716182841499589 -4.7188921788421618 -4.7224303428173373 -4.7253231319478921 -4.7282861063026109 -4.7313043891685345 -4.7343620448123422 -4.7374426300509862 -4.740529440467574 -4.7436054167419677 -4.7466527560786673 -4.7496523296491588 -4.7525830149226644 -4.7554210261744609 -4.7581393297275509 -4.7607073807169584 -4.7630919444054705 -4.7729617607146668 -4.7744809818195435 -4.7616093875612382 -4.7629584254497113 -4.7640302641781478 -4.7648467747685563 -4.7715492766742651 -4.7717007459341207 -4.7717364075334903 -4.7716979818265033 -4.7716195287913257 -4.7715277894436117 -4.7714467775679745 -4.7714010301537364 -4.7714125994668128 -4.7714929669123727 -4.7716382793421515 -4.7718338442654726 -4.7720625400856456 -4.787018680521375 -4.7870111011031833
-4.7158573527939964 -4.7182336607298163 -4.720698086282221 -4.7178669353914637 -4.7205019194823308 -4.7239872423716411 -4.7268011340618701 -4.7296897380463543 -4.7326425038714897 -4.7356472226150528 -4.7386905526357124 -4.7417584254730096 -4.7448362586827644 -4.7479089338360678 -4.7509605214992305 -4.7539737429570756 -4.7569291710336348 -4.7598042205318798 -4.7625720443411765 -4.7652005652145046 -4.7676525640513381 -4.7775709110686524 -4.7791655056700106 -4.7866163921245466 -4.7669652440926589 -4.7680726661587665 -4.7689023624519393 -4.7756961628591075 -4.7758336381845803 -4.7758485005250453 -4.7757815569019435 -4.7756663110885356 -4.7755299002630656 -4.7753951560284733 -4.7752816710420554 -4.7752045706207156 -4.7751721044184752 -4.7751847368048077 -4.7752369432924171 -4.7753203331332088 -4.7900032942596047 -4.7898640310281291
-4.7198321393259386 -4.7222591885879357 -4.7247646443368083 -4.7273505793384327 -4.7256145777206049 -4.7283582291779904 -4.7311760239459133 -4.7340612758683971 -4.7370054475474088 -4.7399985223265029 -4.7430293805056669 -4.7460861161243235 -4.749156245515076 -4.7522267677820746 -4.7552840187005279 -4.7583132040374085 -4.7612974762509923 -4.7642165703076031 -4.7670452068346698 -4.7697513319725378 -4.772294734025297 -4.782295860296248 -4.7844085339570359 -4.7915001937268986 -4.7922773340095333 -4.7722011842838805 -4.7730217410832871 -4.7798855869334922 -4.7799865265664581 -4.7799631712813753 -4.7798555627768691 -4.7796951009233011 -4.7795069445898308 -4.7793114810719342 -4.7791245323354046 -4.7789568690824478 -4.7788146698135829 -4.7787012348647764 -4.7786176805888916 -4.7933001729487712 -4.792988645647835 -4.7927221187665214
-4.723843718411926 -4.7263124061365218 -4.728851023355289 -4.7322138716373416 -4.7349033874817525 -4.7327267688892638 -4.7355465478010856 -4.7384275855104789 -4.7413629827760078 -4.7443445389761383 -4.7473630265076734 -4.7504084497655166 -4.7534702669857225 -4.7565375616049117 -4.7595991128572965 -4.762643155724172 -4.7656563868451638 -4.7686220811935582 -4.771518142331888 -4.7743151149841818 -4.7769722088689077 -4.7870919633061453 -4.7893033796022371 -4.7964824485749089 -4.7972876377618165 -4.7977557649742568 -4.7771628393529442 -4.7840706835070499 -4.7841146692637571 -4.7840406208383133 -4.7838846322180224 -4.7836736016928345 -4.7834294565565614 -4.7831702157361997 -4.782909003213911 -4.782652542500788 -4.7824034938267275 -4.7821676279640108 -4.7819534398193895 -4.7963890906471018 -4.7959528135541287 -4.795564823747247
-4.7177015146766497 -4.7303883355416794 -4.7329522690696759 -4.736363515516997 -4.7390635675972446 -4.7418262044672153 -4.7463580329906971 -4.7427793228248127 -4.7457042340916837 -4.7486728187799931 -4.7516774380400548 -4.7547097144614074 -4.7577607530045336 -4.7608214134007252 -4.7638826963505085 -4.7669361226898639 -4.7699730124257194 -4.7729811649597815 -4.7759422404632028 -4.7788320657059913 -4.7816156310403262 -4.7918869247453442 -4.7942261664065171 -4.8015007132504079 -4.8023466595064255 -4.8027770775397798 -4.8028335390661674 -4.7852520049513885 -4.7881636970369632 -4.7880374271675166 -4.7878333599587268 -4.7875713787832925 -4.7872700918986073 -4.7869466095000446 -4.7866138864934085 -4.786274933955001 -4.7859217538838879 -4.7855635085148602 -4.7852223392361548 -4.7994297940913535 -4.7988763041055007 -4.79837365582096
-4.7220974362942227 -4.7245669908374248 -4.7378694542247182 -4.7405169937426264 -4.7432217766328826 -4.7459828760492195 -4.7487982022918116 -4.7533395140716461 -4.7500192315849139 -4.7529720473327188 -4.7559599347677697 -4.7589758378943516 -4.762012133520475 -4.7650608892181285 -4.7681144356799372 -4.7711668715573197 -4.7742158825404406 -4.7772551195552921 -4.7802662724092064 -4.7832303392950379 -4.7942320170153305 -4.7965837598953787 -4.7990928004109561 -4.8064089908761174 -4.8073602320087776 -4.807748886432222 -4.8076148728464894 -4.8119221209451881 -4.7920716119069064 -4.7919103403271235 -4.7916690939827236 -4.7913610160474676 -4.7910033149379538 -4.7906146964664797 -4.7902122425246283 -4.7898046880891831 -4.7893485058685421 -4.7888632621292029 -4.8031217811648084 -4.8024039382945638 -4.8017416781082476 -4.8011320570980676
-4.7335649852185453 -4.7300401774310359 -4.732592639617387 -4.7446689342409325 -4.7473722018808191 -4.7501263266882656 -4.7529297864521682 -4.7557801019343078 -4.7603158165383128 -4.76326989063383 -4.7601991109861386 -4.7631943732471242 -4.7662110597469267 -4.7692419322964748 -4.7722793876174432 -4.7753166458939535 -4.77835877797592 -4.7814149300205111 -4.7844485441285558 -4.7874415495490528 -4.7984987362521156 -4.8013887733574299 -4.8097029053466178 -4.8108607468521152 -4.8118989671784842 -4.8122848636131597 -4.8120694333418381 -4.8117764987475002 -4.7957839608115496 -4.795625318357021 -4.7953668156149352 -4.7950206615463014 -4.7946072904202994 -4.7941494004750469 -4.7936673261772844 -4.7931730235396008 -4.7926210612560656 -4.7920340533854899 -4.8061118281847515 -4.8052952826785091 -4.804533614834412 -4.8038253817692347
-4.7378243646895939 -4.7412813600126533 -4.7370547808920307 -4.7396605969143275 -4.7423133981130166 -4.7542502318454591 -4.7570364235455624 -4.7598658011757564 -4.7627357507370238 -4.7672532908959004 -4.7702142849652116 -4.7673542429145668 -4.7703459908153025 -4.773353362862343 -4.7763690606687277 -4.7793853617449038 -4.7824065347720888 -4.7854531475832092 -4.7884708291538418 -4.7914375458897167 -4.8024652792503186 -4.8052349850441098 -4.8134280877000553 -4.8146982439816401 -4.8156212340058122 -4.8160802210780416 -4.8161146731882178 -4.8159433659928474 -4.8244048129453132 -4.7991676805113173 -4.7989132881415344 -4.7985355877253131 -4.7980659620775015 -4.7975343116143714 -4.7969624046254458 -4.7963591016196547 -4.7957202647993267 -4.8099490437449779 -4.8089952258543258 -4.8080907291110817 -4.8072391104910235 -4.8128851649490159
-4.742953946170763 -4.7455740800898774 -4.7414974032034989 -4.7440970505994873 -4.7467390294772134 -4.7494233262970855 -4.76111137903988 -4.763914209298596 -4.7667549799882796 -4.7696310772497581 -4.7741198809546423 -4.7770766676783181 -4.7800574292756144 -4.7773843633927244 -4.7803735167804291 -4.7833686767523904 -4.7863691051869743 -4.7893678443059224 -4.7923364528809858 -4.8038646453691527 -4.8062100264027983 -4.8088586032393605 -4.8170072976786322 -4.8182526236091858 -4.8191523943029964 -4.8196865807324745 -4.8198971624090943 -4.8246811121257362 -4.8285946034941469 -4.8278758293350466 -4.8023059676318729 -4.8018951603244302 -4.8013665798308169 -4.8007607452823358 -4.8001026329515213 -4.7994067365155146 -4.7986832712438572 -4.8127937310568232 -4.8117640300168905 -4.8107801003421438 -4.8098472491695796 -4.8153824231734523
-4.7472456532714933 -4.7498571417542195 -4.7525076294297461 -4.7485009850355784 -4.7511247328440103 -4.7537866867037541 -4.756486640883689 -4.7679183249527775 -4.7707239327093882 -4.773563092926608 -4.7764332343420666 -4.7808843226174522 -4.7838268384106817 -4.7867895530945193 -4.7897678343900569 -4.792757269064035 -4.7902007621103717 -4.7931481301888859 -4.7960564156320622 -4.8075486051085683 -4.8103019946450836 -4.8123721706131946 -4.8205068238575173 -4.8217138852952832 -4.8226096433012087 -4.823195877755257 -4.8235157211375066 -4.8285132660763015 -4.8326276801642001 -4.8319878629823059 -4.8055419482169786 -4.8050821267778518 -4.8044923622171369 -4.8038177386755603 -4.8030826729636162 -4.8023053904583684 -4.816647255959932 -4.8155115757074274 -4.814410839632643 -4.813354519065264 -4.8188352068373046 -4.8177874286866658
-4.759243539335853 -4.7541249017946026 -4.7567547165386204 -4.7594199069998648 -4.7554652167722873 -4.7580975070614793 -4.7607642011159932 -4.763465028226924 -4.7661991862242514 -4.7774312496039162 -4.7802568754844161 -4.7831097966549008 -4.7859867195914108 -4.7904333124840939 -4.7933676885502834 -4.7963122590720699 -4.7992580266919447 -4.8021897348608178 -4.8145563406312544 -4.811108722892917 -4.8138004760731441 -4.8225193868655305 -4.8239587207055177 -4.8251359282238591 -4.8260200376952946 -4.8266191365370492 -4.8269862717746408 -4.8321570018592999 -4.836487888470109 -4.8359928637283724 -4.835086468787166 -4.8080547876727016 -4.8074178993993932 -4.8066899210350362 -4.8058901134339349 -4.8050407258800369 -4.8192942267392356 -4.8180930280380494 -4.8169268089557438 -4.8158051806822337 -4.8212028545712915 -4.84278334053585
-4.7609892798241304 -4.7583716638758844 -4.7609735390247367 -4.7636064379121041 -4.7662711317537134 -4.7623505695386834 -4.7649766162531968 -4.7676336861143778 -4.7703214821170308 -4.7730391230258737 -4.7757850388691399 -4.7868032988728517 -4.7896278179696408 -4.7924723943669676 -4.7968607192659549 -4.7997517215496108 -4.8026419174798693 -4.8055158645809062 -4.8178614274057541 -4.8209170715442147 -4.823082155792056 -4.8322040443805356 -4.8336639474675609 -4.828538512670594 -4.8293994882229629 -4.8299597735805113 -4.8302938896454641 -4.8403191112330495 -4.8400315160740695 -4.8396164017246486 -4.8387478589321917 -4.837737012053605 -4.8101191972612769 -4.8093640385227854 -4.8085122729982031 -4.8230702208246568 -4.821787853995458 -4.8305429802820914 -4.8295608167103428 -4.8462473264809862 -4.8453364906381582 -4.844490260811698
