codes_tests/data/T&K/Benoit/Log_Plio_profCrepines_050_75m.grd
ncols 85
nrows 89
xllcorner 663750
yllcorner 6152250
cellsize 500
nodata_value 1.7014100000000001E+038
[rows 19 to 37 of 89, columns 42 to 83 of 85]
-4.3084890802367708 -4.318343532955474 -4.3152973364877365 -4.3151784127183817 -4.3102222514662438 -4.3007973490952525 -4.2867656293586816 -4.2690819804512632 -4.2460100704860739 -4.2196113198132785 -4.1952108762379652 -4.1671298537325043 -4.1339543007552848 -4.0993718850074874 -4.069458415967663 -4.0506900257198586 -4.0468362233282891 -4.0548187707421963 -4.0690705270624248 -4.0828917806628198 -4.0990059567791564 -4.116548201327082 -4.1350460597564975 -4.1535845014815731 -4.171241677324943 -4.190694629160709 -4.239114685393786 -4.2568554001362244 -4.2419126796532449 -4.1929758000831985 -4.1038753087437856 -4.0074500147454906 -3.9383952503899144 -3.9011756834896949 -3.8924796813332074 -3.8990324824397766 -3.914822444123407 -3.9313673710220534 -3.9494007469665471 -3.9647795653540929 -3.9947399242702639 -4.0160540426740656
-4.3046516267314576 -4.3027258538633184 -4.3074966732899718 -4.3053107871014049 -4.2947146513082934 -4.2827965387828772 -4.2658482266579183 -4.2466748518020143 -4.2268925118108456 -4.2095890067718225 -4.2013653948999137 -4.1891476044492331 -4.1685456749209671 -4.147589327495286 -4.1335516963082846 -4.1198859244265194 -4.1057100490687723 -4.1023585538178997 -4.1071738602469088 -4.116325152224058 -4.1270009630037485 -4.1425546473566373 -4.161806369380864 -4.1875411907061748 -4.2197313537260488 -4.2631942285626501 -4.3175961901210904 -4.3571008272706484 -4.3490610328487094 -4.2931160974004623 -4.2148318166848657 -4.1363201129471188 -4.0769278193312708 -4.0391710089111506 -4.015501897216625 -4.0061714013128018 -4.0034390585928978 -4.0038265193614286 -4.0085239599794118 -4.0168308310806013 -4.0332034367391536 -4.0477077048042833
-4.2855927150096145 -4.2910081133661544 -4.2968402908191958 -4.2928634531330507 -4.2799049885697249 -4.264070444155811 -4.2457455061211524 -4.225451796705614 -4.207387791592696 -4.2001771467392102 -4.2072950158188638 -4.2143944510399525 -4.1979363035834947 -4.1837832651946192 -4.1798019115518024 -4.17054650172929 -4.1514003904128529 -4.143554437942921 -4.1435793069293085 -4.1504504244942311 -4.1574713088859063 -4.1679247439638756 -4.1878429358952101 -4.2183740267666554 -4.2628728216462815 -4.3215170488663741 -4.3932989314815618 -4.46728864359455 -4.4661743330937762 -4.3855495267415359 -4.3087970056627913 -4.2430799643827397 -4.1958691529542573 -4.1631843976437821 -4.133495497606118 -4.1059397506416104 -4.0852977529855057 -4.0719189665310065 -4.0637024423442165 -4.0618066296599906 -4.0619714868258754 -4.0770204082656161
-4.2726246512564909 -4.27548152832476 -4.2765114353547009 -4.2735858701130587 -4.2616240891223622 -4.2471702189752065 -4.2300955233608883 -4.2081605186986222 -4.1853314904220893 -4.1781979072903876 -4.1935028787689212 -4.2192467775979274 -4.2098976520205742 -4.2046876645273414 -4.2001084489083613 -4.1924971457313953 -4.1830738185459184 -4.1785416398675155 -4.178751425739275 -4.1796986969169723 -4.1808099415473734 -4.1861423742640689 -4.2016775334219512 -4.2347051539344767 -4.2853833683420817 -4.3508868892499191 -4.4278030829459469 -4.5093074279586274 -4.5130452811933264 -4.4416884455969594 -4.3747448060382848 -4.3245097408995576 -4.2942495647037351 -4.2768045504009615 -4.2499231452425228 -4.1962398841139361 -4.1572051790456843 -4.1296686605599149 -4.1107674418377051 -4.1006470183917223 -4.09430607072931 -4.1056823987010809
-4.2583589296775841 -4.2623780991820315 -4.2596515543174878 -4.2533067931307373 -4.2438645412503755 -4.2338022996045943 -4.2239298939759786 -4.2065850649924394 -4.1670711938076899 -4.155089812550484 -4.1547807958850811 -4.1845652660032941 -4.2109905892170376 -4.2175649018742618 -4.2135655479055449 -4.2076898742288682 -4.2039280655728763 -4.2042955706709257 -4.2092485866963614 -4.208157012139524 -4.202086525853999 -4.1986900257836091 -4.2045187464723348 -4.2377616343526281 -4.2922895920906914 -4.3542980743442712 -4.4182366922356087 -4.4694602643171777 -4.4771805970116789 -4.4448818443108316 -4.4036485456554075 -4.3706001579069849 -4.3557372395355518 -4.362808375282186 -4.3448406575667375 -4.2718994489057547 -4.2183774108342558 -4.1852416970045265 -4.1547773410859836 -4.1408073930511708 -4.1342231349003482 -4.1299660993180538
-4.2484791508085618 -4.2465392802514579 -4.2426612393998502 -4.2361503398461435 -4.2279686394762743 -4.2222421663917888 -4.2281585332091307 -4.2455721225848837 -4.2453295871244077 -4.1892233107061543 -4.1215508838285952 -4.1866628812319551 -4.2349988760547221 -4.2415089841057201 -4.2295011258551991 -4.2223310917679449 -4.2214998204487966 -4.2247842614153717 -4.2317415245127741 -4.2314867751983662 -4.2238299586047283 -4.2151593910316389 -4.2052032971729512 -4.2416718445614237 -4.2948659565494758 -4.3471580331355719 -4.3941009271945113 -4.4274728988414864 -4.4358966683643084 -4.4222418740631397 -4.3989991733686749 -4.3805745727120886 -4.36890730226275 -4.3711380618656799 -4.3499186651602262 -4.2931988800465826 -4.2404529546488483 -4.2040875968379909 -4.187534875583264 -4.1739496507009113 -4.1673472450607747 -4.1480136542874941
-4.2349290912971806 -4.2329020076186845 -4.2293045175160948 -4.2231869952908596 -4.2172986194680737 -4.2094991013373004 -4.2192393951867535 -4.2725305730483747 -4.347917583772821 -4.2772873451721072 -4.2402359399606278 -4.2682257041012157 -4.3080549441724614 -4.2873522503413994 -4.2482427713830262 -4.2423987789366198 -4.2425565199216635 -4.2434338715426252 -4.2489952357850838 -4.2533581948663732 -4.2507329712824653 -4.2456363195270086 -4.2457601128522615 -4.2660003304593168 -4.3011772109044433 -4.3370619536958195 -4.3686228781885763 -4.389468645865227 -4.3964904434275889 -4.3887461246239727 -4.375269134226448 -4.3603133736821871 -4.3479813413144193 -4.3340933532526256 -4.3121726240527671 -4.2759898506292622 -4.2371362779357806 -4.2088565274701075 -4.1925114482854786 -4.1860457583539947 -4.1806155139680854 -4.1763907866724148
-4.2225117973749891 -4.2219769778786773 -4.22436839684232 -4.219858906677902 -4.2119819420211533 -4.2001735401325444 -4.1959555933596642 -4.2484055843413628 -4.3207000910264357 -4.339017846037498 -4.3349367975180986 -4.3572778358248492 -4.3884395569318517 -4.3516460290983989 -4.2984941125499923 -4.2916489686652612 -4.2796842248258615 -4.2682593864872329 -4.276384179908387 -4.2848142025764355 -4.2855867687357296 -4.2823149595035099 -4.2826140793150138 -4.2920949982787571 -4.3107648027517982 -4.3313304858146777 -4.3478818477426859 -4.3583764526117745 -4.3598523392261512 -4.3538102745853049 -4.3412886785192786 -4.3260791160528562 -4.3102218588311763 -4.2925579023835585 -4.2670957348550278 -4.24147929431994 -4.2158158225239504 -4.1984733807433967 -4.1894790881955615 -4.1860998990824774 -4.188803064313805 -4.1889114401159411
-4.223585839069381 -4.2249352959713313 -4.2263898786058682 -4.2263345238372274 -4.2244603472529079 -4.2226837066966896 -4.2283111988689068 -4.2701008194973458 -4.3281805713370396 -4.3675852666409476 -4.3929678058868591 -4.41850339086667 -4.4356854087032875 -4.4282864474403763 -4.4076970456287379 -4.3860569063331418 -4.3480171024188463 -4.3008516311901968 -4.3247099864460878 -4.3323637830236841 -4.3291341445272264 -4.3217901614714673 -4.3158692401029128 -4.3153981220468918 -4.3206161634961031 -4.3271300075299379 -4.3322277026128733 -4.332003481751503 -4.32717502788425 -4.3170537984447428 -4.303831315457014 -4.2864712785977233 -4.2686739759494809 -4.2466165436620633 -4.224014082285799 -4.2014584121083463 -4.191308587491327 -4.1838790870700269 -4.1817254347069195 -4.184156938540351 -4.1901986782525089 -4.1961793904632874
-4.2118043161918779 -4.2188358816576033 -4.2261483762418433 -4.2336632163486101 -4.2420156786378627 -4.2533141461643789 -4.2750660409730443 -4.3127493604556566 -4.3598413117587906 -4.4034872584079832 -4.4405543654903852 -4.4714640480590671 -4.4978376144391827 -4.513143914757455 -4.5202736012846652 -4.5112703017886719 -4.4724161758469405 -4.4270942647299059 -4.4103173075007849 -4.3971647033210992 -4.3796545358968988 -4.3616439910577673 -4.3466317481514771 -4.336013544308372 -4.329577380036306 -4.3246981107860618 -4.319051318630752 -4.310888006398832 -4.2982152234417867 -4.2832206570126772 -4.2662108985601845 -4.2477820851673336 -4.2281087064572187 -4.2049583283226841 -4.1791975410427149 -4.161060269087308 -4.1634236250730217 -4.1698011317198569 -4.1766037680931554 -4.1847478477675253 -4.1888317942812279 -4.1983866344279974
-4.2068722725436016 -4.2155146710783349 -4.2280271414631105 -4.2426432750236884 -4.2611339739838741 -4.2839103058968355 -4.3135266511973569 -4.3516072749746613 -4.3955648681265167 -4.4403707905198706 -4.4834046055128081 -4.5228387143002511 -4.559203021651518 -4.5940691260158015 -4.6304789688639918 -4.6551912443526176 -4.61488822684914 -4.5519871169345132 -4.5072025790108494 -4.4675424480766726 -4.4299630631315949 -4.3984725797423305 -4.3731723481304421 -4.353186626924658 -4.3378762999510663 -4.3234781458977594 -4.3093010425136002 -4.2931536501375502 -4.2748344612381786 -4.2537437677747807 -4.2320355174236584 -4.2116282716404907 -4.1937214583487368 -4.1765086470128789 -4.1520778576893402 -4.1310542577774374 -4.1496220367829766 -4.1640594664292507 -4.17600371635623 -4.1876155769978682 -4.193977507454469 -4.1988223555976463
-4.199227273932939 -4.2098826475634219 -4.2276797665844272 -4.2509245252998245 -4.2787878470013307 -4.3103340854794929 -4.3456192999649108 -4.3853194830396678 -4.4294340863866442 -4.4750828841376471 -4.5208628329546467 -4.5646595167803907 -4.6056896076714233 -4.648542422653601 -4.7044391286496259 -4.7755760285756983 -4.7128877035899457 -4.6323950521361859 -4.583860778863972 -4.5224676090596159 -4.4688310640749416 -4.4271167371152611 -4.3937449549359204 -4.3665640251599385 -4.3437477549303907 -4.3240465009733526 -4.3033669067933937 -4.2810934556480191 -4.256789635869846 -4.2318962906664659 -4.2054011327940559 -4.1786391022357545 -4.1651014575185714 -4.1662225434019877 -4.1548766334225631 -4.1514896384864937 -4.1633254555638413 -4.173822619350438 -4.1823249811583798 -4.1944561423539284 -4.2013315529752715 -4.2064854405433731
-4.1852933073838283 -4.2000891416956705 -4.2229868910927921 -4.2541041711946308 -4.291871026105218 -4.3317501090186745 -4.3713696412901619 -4.4128725430516944 -4.4561380292725117 -4.5019387116308245 -4.5495101100700044 -4.5954707459484379 -4.6316158154507994 -4.6643676568905095 -4.7042701582465147 -4.7344319613617234 -4.705379826663739 -4.6488876272606099 -4.5965171609850373 -4.540032407691851 -4.4881940762835333 -4.4440982854838209 -4.4068621652959292 -4.375362936105299 -4.3485978576274906 -4.3257662606174696 -4.3031161710661561 -4.2778354368071838 -4.2477962836230079 -4.2266122605219127 -4.1954409518378242 -4.1530924670815885 -4.1319338617263002 -4.1563715874578886 -4.1679338603507521 -4.174769804194888 -4.184111013739459 -4.1952622058355944 -4.1951264195865861 -4.2021945201057065 -4.2112817365322126 -4.2156872004844104
-4.1656280978916369 -4.1823876291981774 -4.2093382959873598 -4.2477642519802252 -4.2980162948049845 -4.3482631767919067 -4.3904153436271649 -4.4317486403946695 -4.4731400780591457 -4.5167357144961997 -4.5626137685487791 -4.6118790341738656 -4.6329594666579199 -4.6412768240552449 -4.6607193735698704 -4.6719813092872915 -4.6568177364849639 -4.621588150860048 -4.5799238094861074 -4.5366132423449343 -4.4939530049104919 -4.4500577818955289 -4.4124365426510419 -4.3789845106245409 -4.3509108545986193 -4.3285620094248998 -4.3085683372630132 -4.2886820516515325 -4.2676714768717847 -4.2488754454602713 -4.2207760350195214 -4.1727879911115817 -4.1399203763528707 -4.1770206358830499 -4.1967415713632583 -4.2048280970203553 -4.2108810131090131 -4.2170761844228855 -4.2126195877422727 -4.2166139662482429 -4.2235391037411087 -4.2263751177744524
-4.137991603540387 -4.1545764747502965 -4.1835260621070809 -4.2248739338931678 -4.2867287850588918 -4.3495222243699603 -4.3995842573866373 -4.4422591629830226 -4.4781320471796402 -4.5141503369013911 -4.54945604019324 -4.5777590272229958 -4.581004811887663 -4.5852936366281751 -4.6020879561838584 -4.6096618232421225 -4.6004384070958722 -4.5779225851457586 -4.5490554687079801 -4.5181288001304702 -4.4861747949019435 -4.4519854286906266 -4.4152142264510719 -4.3766100096195455 -4.3490260930044373 -4.330607776342573 -4.3178618120476422 -4.308656693976868 -4.3016595824187167 -4.2952296219189083 -4.2845952744387414 -4.2646529258136727 -4.2484498092697844 -4.2467741474301093 -4.2461665224964262 -4.2434033882866506 -4.2420344460371284 -4.2422222558572846 -4.2399721320503758 -4.2332572405551989 -4.2374374673497384 -4.2381973716275683
-4.1026521966641996 -4.1148282395752283 -4.1373883643656093 -4.1805884193333398 -4.2516690159171988 -4.3313660112796537 -4.4032727617544616 -4.4473560888102961 -4.4703532566530235 -4.4928623572687325 -4.5152692109565002 -4.525666540860743 -4.5101169442578835 -4.5240877913813176 -4.5468608943238005 -4.5521500737108926 -4.5440070606786822 -4.5282878883479256 -4.5101254596141764 -4.4920378781018071 -4.4731529533285164 -4.4475247290347717 -4.4088405910956592 -4.3692322272926845 -4.3401471532919667 -4.3293331769227201 -4.327272674898694 -4.3308907225825868 -4.3390106161832804 -4.3514260397351432 -4.3670521498006423 -4.3784855634127835 -4.363056312527398 -4.3316018424137077 -4.303135102207813 -4.2852158613246747 -4.2744855134733859 -4.2683614078036491 -4.2650019622862052 -4.2509162136838006 -4.2521856982758042 -4.2506584299747576
-4.0628074266207364 -4.071126524846111 -4.0886994353493362 -4.1403012173501041 -4.2222170788209876 -4.3145724140638162 -4.4096232107216711 -4.4475025241958104 -4.4454564791884801 -4.4598502236535289 -4.48202674476721 -4.4957913476837401 -4.4975464436108474 -4.5033792846986458 -4.50942092370369 -4.5024380851626198 -4.4887511911839795 -4.4750247772130596 -4.4652069701146262 -4.459392173682045 -4.4556932127588205 -4.4463426876046528 -4.3957124178749059 -4.3431135291713598 -4.3241401957340067 -4.326790677629905 -4.3346736364089224 -4.3509122379561989 -4.3725740986652966 -4.4015468822636468 -4.4406757056535948 -4.5019793752489479 -4.4730992501578744 -4.4034918363936235 -4.3519057824868161 -4.3222431455097619 -4.3042329513747308 -4.2932588012735096 -4.2859296638680497 -4.2766320897914181 -4.2670319953235376 -4.2632398592024456
-4.0217556749853074 -4.0319992925081483 -4.0644148092500449 -4.1233893171190221 -4.2026577006788113 -4.2902536018174118 -4.3716296474833456 -4.3991363447099907 -4.390450812923965 -4.4162216222136639 -4.4552401533939827 -4.4806367371247529 -4.4942029063086917 -4.4947111989829001 -4.4833389585533308 -4.4571359228568177 -4.4317205264683537 -4.4169255687505249 -4.4147421811549394 -4.4196061307818137 -4.4250514973379325 -4.4235034595517257 -4.3549280340086458 -4.2905249941971615 -4.2978114059468515 -4.3203645338446481 -4.3440126220749118 -4.3665918289454968 -4.396537175400419 -4.4341417092750239 -4.4846497435644785 -4.5491882618142725 -4.5158725599973417 -4.4378952970365173 -4.3782038564155066 -4.3473171833726578 -4.3291087556259473 -4.3155842260566519 -4.3054006178876456 -4.293383061723441 -4.2813561377879337 -4.2754758688457892
-3.9827242086638668 -3.9885194927898171 -4.036762540927068 -4.1038211861270177 -4.1800762135633613 -4.2576096534019001 -4.3207239707320033 -4.3425346348465288 -4.3101737774169209 -4.3811383506084765 -4.4422717260048046 -4.4673981422373075 -4.4876606127293401 -4.4764646052513717 -4.4557625360748876 -4.4068736012881224 -4.3682934632532362 -4.3523374892526139 -4.362112407876042 -4.3787308250857553 -4.3867180970102755 -4.3715134503486528 -4.316297948331802 -4.2606928796497874 -4.2909974439668073 -4.3237493151309998 -4.352560704801741 -4.3807539739159296 -4.408914361639404 -4.444601272360293 -4.4834406668543885 -4.5095783016414615 -4.4932531518686396 -4.4437190157348789 -4.3939316377718853 -4.3677601126518644 -4.3500374472919372 -4.3351724289279288 -4.3229476723324423 -4.3087646138994025 -4.3038363069172476 -4.2869861373458411
