codes_tests/data/T&K/Benoit/Log_Plio_profCrepines_075_100m.grd
ncols 85
nrows 89
xllcorner 663750
yllcorner 6152250
cellsize 500
nodata_value 1.7014100000000001E+038
[rows 19 to 37 of 89, columns 0 to 41 of 85]
-4.3616686027630518 -4.3429736506965755 -4.3041871104442206 -4.2966301115044478 -4.315845363546714 -4.3603063663282775 -4.3201764906685884 -4.3365552147061441 -4.3404518341576068 -4.33429047028452 -4.3266180988783063 -4.3370541532016968 -4.3096052896897659 -4.3150506714268175 -4.3559281060649866 -4.357724843485741 -4.3596243276788877 -4.3605216403720028 -4.3537072618686814 -4.3520945174547769 -4.3739339944713471 -4.3733496380672658 -4.3673288271954274 -4.3695260269002825 -4.359893475533176 -4.3757652958100524 -4.3722286435049584 -4.3869121918571521 -4.3874621766911304 -4.3861370695856525 -4.3847469277676066 -4.4000571366159491 -4.3964751697787667 -4.3857078842806496 -4.3901183439913121 -4.389007687083466 -4.3875141028595515 -4.3862057564161869 -4.3861817117833368 -4.3830992940383808 -4.3829703969750407 -4.3834444015052672
-4.3432634713954075 -4.3378884915403173 -4.3046125966702187 -4.3072596744007985 -4.316268965308474 -4.360620083839243 -4.3370003318920354 -4.3369119112156724 -4.35427012840531 -4.3236976568969778 -4.3375103140991991 -4.3306514612421951 -4.3227496312857339 -4.3562982938467538 -4.3580638788351962 -4.3595515941990719 -4.3607962076057332 -4.3672665375000168 -4.3535402600821822 -4.3643997995093162 -4.3734743531261184 -4.3811656346987258 -4.3676656230898336 -4.3609403353717671 -4.3571406022810173 -4.375333733905939 -4.3866444631544681 -4.3852812363426299 -4.3885125751676286 -4.3868686656127647 -4.3855880619821823 -4.4081342076067642 -4.3953495979291759 -4.3843272755639138 -4.388444023635639 -4.3862354440810494 -4.3840877961586351 -4.3808791661071425 -4.3787829084832639 -4.3773392307170811 -4.3762985096976665 -4.3757649177665137
-4.3436523499279787 -4.3147091054375535 -4.3051153145938601 -4.3077755890032163 -4.3167736664829697 -4.3291630575120807 -4.3374445762726834 -4.3219445086119244 -4.3206768262259319 -4.3241365301370953 -4.3454391086478825 -4.3385054641361886 -4.3284518586433718 -4.3564059819706058 -4.3581034865509221 -4.3606246201235166 -4.3606965419424206 -4.3538645357490919 -4.3646566252336676 -4.3745276622785632 -4.3738366594234819 -4.3811822582360058 -4.3693475709295804 -4.3610192464846032 -4.3600446149405805 -4.3929554425593498 -4.3881464151587215 -4.3882135433090435 -4.3864035856701857 -4.384438705875767 -4.3922034417470686 -4.3940866256046149 -4.3914632986452293 -4.3891150283424967 -4.383548091761968 -4.3807390556240806 -4.3757143479994109 -4.3737207202479356 -4.3712240292420317 -4.368986785942452 -4.3671166610314831 -4.3662378949002507
-4.3441120383901692 -4.3055690067018233 -4.3057089431320961 -4.3082073284052447 -4.3173749003938973 -4.3355704660193091 -4.321963242898617 -4.3284556327746273 -4.3212460159235002 -4.3280892569290952 -4.3587747245010178 -4.3388733069181997 -4.3288305654340693 -4.3565453889465608 -4.3584435811356954 -4.3605962273110501 -4.3674171463646401 -4.3551287531468361 -4.3637604314471057 -4.3740786584260372 -4.3851044720406511 -4.3841864065928684 -4.3607137467063382 -4.3603029676593401 -4.3706806929673689 -4.3914683282597453 -4.3897302796366704 -4.3862502518541913 -4.3841270027850481 -4.3915541240112184 -4.3895272164396504 -4.390341869280439 -4.3876023750722055 -4.3815481658433999 -4.3778001901157699 -4.3724485576221941 -4.3696684054843891 -4.3662433049823246 -4.3629359425119105 -4.3598605244514168 -4.3576947198257825 -4.3612267787920302
-4.3157101780571949 -4.3062328094938946 -4.3064094523475829 -4.3089319759187195 -4.259880308711347 -4.3357418607270946 -4.319800160119585 -4.3250032747336125 -4.3169876501748563 -4.3497860646652988 -4.3591581033931401 -4.3393181129413048 -4.3436055458667431 -4.3572767246726638 -4.3611562565234205 -4.3618843724216791 -4.3683499175133216 -4.3712722127285026 -4.3676029642264105 -4.3774721109040176 -4.384402816429672 -4.3820111473662564 -4.3601113950667258 -4.3709980112771181 -4.3740773668133759 -4.3898965797857787 -4.3895690782667707 -4.3841608474838756 -4.3914048226306583 -4.3886493645225944 -4.3870774405159647 -4.3952538350508421 -4.3829581809373366 -4.3740046237680019 -4.3700312113528703 -4.3655898800910151 -4.3623480688334162 -4.3580942434527863 -4.3539127204757317 -4.349944570959642 -4.3529696034078507 -4.357474283506928
-4.3164162529620018 -4.3070123713612691 -4.3180172992552759 -4.3097899190158593 -4.2491882290872125 -4.3365373305258954 -4.3206650883297417 -4.3053210206069306 -4.3317753951816709 -4.3600822939580413 -4.3596308796980825 -4.3452736424417067 -4.3427770787955433 -4.3606448626440075 -4.3625378166263804 -4.3731061010863588 -4.3717301523969807 -4.3680242193799712 -4.3672451351709691 -4.3769032279319129 -4.3836486528482581 -4.3857866004277701 -4.3710031192513679 -4.3700907196782133 -4.3729411035304802 -4.3882554861520617 -4.3876340306124924 -4.3819612483158572 -4.3886313184651788 -4.3740343941770909 -4.3886889204198116 -4.3906540833924712 -4.3755076103339334 -4.3684156993834113 -4.3637205394361835 -4.3594744832654051 -4.3544179658127762 -4.3492771186599075 -4.3441538349916868 -4.3461469705626223 -4.3472698867025592 -4.3430784859647638
-4.3172416314054836 -4.3079265381135592 -4.309484774570139 -4.2645641501114264 -4.2504971223934698 -4.3343398879105797 -4.3269411955318571 -4.329627573502945 -4.3515347712244994 -4.3607516165885816 -4.3541734593672796 -4.3464801675567486 -4.355029290132995 -4.3655074404045244 -4.3671481978899225 -4.3847740987438435 -4.3714708789588226 -4.3677092589104074 -4.3668511853336884 -4.3762821600421802 -4.3814870291939476 -4.3752858645581298 -4.3702104259089172 -4.373507273238002 -4.3718009864509648 -4.3865678219229265 -4.3856337923717588 -4.3891218777636531 -4.38570813145071 -4.3745020750658874 -4.3845196702014739 -4.3831112783341357 -4.3675741565727364 -4.3623671687664212 -4.3565707845009847 -4.3518081651314375 -4.3458825537258345 -4.3398132880757192 -4.3408490380259019 -4.3407393836333652 -4.3347701008612063 -4.3291121036730527
-4.3085974755639302 -4.3001657180554034 -4.3014862463581878 -4.2659558969274025 -4.2594873645891154 -4.3355040687255189 -4.3371520859169115 -4.3308056620762159 -4.352513392976487 -4.3631752128947028 -4.3552429506932597 -4.3525008512887533 -4.3802532799159053 -4.3681546471037382 -4.3737804085917196 -4.3864693359220093 -4.3693996825475825 -4.3673458543126262 -4.3664061986071889 -4.3798301064040039 -4.3851006177362297 -4.3820354991165535 -4.3849762967655153 -4.372529300908071 -4.3706881749038065 -4.3864414786627499 -4.3930306232993566 -4.3865530634860654 -4.3718629515285485 -4.388780847566256 -4.3775834859757161 -4.3778543277848412 -4.3618459446825693 -4.3555085059617387 -4.349212229458268 -4.3435602499125991 -4.336747527544583 -4.3364510922879642 -4.3361129466666064 -4.3279039580161225 -4.3207058797689317 -4.3138311069908877
-4.3009150704942858 -4.2924727362827273 -4.2729057219507416 -4.2675854628387686 -4.2762667231105809 -4.3522327924415825 -4.3238241979360064 -4.3322260368123979 -4.3555673090380802 -4.3641759006976546 -4.3614323471343219 -4.3533164508828701 -4.3805562179085253 -4.3684048952058099 -4.3853284894917524 -4.3740119554067372 -4.3679869861344827 -4.3669113629271532 -4.3658871970151534 -4.3789672025623823 -4.3950163691739199 -4.3810157512770305 -4.3838258908379677 -4.3712751150484053 -4.3696443122720305 -4.3847307974318461 -4.3907621444309317 -4.3839570101983885 -4.3782823068650121 -4.3821368390094806 -4.3729432101431343 -4.3722192812037628 -4.3553510962866469 -4.3484583400195049 -4.3421698979332097 -4.3346928496802324 -4.3419726580770295 -4.3329913670753006 -4.323965428307746 -4.3155068175824525 -4.3061056964362301 -4.2973809525157849
-4.2932988311006399 -4.2939971987688468 -4.2746500123315965 -4.2694913353143837 -4.2971276167167654 -4.3275359518629548 -4.3256147105382112 -4.3448532270029832 -4.3625333550924941 -4.3690125088091616 -4.3673373055506888 -4.3543126786326285 -4.380951444791906 -4.3942884242414433 -4.3850959595728423 -4.373717980245079 -4.3675918349513037 -4.3663728940963251 -4.3623207979794953 -4.387518853185953 -4.3935848578621517 -4.3799292916524557 -4.3826523301001821 -4.3704166106468962 -4.3687242292215336 -4.3921076948315676 -4.3885558109897795 -4.3828278982173057 -4.3744154782518017 -4.3779843388182691 -4.3680538336017651 -4.3661895471005643 -4.3487083113941818 -4.3408216342206671 -4.3335280882680554 -4.3407401131628518 -4.3306985654150809 -4.32117301553202 -4.3116588236352129 -4.3024066129798868 -4.2924275699118661 -4.2830436340591467
-4.296547987760114 -4.2648548281574765 -4.2766766531892646 -4.2888613792826265 -4.2993334201488524 -4.3379376954591304 -4.3305392985812521 -4.3598711144302502 -4.360284191506393 -4.3705044835801692 -4.3686357347716553 -4.3577300854930314 -4.3837491291557074 -4.3996577285900509 -4.3848277241443556 -4.3716217449910122 -4.3670783724220765 -4.3627847878550394 -4.3616119072310386 -4.3811622495933182 -4.3919575604152312 -4.3827904920768539 -4.3814621565459007 -4.3696720328646554 -4.3787849321784575 -4.3903404808682547 -4.3878834805480098 -4.3770270977101493 -4.3714143606531382 -4.3737462543734527 -4.3629393775060432 -4.3593200794966229 -4.3415305921822531 -4.3325134341838272 -4.334833592693629 -4.3291639799875616 -4.3187976565756401 -4.3088015441026446 -4.2993015667611179 -4.2894223438187282 -4.2809223974865542 -4.2757818415813551
-4.2885343996977232 -4.2670348671444867 -4.2985755765889513 -4.29134852242482 -4.3004109987660266 -4.3496341932431974 -4.3394651347980995 -4.362135665591552 -4.3624480972476629 -4.372363865623937 -4.370258858253762 -4.3591985666614335 -4.3987533683913229 -4.3995168494685704 -4.3845161841469853 -4.3711826989873197 -4.3663976092809857 -4.3619631565494768 -4.3727633574913316 -4.3834655564004503 -4.3747468360880379 -4.3813576372074463 -4.3802571946560187 -4.369088057037227 -4.3778976625152675 -4.3888300958839688 -4.3860791855466239 -4.3750057610953341 -4.3686222048327155 -4.3695117677075634 -4.3576392646369726 -4.3710163281942158 -4.3541863926542081 -4.3436668948932713 -4.3457350538509187 -4.3334797618278422 -4.3215987593397109 -4.3101889808182845 -4.2986253988316747 -4.2883659452752063 -4.2811566192874704 -4.2743605561860356
-4.2906505426540376 -4.2695261874730619 -4.3011691261372391 -4.2987010359730409 -4.308843111009713 -4.3178546979360704 -4.3360139334689318 -4.3635212701161281 -4.3651153986198103 -4.3746871904343401 -4.374303147990914 -4.3637946054826591 -4.3992995925481715 -4.3994259293077445 -4.3822611794404107 -4.3706060853705395 -4.3627139828899892 -4.3608513248309198 -4.3710957883149471 -4.3813744743576395 -4.3804527627541505 -4.3797397572462735 -4.3790294075300116 -4.3869492581652967 -4.3772182846004393 -4.3761480685030065 -4.3893735524488413 -4.3972575007486459 -4.3886972321211264 -4.3870471791043002 -4.3726856492155228 -4.3626854346498831 -4.3436013086993093 -4.3455688666284065 -4.332455990133977 -4.3191532300263464 -4.3063290409410238 -4.2942379688429 -4.2829361104106756 -4.2743842445451712 -4.2651518262397401 -4.2591209429451542
-4.2597682990992585 -4.2926209305249747 -4.3062814922611041 -4.3050375569743826 -4.3123980630526662 -4.321577492734491 -4.3366989956916191 -4.3669314802714068 -4.3684078046824428 -4.3723462682526471 -4.376834884034718 -4.389998151954817 -4.40532873352113 -4.3994283778547763 -4.3819123972242018 -4.3698547863869939 -4.3615909504473365 -4.370744867256418 -4.3711149061602415 -4.378759152324859 -4.3781024038652632 -4.3778585786810096 -4.37775328962252 -4.3858421927921523 -4.4031693622843182 -4.398972869043634 -4.4050095258097297 -4.3965424561325772 -4.3928186790155745 -4.3818758142086853 -4.3659120836059735 -4.3489185077460863 -4.3428150249018769 -4.332376265840912 -4.316540304922615 -4.3032619909079859 -4.2898673610857889 -4.2771940262765531 -4.2646052842532685 -4.2554228125640412 -4.2458564093908784 -4.2394064501965092
-4.2850246825985696 -4.3034844081362591 -4.3180947146559179 -4.3088625112236887 -4.3165546680007427 -4.3113650277822657 -4.3542336082505368 -4.3577412113100831 -4.3724750882479082 -4.376090895837276 -4.3800447108717444 -4.3943614115613583 -4.4063629302365994 -4.3995968018616392 -4.3815491861251843 -4.3754778088635531 -4.3616684767264831 -4.368187945822541 -4.3732485848772535 -4.3754417517173616 -4.37517186579643 -4.4029442609659029 -4.4030658201242723 -4.4111562125167678 -4.4025598219765927 -4.4041355467739232 -4.4008648347593597 -4.3952250975666898 -4.3920936448452972 -4.3766335654683317 -4.3581462923699696 -4.3494595436303491 -4.3343397177861274 -4.3168661773506383 -4.3012238073537175 -4.285755443716079 -4.2719773210156253 -4.2577498970454002 -4.2464373418376828 -4.2340196373039927 -4.2234596539415623 -4.2156290435798045
-4.28803280468588 -4.3079331334546751 -4.3218894414920284 -4.3189588550494147 -4.3213886514703033 -4.3167255064599575 -4.3587735165761261 -4.3630378187387118 -4.3774992987264385 -4.3832401995015653 -4.3841248089323868 -4.3973080746466771 -4.3949540113172318 -4.4020218973668834 -4.3812290827457696 -4.3754637679423514 -4.3670216456399373 -4.3648688905173989 -4.3724153822209955 -4.4019705715195041 -4.3977404027417792 -4.3984230841552119 -4.406703336662213 -4.4092961431821704 -4.4074185393403269 -4.4043606392553762 -4.4014400127308528 -4.3954351661365383 -4.3902985977823672 -4.3727342227717187 -4.3616064709583631 -4.3387814187584288 -4.3198225126001661 -4.3012771619785228 -4.2832118732691438 -4.2672872941500071 -4.2520609622037178 -4.2390774280785433 -4.2242920345096913 -4.2107864678727092 -4.1989080913247037 -4.1890637536775577
-4.3068374512801615 -4.3094707473088061 -4.3206383716656429 -4.3238982501506138 -4.3349783272122648 -4.3318479239899634 -4.3649691278836036 -4.369457894208912 -4.3836981398116803 -4.3909878496462378 -4.4020532495391693 -4.4012133853268667 -4.3976354641609516 -4.4003498362131346 -4.3810709458844999 -4.3703147395730246 -4.3761430931561636 -4.3894034350544402 -4.3936573378735542 -4.3944782008187397 -4.3858312398520454 -4.3931507459765538 -4.4024073058688726 -4.4044954962070424 -4.4115219471662943 -4.4054466997391906 -4.3957588592665404 -4.3962387550154567 -4.3899187987529489 -4.3708334135837408 -4.3533245292011946 -4.330287640853892 -4.3052443872249979 -4.2831659678725229 -4.2638999073382156 -4.2471066609170443 -4.2315226332027862 -4.2178213344040536 -4.2015075124828307 -4.1870715043183449 -4.1739530033907846 -4.1615966134537725
-4.3102641308953578 -4.3135562770612781 -4.3269878648960667 -4.3349476835875471 -4.3531250302676741 -4.3390001761773158 -4.341475492191778 -4.3772122674624221 -4.3790399043496482 -4.4026905495750581 -4.4083204698377001 -4.4063712884598676 -4.4013602081109298 -4.402040398150965 -4.3786030949035588 -4.368659803159324 -4.4002568364848882 -4.3820380601663285 -4.3847057830809018 -4.3854040862361492 -4.3785465994575743 -4.3932858138261164 -4.3977319364902723 -4.4017848596239419 -4.4103745253086712 -4.4074400559445515 -4.4013426670098124 -4.4020041571332014 -4.3916455228722207 -4.376773127379388 -4.3470022416483856 -4.3190925117761738 -4.2910093255259492 -4.2628874675459212 -4.2418944051795293 -4.2258202064252437 -4.213473547981109 -4.1985883443142651 -4.1819439942333148 -4.1664848289512797 -4.1512227222762093 -4.135353376452267
-4.3138596652226999 -4.3161805154455539 -4.3252568112050014 -4.3340624572766275 -4.359572320383462 -4.3472240159678259 -4.3506883470531239 -4.3963411059580988 -4.3886637728047431 -4.4006999828872804 -4.4147672112675522 -4.4131239730162308 -4.4089843629312266 -4.4048676379434317 -4.412900908010001 -4.405427339236498 -4.3934089433137107 -4.3825416573625553 -4.3739677246356239 -4.3746025125497843 -4.3701741741438234 -4.3863190188163976 -4.3918982440740484 -4.3989554723841406 -4.4089611557547759 -4.4103727338883472 -4.4081389680217722 -4.4131480944795607 -4.4027738935037952 -4.3753072850250661 -4.343831615982964 -4.3089635926585457 -4.2742539397223798 -4.240769020320875 -4.2178047881759886 -4.2068498195391575 -4.1960134836275831 -4.1833449252948132 -4.1682191046070471 -4.1514535558783301 -4.1333168939335962 -4.1136201107589914
