codes_tests/data/cartes_pz/Piezo_fromProfPz_Quat_Sept1987.grd
ncols 211
nrows 221
xllcorner 663900
yllcorner 6152400
cellsize 200
nodata_value 1.7014100000000001E+038
[rows 0 to 18 of 221, columns 86 to 128 of 211]
291.12157964931555 285.99581383517591 278.24478234732868 272.0245071523899 221.50330350104048 202.74862859341022 194.92318300983217 264.5864396161507 394.05477331539339 449.79021059929045 530.79604638732167 460.32627813549766 353.1825365379479 290.14913807862928 276.16617918780378 260.45571394534943 247.09778835743413 226.28892937284064 216.0373770884799 207.15173726651258 206.00537859519216 218.19141174997989 227.95501133537704 221.78759525868168 213.4948527207099 228.41666482753104 191.45810535081526 211.76917539701142 161.27074493914506 172.46961222710212 194.10920099435924 216.52792617154122 228.83539497123098 189.84601582953297 214.95154348557151 237.78495837720664 235.04339758535551 265.93517711562782 250.77101437798927 197.93357871823216 184.03431865003711 177.37498846348916 162.25081458283233
288.02684973269169 284.20855171010089 278.43956494966312 245.33992825058084 198.1245788992012 178.26667971021141 204.59525499539492 280.08183084988195 450.0064327064805 439.6469208706402 559.24012875899427 472.53779602231964 366.10705578721598 313.92258987306377 257.75771902494716 264.17651174424805 245.43836876922975 237.59111916322587 225.71705646320973 211.81436759353085 204.51521268994151 232.32847177517112 232.46975551273357 220.39513732639722 209.72812125394296 200.81934568022021 167.41073111736151 173.30348117770527 171.38437313014617 160.10678628798701 203.71957310761408 218.27705285379167 179.11954668076021 193.76403198299863 218.38867976620247 214.83318326872427 228.2824957070732 218.48250954155054 206.51036190504072 192.67200952905083 174.80176125338335 167.01570317036379 159.57737098507843
283.90765285355894 283.0464391297171 272.99992840168733 240.88082669266117 187.02111849167767 167.28600746122004 221.4902656723533 361.69456253036134 397.08258564930111 479.32363102066734 541.15010603070266 460.33282311970714 354.7941851350364 289.58828201839765 279.41119768414842 257.95752836249619 255.97523088696749 225.18401597937702 226.0888210687165 209.59407432665574 193.71330383823508 195.46592427139538 214.55071334196285 194.90683470688214 186.80506859553893 187.67989489277511 195.10160115542487 196.01711239888201 176.02494896495853 198.893693322589 163.29020813947068 169.77396404810736 163.64551348996895 186.14907145558462 193.91212077714425 175.96354967564582 192.74634683321199 203.89878438618481 196.41238443902967 194.26452009129636 175.22421301710597 161.12391406807035 157.69916603488599
282.06318145646003 269.61761733046984 263.42452622554231 228.75182490396071 176.91735463613378 171.40541705318896 229.76630953384577 372.96538584381176 350.83449490754793 470.21547019521506 519.11362615762584 440.1245199174187 368.71164829596188 308.79632158246625 287.428386154213 241.98741746619083 244.6071346574295 239.60739383789721 225.35118989887556 232.32025082078943 206.59279690879035 194.46385731190171 191.64122529940019 186.98919949499225 209.70514858633862 191.38004384225212 222.73960701587438 214.17464176099779 211.52312646998178 219.71840151741719 209.16729657810322 151.53397200073442 171.1099549485449 154.69695240855532 201.02071560514784 208.83012769606131 195.51613237114501 208.43419877288503 194.74013247121877 184.75531366982059 174.01342131119034 178.2871660623365 175.72909006227164
279.36790403300603 257.23118558767533 253.70630327971145 215.76319895609942 163.34007420080937 170.78860630671673 235.13437272139464 313.26180042484816 363.4785129273701 475.27575257749049 508.47326773543705 429.15713249653476 353.75383572617409 322.87114601005015 281.94896173726187 252.74196946116373 254.99404718726987 245.96835797921895 235.89819484112081 226.08139436560674 222.15212468979769 225.07803160253602 227.46408097010291 226.44628245783426 215.89196054835821 193.12113619158671 227.48376892134692 218.47858066569503 252.32906027749712 237.85221186916374 202.57217706955061 157.62064960063429 137.39980321751324 151.43527629307798 179.26886929039586 199.64250077912118 202.0528170668567 179.86968517852171 197.61649409096856 194.26585363556106 197.04378964076017 193.5461302250429 196.01122714610753
252.69919477858133 249.55075668529486 231.86693089824547 213.84362966258951 159.65342984638133 164.32843962161857 267.19284758443803 304.21775426333818 333.08668797205053 386.92941783405115 480.79983302012113 402.2588946598018 342.40494833677889 293.75373144392216 284.44950561408513 254.13178324448293 246.12247679210861 240.13320150333072 234.73836979794635 227.1529301103653 229.04507584000012 239.54805919700712 241.62550311902811 236.92412820244371 217.07377114634463 213.68265329203749 233.17008884680558 247.93505790950053 251.27194934565813 239.83055748645802 189.34070111541106 154.71889625160793 199.64253964661589 153.61720912751795 140.45969954600764 180.55349914772449 176.52928654390246 178.53725935836906 189.70226002570396 199.31567691946711 205.6920282443325 195.28230759776491 175.73206286099244
249.76983924639484 200.41581880583311 205.78777026545731 196.72355698794621 151.53506763321604 188.66237057532476 276.97133904909367 280.84166377286215 306.04235142877968 310.63603268215434 426.69068244151089 415.90619151941394 348.73319108115021 312.20192799155637 270.12170171362345 261.68038862990653 256.30101738212232 242.27630674317834 236.3655145363268 235.3011185989335 239.78818457011539 254.96032141162826 259.92813538503725 233.63751291941929 242.32315908464977 228.74933145537955 237.9063420783196 249.59846335794768 270.56799064015996 192.96221759634074 163.7301127081457 209.51632697186812 194.45832964394714 174.93719990730534 155.57751963784631 140.49873569064948 154.56921117351806 201.62459925555106 183.60347080048246 188.06288589785544 189.95418970802783 182.48904639225111 173.01251464484258
197.04872299425318 178.66025886278729 209.66072787393267 162.3767616572415 155.32732578297808 202.08014013153007 258.03422545780836 237.6788508354432 269.93005549876676 248.01766806094545 396.12004744861417 378.41959306962713 334.49276787060052 308.5949023194421 278.83310438278977 266.63129159907481 251.49139917881263 243.78924920103714 244.42252139635204 245.73275708106652 255.94947382270843 260.58219994918727 272.08980165508905 265.60304340840713 255.00125064127761 249.99261194450804 232.11072024654905 205.48013961888518 189.72622834576941 205.93652398476431 195.54620983772514 182.78366539187448 175.46349496266225 151.02243029673085 145.21103625679945 136.1066513136719 190.18170772084633 202.49724804442187 178.23211012136795 174.4919685833556 183.684663746246 178.64650710175374 182.9979830871097
193.36266044718937 178.61660529596725 164.41561678299351 144.33026970628131 212.97556540034307 239.83101831428047 220.39683326543556 219.86702104030138 229.4077761908174 221.97137078102469 312.17173877991945 337.44406638948379 313.95009124498483 297.54686024012415 280.98594156605293 274.96262447372726 253.77954756402053 256.74061119802775 251.61258526946844 254.14512050153533 267.13924047058055 262.53608352047235 255.94555744975219 245.02638856853864 246.44104051726944 235.37454319895676 217.79261251052716 246.28710590619303 216.08841695738604 198.3855222460588 174.83207967261663 192.72378805466002 152.27443609738066 129.43046949141853 127.9223178997605 147.04499807443287 188.49330474689481 178.06641925924984 167.90101374109202 179.69926713667277 192.23722391772208 184.22273803078343 181.59141496371575
206.13175009480094 167.60148134830334 146.72135299308485 147.30699417504218 222.96030911615708 198.71097287115657 188.67168371540205 170.53203485914125 191.40348659439297 193.57971886769067 241.15535566638806 297.36824703914141 278.82681049547421 282.52867054071976 283.83897297669461 279.76510136221691 269.1263377439376 256.91896070407512 258.36549798113987 264.44942001499084 258.64407626794377 253.67442303817739 236.38526363662174 232.39282820420135 231.9269465247767 249.98077760591926 256.00172459204447 216.0753504351195 208.40029336033251 212.42071852472523 219.21747637659627 202.58682795899878 189.21591277953758 177.0081019662 136.29340201189001 172.12772467819397 172.19319810770475 176.364534012886 188.70712003660248 183.45659385502444 171.61740268437319 166.0587252660801 171.50320652145831
195.46102881583607 162.5489096688365 142.31825464418986 145.28830374256032 166.49060735396378 175.07868862753674 160.60539240071654 163.3168753910987 171.62428963192335 175.10028155487066 193.61187768964652 256.95540475430937 266.65077429978936 273.52917771990258 280.5662151911809 283.23399463277644 277.59931824162402 270.55410846524575 267.83287581313408 263.00289992477201 255.99048921746927 260.56959394077899 268.63222517741622 274.46851447704927 283.96762044224823 255.47110329367214 241.94059016145874 230.62526347782415 212.27357445458699 198.03095845436252 211.08052325625493 204.84523328407721 204.47202393997753 149.76371782099056 136.02722097645091 177.30487030085649 156.7790195603512 176.89389794756502 180.02307283299692 151.23807174933935 153.190327953755 162.04623721097303 167.76908608261263
162.91165766833348 156.98359911961174 134.3514606826536 141.03539567905702 148.23358920142712 149.51649048712039 150.59947000935517 159.21302249484324 163.50773735716325 163.18274482635692 173.51225526568439 258.28340832658807 261.17050810439792 262.88692215618954 266.73894019038403 269.34839044529627 264.76101530604012 260.46767221513778 262.52131002559565 275.0074785397328 280.17890725988866 287.57917881967518 300.20347630261915 321.30591193241929 304.21805189112752 280.22193764813301 271.6324426931846 251.57735027012359 229.15654673025182 178.09903998970441 176.30987236196049 166.00789111099181 166.90012362616619 142.8016415962627 117.5388302691693 162.58127608447461 153.68072528385269 167.89694206380474 157.02862269413214 143.56097358291714 169.4960470627347 155.49900754178478 147.80604998880403
150.43379501228708 141.52633968286617 132.33994152097526 135.40583334095331 135.26984225055614 139.89717259637939 147.29088303251021 149.00389725928025 152.6470745948462 159.33464660722936 169.31088816138785 234.25416085734835 256.03220508234506 257.28234076467635 252.8616411900114 249.45174347138087 251.67550660535261 246.80061902443404 271.9483949182291 316.80553476137311 325.79821280399483 321.34266223112098 323.80088525510399 335.03684108966155 324.50872612639569 300.07193250156803 279.99633107592149 252.39964677316536 233.47351531564556 224.00765679879942 211.38791425628895 185.3305518158657 164.57172382615033 112.02823117779334 147.46817552225119 155.49629488375251 146.19597859092528 138.25286764839814 152.55891942482572 149.60787141016698 168.079885356717 145.36399196478399 142.16481526486066
127.37964157481026 125.30775735722284 127.13446385575506 136.65907581273251 141.87550565037688 138.65608511687532 145.43633992101715 147.22054646594452 150.82458816396775 158.20183667535048 173.45974848616984 251.97938846044349 264.17537646861877 258.65625988215379 252.36435118405905 251.78587727431739 248.14361223366325 235.07168752707304 257.07781382602775 291.31683183148283 326.75712373545008 324.39618067022656 291.42726141676269 276.94997883588826 265.60390813263763 259.08357764122582 238.02402040498214 227.50890604277942 221.53323958012766 214.50567133975503 197.56379992674957 165.45334360241139 173.76584995540577 133.75870615602474 94.634443640685475 133.29889078803802 117.67410581196555 154.18404808490283 155.92466730948962 123.7680813891869 148.61831977370997 129.90537070481841 123.74536042309589
125.60279483421397 133.11377376276371 143.6532479543811 147.26063539495729 158.20470076620322 156.96176070867836 153.91764481537129 163.31657690462399 156.22702674331379 153.44504125591948 173.88589254625577 264.15016552529812 288.61536895921245 272.6124916472429 265.130765091927 269.80971539239061 264.59844937063127 234.97205467696713 234.70149118234943 265.59226399295096 298.54755420413221 313.02716552187758 292.37989018503293 264.11886509741288 238.5684797898943 225.6414048627322 218.15679686136312 211.6805100367319 204.45332198678457 198.6937327787879 187.00896781745743 185.90633018096131 165.70863591381982 124.17790465618984 112.18020309217417 91.62857104765223 146.08136167183741 111.35939268371092 116.60175700202706 117.60843609168623 106.08364602908227 120.30545916036824 146.50154392458225
148.07920485426433 158.81113802572023 177.6968734393231 186.66545239534886 191.72559384052974 209.47480178497386 185.20032664602343 173.39308385036855 171.54546554515667 162.69657287400949 169.63388178717139 219.59143833837737 310.91545534084656 309.92120277094142 286.52322466104681 262.71797892870654 256.74851093528378 235.60912167980192 220.29697184168182 248.64066945552565 273.15252766269765 276.07922802360878 265.06548410949313 251.76228179251339 230.39393448316207 205.56867397110554 194.56751678738848 196.42087443720587 181.34118888569981 185.33229204681578 187.39192727819739 174.49800597503437 156.83275273330091 125.57849937556722 112.35855186127444 90.62512829715034 130.79477715233034 111.74804161035996 102.14189393561819 97.368345611343543 96.567822206347884 149.18594899622803 145.16274173633366
174.9960386196901 206.91958941732881 246.66675590512523 266.31835246537196 250.13680819112327 288.52846654062301 261.13693646885116 209.1636894960497 212.31316853024049 197.66405462881457 167.68241230579758 222.53315234011339 321.35008698790119 347.74496111464151 308.65866998420989 263.64107432345941 240.8768132845714 225.4568709969117 214.67874777208726 225.80396981480655 234.48977453676645 236.87784880174587 234.05595555332758 229.69251176269373 216.31825972749073 197.93920550809361 173.91938860290486 168.92548353420759 178.30551529027997 177.9599508192577 152.21762415701289 160.45735441737983 149.5913807423662 153.62906651873635 140.1556192714084 84.134279772061504 94.70456512224311 111.15705731022587 97.997410840665268 89.688615427625081 94.523076175589082 111.24967011805882 136.63884455367742
221.91128880365531 275.41456300539426 335.09391024916994 367.40687034468948 368.22933316749646 407.42780911400502 359.84883476081245 310.41517617177453 282.23136192008826 189.80438273337577 173.13575190095864 265.86975334739805 333.53671649938855 369.39965112062833 336.93474943747123 301.68543560708645 260.23203468245214 232.51135355963785 210.32358238435768 209.03706916966553 213.72885883189196 206.94728490084546 212.01747415659983 208.84555230018779 193.70180142231436 177.9891951681351 154.34832295878346 174.48420950194628 179.16864113467847 154.34632184600548 129.95302959264103 140.64825244888456 122.07172391834439 135.89394338509373 101.50343590264475 80.578422522061942 89.317672308519548 111.78373758741779 122.49086309358128 119.16820048912101 97.58004737710479 103.81097811393678 102.88546070809193
290.41466204543303 386.9283316341938 480.73530466465405 463.37689247011707 453.10045697637457 428.17046406921952 407.05014059490998 352.11235706896639 273.88778142850504 192.61259737566456 250.46969017107048 270.23428057974451 300.45195240989409 381.69438273973628 397.27969244966118 321.07595322247465 257.83262511933572 232.98086287524691 211.96680322333708 186.58525061008152 197.58246832974038 158.54249584024063 154.93952920712621 169.21759670127494 186.75520294789601 174.79664670606564 160.10637452237339 156.10647822203674 125.82635386205942 154.08214664488781 122.64853235870685 111.00197662933451 106.77150120604055 97.634921008541681 87.104966378552717 78.450213655549845 82.840907856257147 117.16391914866161 138.63866885526338 93.367830812439337 93.661234449109358 88.533141765753953 119.05291712162204
