codes_tests/data/cartes_pz/Piezo_fromProfPz_Quat_Sept1987.grd
ncols 211
nrows 221
xllcorner 663900
yllcorner 6152400
cellsize 200
nodata_value 1.7014100000000001E+038
[rows 171 to 189 of 221, columns 129 to 171 of 211]
65.891973038221423 63.116264970802426 57.876102097634302 53.923401128179336 50.191056258136989 52.562955948293393 51.979579398703407 48.770773770652511 38.819355735199821 36.876523703731706 34.126156087041473 35.6041203390321 39.869516557679319 37.063914883434265 38.894451843232581 40.805840771259895 39.710167503562495 39.001385101108951 37.988067557141342 37.71450006068369 36.974661377095451 35.990996197871311 34.984337096607611 33.023003436093077 31.015136243077876 30.879196322091879 32.808091373723677 31.996598295777847 32.020824539870532 30.781867407404931 31.795212222060147 29.052000893876514 31.023007982109306 29.709838528122354 29.079419944478214 29.719332266228864 27.994268796474252 27.967805768327374 28.027037862645184 25.657192782735592 23.677202283138875 20.275113203916444 24.872551989829986
63.913540832367126 59.867501330661383 56.909719106836668 53.185213536381752 51.001578191780744 54.161160090996937 49.371384686025912 41.689637083931935 36.127858600026386 34.961856897840207 37.091752620198243 37.786582352324537 38.059092249540768 40.952657984191916 42.002466037868778 41.877456162489736 39.980808537406176 40.012614066510039 39.010017885495444 38.00259751147901 37.021802813176535 36.927628095004785 32.939093553079324 32.969805667929172 32.976845538826893 32.982805893128699 34.704359382337309 32.987185702748448 33.023022619908993 32.792188395058211 30.912980883000163 30.79034549125463 32.829003910015935 32.719669340027551 31.78674643694945 33.792205682841931 29.738943512764067 32.525155882525816 30.332806542601681 26.98669339314397 23.861440617023042 22.055585252610303 26.069498379954599
60.117624881864856 59.221487777176954 57.226765073617877 53.632950549088598 53.030853070911903 44.36600212051443 41.999487188198259 38.210451942228794 38.891330755239636 39.931389222055785 37.796148960835907 37.586147645600235 42.894457509786655 44.862665231654404 42.970618120757379 42.009280842953835 42.038611433694697 41.023593322010186 39.684655573838931 38.880410208458514 37.028194462196844 35.944383708193961 36.701746650658336 34.020349163382633 33.959982806684259 35.843902248211251 36.078385193655123 36.840681748354399 32.957328132275713 33.176702757932127 33.023846781691809 32.994638012548187 33.754970356136084 34.580649166720541 35.010925438810744 34.112789948102844 33.018473908684484 33.320855673335828 33.235003716974767 29.229633676232837 25.955715755976048 25.851857528503636 29.690616275636074
56.282597390031007 54.917226334703884 54.951155251697756 52.987493187183901 46.088304185103858 42.966958573510965 40.192499016456516 40.502275792398578 41.117203227707513 38.989594452293481 48.379299709459005 46.20621325457379 45.827614460557022 46.026568820342419 44.023211379866716 43.003110136115374 42.00072456065088 41.808904991755206 40.87989628930525 38.866755087805046 37.977970775385131 36.987931487191446 36.930462908281626 34.776729978410195 35.998855240373089 35.092683289175355 37.789594362234247 36.986833646922783 35.962346125009283 35.826126728801192 34.757327889686472 35.856234094154793 37.815017943264685 36.716620041422495 35.813661927487246 36.4918276427276 33.728275246123864 33.793516040493124 38.679148629724672 26.273025507421618 26.935261974797594 31.854687290262465 32.793470028393976
47.191918777161248 46.863117319733981 62.149012770386932 54.679321665746052 45.324324167988763 41.847618744644691 40.110789540094366 39.716276686341146 42.836834765881171 39.538606989381307 46.524404654563988 46.783292369044304 46.795011371400115 46.897677950044333 44.869084445963423 44.016341291637666 43.010308187299152 42.000225251325809 40.572136717033693 38.185285444490688 39.039906779032549 38.016146536209021 36.995269516607912 37.020524816536785 37.015240980378714 35.769977601177288 38.143989982325962 38.033812552470209 37.770423605418102 37.781607063767012 38.021428745808379 39.773588712521679 39.987924880773356 38.768807710582443 38.790322169126831 38.708990267196448 37.796718270038234 37.955034758094115 27.64710978624845 29.611321025336721 30.385233773189988 32.006335780127252 34.11148988147243
47.194545893931867 44.650837403137601 41.266825253202548 41.651144844424003 39.155095526964558 41.624996532972624 39.389973388644179 39.032164143155377 43.062457226552105 40.326500257263177 48.029981959981079 47.973271906967099 47.699904137896425 46.877137225944132 44.97293111461051 44.703903485671837 43.888319821266492 42.009718204696902 40.973527840414164 41.339147228091768 40.487067523596338 37.956039025703234 37.98156070862575 38.000825126403349 37.997293203182778 38.084054483927872 39.044159296917321 38.709914117500674 37.969421820206364 38.021698366554716 40.514111401017985 40.805385630815344 40.741203273012417 41.7942643853685 41.089043920149273 40.778406929460651 41.612346030969604 35.306263483796322 30.823251903759406 35.830163960390621 35.990862894795612 35.075673270111906 36.795201693720657
45.108888304565774 45.921125793750761 45.074710260954021 46.046394635817514 44.225823312351025 43.292733841721557 39.891939700157408 40.66700754332976 40.02551608056315 49.4710149199611 48.99552236604832 49.019285943113573 47.993696514951075 46.969432503536389 46.023316317317025 44.757919985613462 44.689610515258984 42.989998056826117 42.779664252455035 41.989043664090097 42.011119297162594 40.695460334551264 41.173656643969963 38.764452931499839 39.893036465741567 39.674257749088362 41.904161607386392 41.768250869863316 44.222323756436637 43.014531820992573 42.797341880173313 43.798610081620552 43.777903209348359 44.793483906162997 44.703948138741232 44.072874021753606 43.581138253321051 36.816670360386894 34.041075424002621 37.102845575987587 37.990496153039366 35.702158589694236 38.810992070331196
49.546258370095295 48.67436365877937 47.905726618502932 48.812045831637548 47.628080706040393 44.228948116423226 43.64169214983233 43.640981990754725 49.308143596074004 50.973369185863042 50.819613145154065 50.000520719361717 48.981862990368072 47.94466634065418 46.787710016103325 46.014170857227803 43.965675248772293 44.766609640575773 44.006306139690885 44.027888878967914 44.032585352981236 42.771750107190314 42.783342830307646 41.991709076060808 42.790245596802478 42.987222751711776 41.351016455430226 44.701062626752481 43.964253800888322 45.894907409118268 44.883580040247338 45.775722214324837 46.812061957166904 46.979994470518776 46.95739003771871 46.925914013737653 37.825710038036043 35.707351187201517 37.73801936262187 40.614761642756804 40.422816557155947 38.748426536418044 42.004578022971508
52.775870885634596 51.861703927906717 51.62966577606295 55.376343728775069 56.880653300341393 54.70534509058902 47.008417535817621 51.027902374109225 51.98151080475381 53.015616414545427 51.985729409944888 51.818413692168335 49.956201325765058 48.892821525197746 46.982218104925103 45.711109080748862 46.810113058314492 46.797124756634489 46.723724629801353 45.771499603383894 46.821109735075403 44.658554678578028 43.983524672237763 43.986254047297081 44.839901444753998 46.730968766120327 45.709350700493026 46.769592832669851 46.814434202009785 47.771104883931486 47.800026019396149 48.759182782796486 49.800965160729994 49.754246803667314 48.969644702343132 50.72265211369934 40.610411252570913 41.86050992018879 44.58541997308425 43.014648205901331 41.973472385038761 40.232072046725222 44.679413768296321
56.009301757703938 54.699604544401275 56.663760471909775 58.807575695738358 57.746994442107784 53.245978171883394 49.684270001236534 52.079021971577617 53.996571473901753 53.97785657462223 53.781132382429334 53.017685057623929 51.806713591846467 48.256936281629457 48.997105786802145 48.086136102671183 48.79423707297412 48.097843833101429 48.887092940369627 48.634422507862553 48.762180693923703 47.697173356057036 46.760147364591312 47.819304558216437 48.080814035744943 49.035443619993337 47.702997216728434 48.656159487631541 49.944342718030029 49.871399025584921 50.773010147144639 51.977947465449112 52.781800968321569 52.773403581283731 52.779809586513508 51.335148335389313 42.789126318475951 45.905374826286398 47.01390895873606 45.978562459965787 44.817511644021131 45.30580193327507 47.77044114166948
59.492352706150903 58.735250906545687 61.027572789725411 59.931589954516184 57.723005730117741 55.724954972141319 52.63243472038112 54.60807999669283 55.999837667886176 56.006459732676504 54.877732389727058 54.900668097120928 52.78146082756848 51.853369369680522 50.784116152275615 50.861588280830993 51.823764291984261 51.777975390255392 55.100892654284998 55.558276061615715 51.986786219098143 51.688676693903602 50.721647754609265 52.798368084613159 51.767646219908144 51.818086472102578 50.6022631420214 51.931386737363027 53.693348528392292 53.757562100827897 55.78509391999058 54.877712964466497 56.791268577728616 55.789846851715396 56.791853529402275 47.293584982540281 47.8306214445508 48.798184694087169 49.72943653781455 47.961702767858505 44.891851156548725 49.90951064439593 50.901812002926761
60.856080803968496 62.132157042368277 62.049975713555177 58.922007563841504 56.219467252072157 54.045507413896452 56.843581350165216 57.785977233546483 57.988599116700364 58.724369731889723 57.77932506248856 55.060803824935903 57.046477312532026 55.278881632922712 53.765477452078869 53.870090395043988 55.542114450793072 54.5691198446616 57.875894660248782 58.663844530138981 54.703812220977376 53.967389868479046 53.842450343272283 55.890670161937123 54.886117786575021 53.97451676527217 51.923050766414221 56.545710269274942 56.761351571053972 57.814152980184602 58.761451742886742 59.795701016233679 59.935020609551103 59.771596380947088 58.321857537056829 48.681334861386802 49.357121381449176 53.668056193084915 51.986493530362566 49.693984286748822 46.68184950109935 52.11583152116922 54.786085706880222
63.94362360221831 62.978423535829187 61.768494571476779 59.977455808204759 58.803472740614865 58.588632084866937 55.099100622007136 59.883713419743906 60.746134710846363 62.623876877730183 60.495076684402953 60.937966497433777 63.834184450709749 63.721666873132058 57.742493330418824 57.998359916877867 57.99226778817048 57.775126966530785 61.756313010554869 61.783981198412974 58.758510789925701 58.779714787203744 59.766591998197555 59.781992083762844 57.786121159365386 55.924699782338578 52.847274027809419 58.89943860457165 60.737571089743653 61.760152039825876 62.773927677899842 63.788271012982356 64.597506540254869 64.675721832373853 61.980432871041685 53.757871757340489 55.915731902294681 56.777811731330083 54.006672857002911 53.804152034178848 50.813569549625669 54.858144749204264 57.777942926943865
66.688477171230332 64.960357639066373 63.984487412584798 62.704918951268745 60.834673412654467 62.7395896021997 59.252017922394579 64.797740278713775 64.780234055410475 64.066069265084124 65.346537771681525 67.967106122356725 70.822355070518825 69.917531189352744 70.263646818457516 66.300341661748718 61.691856785247801 61.959634488458924 65.783616679759859 64.663403419022359 63.780927282636306 63.555575793634539 63.781923408594309 63.793163027683342 62.506393784753833 58.055144680021357 59.400026277087321 60.212153391201923 64.085963785545076 65.862775114913561 67.777881918090273 66.81873869888075 68.765477257018631 68.811984146308944 59.712881671490614 54.645728473146278 61.797494450707894 58.948679538122228 57.69455492025007 55.879503473904307 55.526090006744631 57.883408631485381 60.769641105154356
67.853120487933197 68.582051143526513 66.758154607092862 65.875007634261863 65.278725782804216 65.242792497613408 73.182159411459409 67.045054881622946 68.710861835161751 67.847246545028341 71.607979350554899 74.911334218674355 77.570050814317 74.428073246308813 76.500097311572475 69.966458597005172 62.187763745707272 65.722872510711042 69.638147839257812 68.685193951966426 67.778605967747893 67.759206424466711 67.77749090844209 67.788727294256887 66.835184817109251 61.582051620938167 65.494551542030209 60.949797414358187 66.864259353608077 69.923878407439986 71.765747270772948 70.762364956882124 72.788776645719935 71.887966878291451 60.364286428903753 63.383145126358947 65.785919022379105 62.779229280136661 60.455766726973181 57.778809478398564 58.767902569932772 59.80339261805468 63.852396728807186
72.974151221102787 71.629539989277916 73.065316884131008 71.993556852805227 71.592095758896619 70.826398476790928 70.998007155161872 80.303029571942602 73.610576728764244 71.772339260000805 76.774733513777491 79.224819761279761 83.734876008254815 81.606681513258067 81.88448447946098 75.512136133284244 66.301572324969442 70.05509335766412 73.763095149539836 73.566829859673177 73.585826467739608 73.563766195902133 72.769737284766876 71.782453311597365 72.53690094654371 64.554839321069849 69.4953538351498 62.658085530530279 70.678727435733563 73.775050639598064 75.783355070448948 76.601378764189718 77.876745993652122 70.665229063581208 65.360979986313396 70.642695723325346 69.807709105831705 66.790614050813147 63.602962040857562 60.698032725733896 65.49766474770901 64.894371962818411 67.760735426906308
93.62571010954359 82.859903530285607 75.861121057325448 74.206934579987745 85.14790924974875 79.530652020688535 72.653669672670318 78.746822316771613 78.362260851469415 78.670163993186122 83.803481581243332 86.749543055533437 90.55315804113863 90.683110177916234 87.679871594241405 82.812700952113119 70.443219347086995 72.665264127347243 77.762218005704796 79.877940415103083 79.558409662619496 79.488216258049007 78.755223797593743 77.739843513229218 73.824984694314566 69.192726024219056 80.673722684848812 72.402731593383152 72.487484032288734 76.842440118100725 78.916610244467364 81.600187189250548 82.482538191236856 70.912093683739187 73.676629699681499 75.507218712443162 73.798962084232059 70.491643056985609 66.7604368792081 66.587764955300074 73.328417529145327 72.312366274714975 71.611785367812089
103.16823012497845 95.924122094528229 87.946039224904368 94.597216051679396 83.594161861734236 98.69841138905214 83.364943216641009 88.62897412230744 86.117623050841942 80.947149204631415 89.867526609057521 93.687994368276179 98.700447645042587 100.18725963466183 94.606816090248699 90.956886407939493 75.730687741947776 78.53155475082923 82.832413059676725 84.767355208139179 85.61399774877151 85.491764937045616 84.563996973147084 83.482488854784677 81.705798285137533 72.459551934611284 85.480005253615417 73.674246046542081 75.710738757136824 80.26653919610574 83.707040268163297 86.598527744844077 84.325089117001653 73.352918632609715 82.493299009235145 80.49775542731652 77.803200328651101 77.571488768392854 74.203402157337095 79.588215622196003 87.20867351829763 88.052812708669094 79.252161204111943
120.78464610681249 111.0895907004369 94.61289579380265 100.98549382817603 98.647813078621596 97.223472557649188 82.807549464640076 88.520972815573899 98.253603943443167 88.969711237355753 93.869078150735248 101.54343187276096 105.96498811933945 106.49652398557906 101.49045060699407 91.429501563463745 79.569741261031396 84.811909360103826 86.586352483597153 88.887615757339546 91.612797696438648 90.735306798976993 90.746093101640696 89.524720383376206 84.758907350079141 74.443839368458399 83.20755611208331 77.453905472184232 77.410883616964441 85.143369060629496 88.622770547015179 91.568849219662539 92.949996188114156 82.281717273167558 87.009459781082668 85.584016359458388 87.02362690066316 86.965077495793551 90.049745530372263 88.849546127701984 106.07585051884429 111.3603323938547 105.31285341678941
