codes_tests/data/cartes_pz/Piezo_fromProfPz_Quat_Sept1987.grd
ncols 211
nrows 221
xllcorner 663900
yllcorner 6152400
cellsize 200
nodata_value 1.7014100000000001E+038
[rows 57 to 75 of 221, columns 86 to 128 of 211]
304.02364048102891 317.52999629489551 288.83806812775504 266.61565646058779 248.77102816999289 226.61013930247489 247.4201999853077 245.40966619669098 237.02504540271894 222.25001369093039 197.26090740975457 170.61222229685936 183.42842969046856 179.2166891465657 170.19361098892776 156.02700248875115 134.38269764673581 121.91859814518567 93.459339826155613 77.446609458356505 90.244522774940961 97.035103435924 85.445823206084981 62.990640581202285 71.958829680447053 74.789755963684314 64.781025319074132 58.96745303488283 62.424884065931792 52.313336959616656 44.280219303876706 34.742499683993792 34.4782671069269 31.498347152947467 28.161526233311321 27.009408516080853 24.597832486684688 22.676768555011538 20.069546956850683 21.024194400045488 21.094811080589185 19.479335449241781 18.77341329174385
259.36481971061801 257.50089621793614 246.22714096035941 226.903928814995 213.23224856172405 213.11121680997644 209.24958831236987 224.79799761851132 224.7458246107991 213.77936688385194 200.50124383041589 190.81527579863172 192.6111409471784 190.73149669467435 177.36172069393518 159.990384016485 141.20860455664553 129.02882267437508 112.06141949012633 85.147379685591758 71.695743179476651 66.448418046641962 69.401223290663069 61.367021274706666 58.240767230112624 72.571005407640669 67.008684781738623 58.273590446149996 57.076961801350308 58.215965403499176 60.43192564693004 42.662608056910067 34.355972265188626 34.141830510520407 30.989062506682082 28.35951968790884 25.447659557115276 23.889058572153033 21.590714492912994 21.220156804937012 18.435286350046539 19.618708364250416 18.832145866515393
235.73026532027859 227.02425462067222 226.26888663341327 213.2083284265494 198.01819900874045 185.74851754539344 181.50131465787425 199.73149414945067 200.23713608965912 191.01162730038149 184.35483178837589 178.79239981783573 156.05357706690222 164.7224348892226 167.88917668196939 165.30232366309787 139.68768055392269 126.74556336765754 108.12479269695241 94.538851294901718 76.919588425420912 69.076579519591533 62.505489879034258 59.068640528386887 54.972846455488032 65.656707461614758 59.952342132196883 61.501271633417112 50.008353550792513 51.896356611121981 51.787933513632005 51.888419410794469 50.093543926389252 35.73985456148214 31.100273432899947 31.097248564007 27.698427722670285 25.269169329197478 22.603743931578954 21.886574110128969 21.115595588105155 19.974325711786452 18.799843222775753
223.78126594145311 199.14786208074116 206.1079260937623 205.23964355523407 207.94057971881358 199.22355462245827 182.15221915188172 156.62701886060972 164.43469389991168 179.00832334743188 176.56002164411052 166.83098667500585 133.32176665234402 141.46599165209236 146.27051383179645 149.39608726681539 148.58513642878779 119.07366347781455 98.746397839329433 85.466477615232549 77.768620591595294 70.73318085044599 65.121813929859627 61.700754164641367 56.208913843193443 49.326731902402372 51.887191458614716 49.917404594078043 47.654437615299926 45.610508115013801 45.430974442555609 40.946556660451421 42.828051526081858 50.777171104041834 38.737535643973914 28.949219599276041 25.663628264757413 24.197769856869456 24.49189029475265 23.118834481061121 22.032596185441339 21.083741457742345 18.151132215197123
205.2379059351731 209.39710953739041 188.32268105048385 203.86342552375382 199.9559968176207 199.34398385369855 193.89181292407864 182.78030876529488 157.38197284338668 154.45052940326724 161.59854056068656 154.9489155333514 162.82747329383173 162.3012477020292 152.67209236547652 132.69317638895774 108.2625214405479 95.115917551847815 84.042585886941239 76.845358923822502 71.672472676460956 66.762345377602458 62.798831899756998 59.823250671909321 57.135558906027811 51.266986191224341 48.166188636566055 43.579423161562531 44.264142055947417 41.81621973943723 40.043413919495038 38.043823401271055 36.87401846371062 37.331990936437059 35.295599255170387 27.099353865474654 28.196220837479249 25.955682924085661 25.89411282586628 24.711659797515345 25.843391432422131 23.309984298932385 24.821207914997323
206.36177629363357 189.80850685038007 192.88915499681144 190.72521806588998 178.44030185721172 179.48830582670516 185.80767410171438 178.66158771091386 174.42849117870952 162.30947609120432 130.87494160337582 140.37104461056961 119.2539660201176 112.36272020777625 111.36980156863592 101.02740805813184 88.40500074718085 83.9367251804983 75.241820996903328 71.24275062318705 66.512433563386153 63.228504288061593 59.439704668954555 54.48722656517058 52.93289221138572 50.046559858448887 46.084911550269403 40.41402858536479 42.200585064783155 39.976199119583335 37.597564258640759 35.570697022926396 34.195087216784636 31.766950181272225 30.281077954882925 29.786904233219872 28.792677995336803 29.289254017682239 27.553220291364969 26.610247428368552 29.441352666953005 34.469881635742354 28.486202192517819
181.50077696313744 186.80179158806976 179.04885874424266 181.01358973358322 169.54480712764425 152.48582416936628 177.85084411223511 173.73984678277694 163.44995394857398 163.53944281769029 150.39044265196193 134.07231815951525 138.94023867559386 131.05674940359236 107.77001061204336 86.43511150622011 83.963711221145275 76.412154364468094 73.560291882980948 67.683481406814067 63.016530721063525 59.162510911312154 57.897194398112326 53.377871480054978 52.969453498229115 47.712995263827864 47.867331904049799 54.492445616760286 55.350963816366161 42.773487492584238 38.907514122552179 35.551912839667139 33.800159206767994 33.387273143856923 34.94322359579354 31.614243521142541 30.156276386335243 31.022371386534576 31.2081839711262 33.6923204174619 33.933863580844168 34.04209589987159 29.533456022069938
195.05582272833902 189.16132776004642 185.00460516787058 160.5387994499402 171.07192903310514 157.28292763618541 134.72374623075743 148.48678957128513 150.18419528497026 139.18142919327374 132.3243236268523 123.77691099525198 133.77145006563345 113.76050543430566 99.962104730140808 84.142189323854666 79.166652729606867 75.425616872720127 70.400652281487496 64.711885641071518 58.619730142367473 58.141174726761541 59.579244943259667 57.636485298390525 58.720094845806173 56.954961722868603 57.276813904326048 55.378176734451493 54.090464822305002 52.101175962973791 44.292449932019039 36.461699900981621 41.452501085085451 37.062015566023817 33.671670779753171 34.666179123154016 38.518118943305097 33.731575334805214 33.37415928434163 33.102736620201682 33.531110368507491 31.667600202909828 29.421673828052089
150.38644287670485 155.95796854802904 156.05816687355829 159.73250116476095 156.73581394414956 148.25896910341478 134.04801944551059 123.10554413520794 120.04738959099855 117.1006184356543 111.05033828491518 108.42318788967304 100.03188082351681 101.15409691126541 91.609300387651132 83.878252872591929 76.022869614753247 70.614362179752632 66.017126924181454 63.831395963007623 78.841029058220812 74.436218927217084 76.443745668713248 69.033745727081438 74.870816599638488 70.441231792385764 63.998930939769345 57.207332296876046 52.10346050574929 46.33175837541895 48.889619788692301 42.33655115939959 40.275107995503305 38.561353705773811 47.827252284988894 43.060276718690503 48.049911882484196 42.957685621016488 35.708515275867427 33.291091175638847 32.169951890680913 30.038384076128182 28.938250620335094
143.11193723913055 157.65889514767102 149.33098767016327 148.62244875444873 141.45400777610101 134.59238159499986 126.6019324609955 114.44461115790524 113.53209628616756 107.10291061623084 104.79774568879031 99.462432920397987 100.63010423272375 92.153902185057632 83.538306523782353 76.296169954958685 75.369404606990472 71.299684793509371 65.632590695059378 79.406566433260522 97.924504011194458 98.928205413776766 96.639789458346229 93.967450209026524 81.727716316176682 71.843343224553266 61.885619517798254 55.909898602901087 56.458787189314734 52.737333800488564 44.993716044961801 50.285440662903596 46.553990535254847 67.185521091725633 67.497364814656365 65.48805261948786 62.410817086726333 50.588581841563354 39.259314634265685 35.116181926718788 30.722586245524859 30.695530390769008 28.588148789301258
146.52331322140398 146.99036420231985 142.54973560242493 130.89421304130727 130.35276163469459 134.53444063435006 121.79638600319626 113.79062597363377 107.42697069285532 103.35595795170192 100.82869509901946 95.309258061970851 91.583442597847252 93.366732441100268 89.738585116452896 77.225819307159369 72.885852746281671 70.258324737757889 73.936438221931411 93.373422091070381 95.930147028103505 84.484158593671253 79.150670125481071 92.267333049443693 87.506550496165062 76.20303977099168 70.833689322211939 60.268345462253897 53.215604304073238 46.072109617447857 45.364104027574243 72.956716469951971 64.192417484157943 71.596021249913036 66.936376550645718 61.156947411204982 49.221666503273589 44.543621155545871 39.097433093980229 35.86743980152373 33.663123107928868 29.517713991601234 29.346100293212913
149.31408513636632 134.71027571753652 160.00630093201804 137.29900085505759 123.30256601207181 130.96290399434051 138.91228786330876 116.13674049273737 105.48439887953833 96.04658513946687 96.180114642303508 89.076978686577291 87.384287267249988 88.200378983877812 82.714027574791501 79.219566779121209 74.625871103194484 74.700260388969838 78.218599101071462 99.295700185312413 87.563450071541993 81.058154850877827 71.128152634887826 75.333214252654685 67.990494956738146 63.762197283263092 66.802583855458039 57.073887087238489 52.547837113690171 56.978244813276262 55.808625508174472 74.491413977529831 71.956095440210504 70.658198700903938 59.279121196072865 55.800381175044791 45.964892730068861 39.793340932211557 36.255276272186549 33.875115251653796 32.843730064446703 29.278021505832363 26.618050122100705
135.54080588271191 141.67830253780892 130.93383616821868 132.12580763801463 122.39106492589636 118.99428417435703 120.4515881600712 111.43799481019073 104.87457440069053 96.721179779119382 94.74644078776906 86.642783166193539 85.548641167323893 87.203445123683409 94.100646451949032 83.941593641631087 90.820610172014085 85.155474520127385 84.130561318601281 90.901532986724888 85.299471028505067 86.030116314454332 76.943784835054601 66.183838021312994 65.612036787703516 64.242035777548452 66.219383298061985 75.621970040676118 66.184819863326283 79.800738198922573 75.881135815293689 72.066619051393445 62.902014597101875 59.831487869024379 63.191922955712954 46.833229516159093 41.774425142244134 38.275266542486897 34.931000322902669 33.742135760751516 32.490811167306944 32.420109416798731 29.035201966869355
139.53066473213255 128.54964260365853 124.35798439283575 122.25229839942074 122.50598414765699 114.4709689733581 125.96443596041681 139.23104310296216 117.00443536569794 111.04911567971888 115.25523066926023 100.68846403319063 93.696337103646655 98.68528131808101 105.43637779961986 104.06418758267718 99.058807673274941 95.76012403990913 90.77385630560623 86.832961818542472 85.500864615115987 78.135623503812809 64.957048063050735 76.633559585568207 78.175811705159674 83.734926016962476 82.001930937050091 78.617212615241044 75.575095197699738 76.336673744142018 74.313753286115897 68.738595679214015 56.14143202485122 50.854926379917131 47.347653812863378 42.073972776936458 40.648551389606887 40.264047461385942 35.880627625599708 32.598538059363598 32.343446229607075 33.165606122437801 31.384282588132777
155.03095091959017 148.32234536917011 129.98555718797169 121.56445242910802 117.53645430053112 116.42857660214415 112.47687890584174 135.44632530428476 118.60526439309919 116.62089668217519 113.06550712368779 105.79685551370922 102.1694350257313 100.0593706916822 100.04731788349963 98.916725668254685 94.826242289655056 93.168819208626985 86.985665503280984 81.70104234422773 76.110648766748824 75.874755778607792 85.176246735028869 81.240832901833429 81.534032484497473 81.455340043413287 81.094649543572345 77.509572436260228 77.45157006421374 74.898011010755511 75.542879967374191 68.97689845137954 59.499246106002474 48.528023929281062 44.983075893491808 42.820571475436196 39.862079130964354 39.397340844908449 35.077471877854393 34.651563136210399 34.389468684539011 33.427251315411581 32.399876475776608
140.59781825187943 130.56853991307895 127.89700477686524 127.39570237248411 114.77243194385481 111.7143814536343 108.40771553634733 107.36891429813798 119.68117294278893 109.95747783804072 105.82227353390448 103.91145222754676 100.90614133523133 98.910022572784285 98.578497002622086 96.725067765030843 93.896570176792181 91.91977413090126 86.552088378263718 84.502996134069747 86.257101652481083 82.116544593715389 84.643601907659814 82.993778059256968 81.629556943639813 81.359677634798388 78.460596803899477 75.690260944617506 77.303850107754741 76.077558754597888 75.732506869975026 64.149153946265045 52.602975865110032 48.210283511063054 42.330549195957516 40.139279499413014 37.96473969780574 37.499236771911143 37.817495890167237 38.306647278367052 34.71022816937375 35.51348860728028 33.464665601375231
181.74295828207983 170.32002692953449 141.80173261217627 120.07588899036716 114.11701215539819 111.49347621984253 108.64424618889952 101.59614150481968 111.47023031691802 106.25282810871296 104.22332501899436 102.60054540471604 99.623789396889492 97.643514676789152 96.576231322511063 95.031830652163393 90.813875922876633 85.97305766177665 85.753338015957198 87.352261290945322 86.77744703073796 86.675405224061947 86.017322702023023 82.9097310769057 81.403541845917999 81.660705736957993 81.223422544801039 77.965297602958245 66.14934361986306 67.047753981263043 61.071498086723743 54.336763277822683 49.702429851105528 43.590857282600737 42.169665581215355 40.094784585302179 39.702893713360744 39.702938861702187 39.250812662723931 38.041031521764566 39.124552768533036 35.924504320431268 34.882862781463437
177.90079865988741 175.95916216216045 157.55450904528217 136.31819333212923 122.95053778377431 111.21393097057378 107.17917042714129 101.73094442962508 110.12091516899324 105.57865582623839 104.43918488793007 103.17975870053471 100.66860413130986 97.685540623866956 97.663169864114693 93.992674239620385 92.604885631563604 92.711019205936509 92.608332460383821 90.202787404877782 88.803517599268915 86.936470920280442 87.641627453231081 84.56039547724987 83.338025797092726 78.453554140501382 79.28846936933266 71.133255878363073 60.641658527778525 57.141737837914555 52.752225659174783 49.630811462524086 50.656597916639029 48.007035770906889 42.26625718521268 41.789142059006664 41.084456906828187 40.959990749558123 40.51252914071992 39.695617971590544 38.577443173224481 37.20122587557568 35.281948051410396
126.9221626259841 148.40572434247446 133.07292279551396 124.78595330419812 119.94035124874513 114.4093488784366 107.25548485622265 100.70129110659828 104.21313309368811 105.42194489034139 104.32558437527636 102.22906097870437 99.907410034976351 98.602319841793218 98.470701060266578 96.676017808752633 94.62412046664241 93.794648946611574 91.949366449522529 90.78337681207492 87.377964964103086 81.1871508804184 77.957449431895242 76.608432691851661 74.407465815235113 68.896023257908567 64.252111090030411 60.005391854710695 56.112933094594197 53.974600519736356 52.667340707441276 51.923054366704626 50.714856990675791 49.566966970893688 46.530002929906587 44.813130929903913 42.614833693897623 42.524226215318095 41.174482080245909 40.082488820611431 38.867792848162424 38.704714137335266 36.663386172106904
