codes_tests/data/cartes_pz/Piezo_fromProfPz_Quat_Sept1987.grd
ncols 211
nrows 221
xllcorner 663900
yllcorner 6152400
cellsize 200
nodata_value 1.7014100000000001E+038
[rows 114 to 132 of 221, columns 129 to 171 of 211]
56.544398226282489 52.041393212063234 47.852739577748046 47.167295881792995 45.662248379451569 48.668709950231886 63.051982841549354 59.174781507980768 55.196330096125614 53.554628635418233 51.993964892744167 44.973174357735587 34.534499191138465 31.007260063037837 34.814665094024861 33.168945452531936 34.135709498640935 28.932886451862732 28.978126074421407 27.038331929102647 26.750895459995938 26.006569982238794 25.071386907106366 24.927568947469542 23.008498988291965 22.856966415267745 20.772772132989012 18.686973144058911 17.806802643201479 17.736141615822493 15.928313959630787 15.761111745010076 14.984589509727844 14.168023082604662 16.158419066554295 15.249017807850043 14.575326855034637 13.114925675608026 7.2858093952936001 6.1261602082763273 6.1873967381312305 6.3670652378440895 5.4238003527682785
51.621768449072782 48.558641668028621 46.802548198913065 45.868022460802891 45.16322307849444 45.946610815308176 45.423578397866635 45.907998327322737 45.007782821452238 41.758054539678788 40.845634988325031 40.922108234830851 36.624386323749675 33.316389707278915 31.31225761166791 32.358563803846764 32.149413257007907 31.180650680628748 29.014523685853327 27.181905748271809 27.234911553434735 26.253069383897749 25.97243914661567 25.267069330093136 23.22723764546144 22.186776724636502 21.089469657945696 21.096246330181817 18.976330398035746 17.604916307124608 15.776700174675822 15.975098942460415 16.801351504685098 16.135970945066145 15.531935423032584 15.354885517338884 11.733708852730469 9.6421370052685393 8.6417085490748384 7.6314103259458763 7.3878387573086997 7.6231844319946038 6.5405988500991246
51.498377955099933 48.70004094100635 46.803657531451528 46.077738677304026 43.266761653008061 44.148173170200181 44.552186365145353 43.627992858677452 40.749445810155152 40.167515397910527 40.073320023887526 39.182146171193232 37.152625842557143 34.472554460554342 33.278944959083113 30.305531880495167 31.362008122641726 30.515979084101563 30.050873101500766 28.259187082619114 26.337080964278055 26.386810858857686 25.603993352932882 24.390769194544891 23.219292106669609 21.293136825219815 22.583480703123776 22.163024266490289 21.209464512907761 20.102193557323176 19.856449882331152 17.22273749317608 15.466876753523829 16.27001742411025 14.635335704316288 13.405162943707651 10.400922399784051 10.438890945253856 8.7899348279105105 8.7545035015380286 8.5179514542416044 8.7584393278727504 7.6797413615511196
60.27882045827144 61.926624556996586 56.731409298987032 49.357504463851143 46.67946037113169 43.432704600364858 41.844996216312239 42.03874986259337 41.04988593519883 37.529752306727183 34.374156472146353 34.579771937172367 32.307645039852659 33.450736812630211 31.004047889391106 28.74215679232648 28.120006729721702 29.394362038020034 28.320797847421026 25.009537743483385 25.764995306715978 25.551453049387021 24.818723123816532 24.562614751759181 23.700289821865535 20.220800536152353 19.5244049396054 19.593540495093713 18.547105155911243 18.504513393429544 16.436029071157328 15.4179679363391 15.315511624783625 13.682981012773197 12.536839176470627 12.628912318526083 12.734031868892785 11.725909779725475 11.052700755956389 9.9165215306886392 9.8914155686312881 8.9479743345057301 9.5144700117935148
64.315276945526051 68.497037367916363 67.657002671111925 52.189107684687791 47.329053013697639 46.311519986615224 43.579480172704514 42.20411802322441 41.435156828831893 40.893166470897697 36.180681889867252 35.304798136138082 34.257166704048998 34.61970906797243 32.61698886863163 31.376430410078981 29.703130993937915 27.836693560318679 27.895587668454471 22.426600214504475 22.722935259132296 24.694355009502971 22.731314021976136 21.968549521528104 21.962607945346317 22.546122378306745 18.574257518959492 17.522854632304654 16.442930490926102 15.23123867893419 15.090233934449277 15.380444045034571 16.512909190423724 13.539318540347852 13.631679274401074 12.738002022882933 11.845417388153301 9.7903419257010409 9.8980099744229761 10.511370699344925 9.8099679728132188 9.0716296702793731 9.1051985288855555
60.34516763635655 60.417690455098594 57.109545773572741 53.32860349402943 54.91536704894547 53.136431814037039 50.573556588842706 43.799616333310411 42.339777222682997 40.451338028619944 38.441431314686412 36.555787316479751 36.652907676407942 35.608402422911638 31.926151426264919 29.090025557717034 27.08465952119834 26.048881991024999 26.090911528304549 24.115662975878244 22.637615685825054 23.32794195743427 20.321935196945457 20.04499789573681 21.031445522151174 21.772262256896326 19.599295273572096 18.654164302253733 17.558991537005532 17.540681425319999 17.485770461268359 16.47868005412731 16.562940349268789 15.470071135597998 12.717670028389348 13.867526505120271 12.818928503140025 11.782425771466015 10.729189394028801 9.6548490204240345 8.6674549895742246 7.7207784084768836 7.8028984553580081
59.368971589547087 54.454460412120412 54.320953097346901 53.023655279580971 49.530514928158887 49.63270141850942 48.58801158804367 46.076660416615816 42.45931192494109 41.496745124661189 38.11673272238319 36.714915421477961 32.111422876185173 28.950252006561207 26.129675611723311 24.779058473696708 25.633650405068085 26.547135696613445 24.754863368433195 22.085450606037718 24.87556639435342 23.717851886176071 26.816023844545974 21.701709139930713 21.601738786854707 19.848904233398674 20.80288205124122 19.660732797412702 18.625299408536918 17.623323339668424 17.569343547766309 16.514094037544982 16.526042005139608 16.095515259958059 15.936149583673291 14.878566723887142 13.829794426149238 11.716105638992998 9.6258229340289159 8.5286271448840125 8.5412055755446552 8.4793326385817736 7.6697824791503368
51.382890344222929 52.528248096797029 52.313887209600402 53.670900598060783 54.073234079687204 47.378396976162442 45.330681778070343 43.659797528048401 41.759624801446215 43.432186940646872 38.092371687539128 31.700100795779068 28.75323447601648 26.897134936788532 26.584834310025506 27.515368120246947 27.741166301897952 28.737756265281451 31.652063668277901 29.760309860491482 24.487160269960437 24.661552567712462 24.320584245978072 21.613881995863878 20.949801369477466 19.958321319801904 19.854941076227128 19.938570948164479 18.706549904688668 17.680571478288467 16.928792422440889 16.652351227310781 15.883901068436071 15.938243303151477 15.041834461517373 14.757745800506358 13.596878885741592 11.59887708926246 11.510844341755062 8.4339650313033125 8.4306089625555067 8.493656965363277 7.5365176855347977
52.728636693040613 48.636471288313977 49.671520723608445 47.439498276487228 53.729704396338896 47.497206236249163 45.537729941296909 41.682296067405815 39.468867274415203 34.91652360842707 32.764635157604793 30.756015532477139 29.055816695958931 28.2785368534675 27.614343756004594 29.647204224614512 31.099874071428921 30.123254405686211 31.598645957754176 31.72273795348768 33.869015988022298 24.544184864859162 24.405045316487268 19.64340915139552 18.589987219417132 18.658651046002873 18.720813931837611 18.80235515104496 18.062378200500625 17.772489140926979 15.828704934016066 15.768892327027913 15.749807130466726 16.915912891069858 14.815248792984224 13.667742414439049 13.455801168529311 12.217672243447957 11.430033022338915 9.2959357914350207 8.3164254139212961 9.1862796268703786 8.482387898586115
47.041624510063897 44.881778235563338 46.502329441954593 47.610085101732324 44.943216329265418 45.10241311743124 40.333278996010264 45.690699249450176 40.902586772643801 33.035320696399502 31.785948223108303 29.925421126151445 27.76038999659805 42.890883824382307 34.528525085545937 25.595135899134583 22.995328156844081 26.439874020657836 29.28315016100812 32.397817803919729 39.639027387310598 34.188918652402712 24.316184700146124 18.371889798452997 18.445154296783858 18.528005919790871 17.831389170269482 17.68908913809986 17.694668763340356 16.804207175225738 16.845676456753782 14.924858760272373 15.096744394711884 14.872275674912867 15.727526093679444 14.700437057160556 13.410985933665987 12.426710155286305 11.311038907412378 10.281943123600504 10.342352284567632 9.2804349863993956 8.3717866454780197
54.098492522846087 47.840415510101629 40.387427155422301 41.715243344034313 38.208432844038569 35.642120194175391 32.811249344500808 29.650443197286986 31.045637424220686 31.116951611096834 29.862126197733495 33.664581690651147 42.838212172213844 38.604231555493911 31.602024101309986 24.309264529950099 23.325432844618913 23.097193811848555 26.422878083227609 38.981776580010248 36.409050248967816 24.158809930517712 17.017226291850882 14.302793948137928 18.36146279851085 17.39963416724137 17.490764106895384 16.736114950455214 16.627617261314356 16.702091825665988 15.724363617471198 15.787560460181322 14.811811459121065 14.807039801051411 14.670614894296456 13.632738110805469 12.69685440736726 12.262808576569025 11.183959101427913 10.192258990941619 9.3304530713262874 8.1816865329026367 8.2185268007158481
47.620647256518616 43.11570967408732 39.114867964929687 36.542227436616855 36.147378885176892 34.935817838863002 32.055745490463373 32.686259128458943 34.525640701233144 32.395035330759619 33.656871208111504 40.330112470322383 37.747743668494678 31.889827722487009 27.541046527057524 23.316314516492547 23.099566902749558 26.891928182235681 27.173271778467239 32.922552229853068 33.884396354536037 23.888602371219445 15.869621355727748 19.521988935771937 17.207018970729187 17.222793998868227 16.337908442739728 16.427604332798268 16.493804482476481 16.552744036804874 15.594243440692999 14.832327113784208 14.676273264434888 14.604177306572449 13.61785354850203 13.477954297469587 12.42237690473757 11.382670389987819 10.292353606380932 10.941346760311523 9.0543845015748889 9.129210230506569 8.1197748055831891
41.933757100244613 41.658013688723806 37.928925922286659 35.930695476439489 45.246371820715552 42.478526185828279 45.60319143950985 44.625919369186555 42.083748265591339 45.149802669195765 40.32959399324897 30.860962051324385 27.163773522019689 24.675220456184658 23.511706718419973 22.263404264225482 26.619458379116978 34.008824164657597 36.267388904263299 29.718439350118235 24.614626924995761 19.303820381185187 15.917067910075387 16.364630886006424 19.034123513152601 16.183611741196469 16.268858640355763 15.517617801796861 16.381987928717905 16.419163984978859 15.475373285404464 14.526623128784696 13.714691687857499 13.516693420481896 12.477818540909322 12.472658386361671 12.419532610272405 11.305178532146426 10.422582192910662 9.124390097795203 8.1803662965692805 7.9396831690757583 7.9694409645628115
40.527294404461074 37.455403316629692 35.052692833081572 46.497317521332583 49.821026336807492 48.369114493570244 49.861246414933746 50.713648939813467 45.933648976887191 38.977720744578072 31.841369812174506 23.77846911724761 22.690601157491468 21.691087932915412 25.623846958600975 25.832183927114258 26.823200527820571 29.189580139465832 36.659285925635835 34.263812143720408 18.866886237066691 18.480745327634061 14.073206604127495 13.970454120092288 17.353983411593568 18.059508930621782 16.86391416750147 15.101343412742814 14.244062211784138 13.587921815620106 15.377613872207068 14.428615163183796 13.452479560906697 12.443017040713269 12.476778824481851 11.585949980695322 11.294208013683761 11.24418452685072 10.869618205733937 9.0457298300220081 7.9580339880070783 7.8130525671895761 6.8528459637595303
41.613856189880885 35.064483455397031 39.764625785640376 41.744761955898767 51.741851300587008 53.498907598817588 36.910002027135597 37.216330144831616 29.251586309578506 27.057187931683167 22.983126117221978 21.871573728792246 20.725735441193159 20.272509273063161 24.113886060699436 30.193001243901545 35.310765655956487 35.648271084253999 31.961404680743197 28.831954120772515 20.640420309476077 14.688811958295961 12.84767265904901 12.80769790145462 14.877631402887234 15.455268689181198 15.240620341801936 14.079135883548528 13.123386144906224 13.279099678161202 13.296711959607597 13.326576078238638 13.27309942026686 12.345359256210891 11.307914553344995 11.275937563616203 11.183458623002611 10.146058904239103 10.070977279443214 8.9157153033550038 8.7297856918820109 6.7584711179887389 6.7177166566846633
41.919343154412736 39.838038693978177 41.775149993493109 51.760927819312457 58.903075458494335 49.727633114574488 35.351644027281282 24.417243212722347 20.757300418232447 18.441097477877825 18.584158096745838 18.192786645085732 18.450892823149037 18.237081366901666 14.407345123684737 25.259315789140647 43.622424484040259 49.277845051089741 35.942895093995013 23.1351361852598 19.1275940560074 14.84806493626129 11.943032756034242 12.85944653573824 13.798476913857005 9.5099360669566497 14.762733971627657 13.875590148632078 13.092314790484947 13.157545059948342 13.177552444810869 12.138326088950082 12.089734584522517 11.136919047237377 10.307106490150716 10.061924436884311 10.030379566292172 9.9970026616748626 9.1607030788607275 8.070236107708725 7.7597498749933322 7.5564842844839779 5.5957302281030374
40.035357391923014 42.583584416177949 48.858692590232955 61.929027712770534 55.721249472235037 40.894136387660964 33.585837629221459 26.342092102532426 18.533379816989925 18.623180070680164 18.533679729393253 18.46342171212746 18.369565127142582 18.314165168629284 19.244812382686153 17.758862181128642 27.367249814599965 29.79193751361553 23.410451990474552 15.062361986880834 13.223574211376796 13.025373160941735 12.004074271756531 12.04299273891481 11.905433597548635 12.185805763346579 13.300475697923414 13.816034420500079 11.958908439186692 12.004584167106875 12.058411820572569 11.203186947220928 11.035233781933869 9.9838781555739793 10.008339561708324 11.025215404235784 10.837022815837399 8.8977624856156989 8.0029108978560366 6.8988313160252082 6.6301084986777568 6.5590862347564185 5.5117826281609847
44.76920867695528 49.555420953967563 65.519651558277033 55.83589098277627 51.458842216277709 41.433497854225621 30.799799474261754 24.060076137791985 20.141213233500046 18.597613584089924 18.572915450660741 18.505840266331521 18.434922022827937 18.361563215094485 18.286074279450208 18.159322684074734 21.249085602013196 24.924820797808632 15.995834823396095 13.248830313306001 11.905022037851907 11.494611044292801 11.962653639861442 11.926175068935938 11.015601831787921 11.028894726171895 11.905812605419968 13.980969911281804 11.943688011377668 11.034225376105207 11.802339208557392 10.873458911289562 9.8966840734058721 9.1272712294336387 8.8014463817990194 6.781645637409687 6.9576987852080023 6.9828700731099449 6.6332390515568642 5.8074985811832107 6.146925620296102 5.9715447336970326 5.943379105611899
48.94203686048678 66.28150070914046 61.630110052255219 45.469026678747788 34.082440615985774 31.003605442358708 26.88130482027022 18.750464559820166 19.000993020118436 18.983166933477186 18.99999998380013 18.444309814198355 18.376177221445886 18.307985470771378 18.443276697780817 17.225403013024383 20.302604744154888 17.40554621197202 13.325799924968916 13.193932536144796 12.097344183379372 11.085439834152496 11.193932852945608 11.126163450297661 10.184879033986574 11.243295391544146 11.252249253628261 12.162974327217924 14.005246188978481 12.100873745457985 12.008878118238815 10.892734774497889 10.516750632203998 8.7835352251055028 7.7366802772346208 6.7420696977982519 5.9563295901950024 4.9064384012460582 5.1017269446935476 5.7715982796866339 4.9833642327343997 6.2762877234600509 5.2925724193850634
