codes_tests/data/cartes_pz/Piézo_Pliocène_1990_V2.grd
ncols 211
nrows 221
xllcorner 663900
yllcorner 6152400
cellsize 200
nodata_value 1.7014100000000001E+038
[rows 0 to 18 of 221, columns 43 to 85 of 211]
131.08152068173163 128.98519356557824 127.42215388959312 126.34967396734885 125.03677691977288 124.07464769631045 123.00377870008704 122.31583364094817 121.26402552871689 120.18991646461036 119.33052378251215 118.40695789499198 116.90231896426721 115.70932653944222 114.54402802797631 113.4964923868108 112.4482413589065 111.39926398056539 110.3495525423991 108.69746444562584 107.66128110390594 106.62437839153326 105.58676347706228 103.68107287485691 102.59332664100374 101.6056001399118 100.61667046906734 99.626537112328208 97.956777301733879 97.002966357097435 95.910050234455966 94.944184211920827 93.142491309931401 92.105847018493122 91.134080145153433 90.233720577154017 89.266734527182905 81.214567947867891 80.411181199543719 79.427950714752754 78.572176342494558 77.201033384904662 76.364261781945018
131.12944433715259 128.85594375166073 127.29923448843978 126.31604451602509 125.00566375692875 123.93853413236488 123.2582109848934 122.20695853397184 121.34159912199094 120.41372541216911 119.35781121383427 118.34271031717857 116.83442812023084 115.57552096505731 114.40933932061273 113.36053186169612 112.31091744978201 111.26048209709001 110.4080174283938 108.55786197428452 107.51997383231262 106.44102871338178 105.06469730355127 103.43397422651813 102.4448423165114 101.72487680892714 100.73346516760145 99.186678296500389 97.799790540716344 96.842526167303021 95.72602282988619 94.474605553529983 93.082746998534986 92.052425596724689 91.07542548913608 90.282837941821839 89.296615922206783 88.392323886418481 87.378684332173805 78.700066969383187 77.82007279252548 77.033589271080672 76.14791217085903
130.99712942370695 128.72455700099212 127.28243631846269 125.93679118804603 124.86907003132593 124.20075905268277 123.15009636535009 122.28150975261302 121.36469589803258 120.71475928744124 119.6953610796012 118.17291146305894 116.90523813153136 115.84998928394799 114.68002075410007 113.6263187022073 112.57169275375162 111.72751954043754 109.85786079366071 108.81539476538165 107.70137914334049 106.48808960311567 105.28113709488289 103.91061290025254 102.91560869386483 101.91904174486147 100.92090489127867 99.378042887350418 97.957034061898071 96.923056143193932 95.825568753558386 94.743374574305079 93.197732081725633 92.224196575549385 91.367169444934632 90.428183551549921 89.428710981277874 87.90653918518494 86.978746682593226 86.009777493629173 84.757179945779029 76.757375233394384 75.9858579800337
129.72113824299481 128.69997711924103 126.98685909724328 126.24112808289279 125.57476966456274 124.72475968605602 123.78812002213699 122.72857197962799 121.70833410679258 120.63487081166272 119.56062895469913 117.94849380253854 116.77006725280067 115.59664965772446 114.54244641839962 113.48723501914243 112.65225497252354 111.58507751994705 109.61871048069222 108.50941893611072 107.35984281281871 106.39911854423588 104.75431863310502 103.75788896036762 102.75974238390224 101.75986521027843 100.67997040631398 98.849625544487054 97.863828540104706 96.526557064171328 95.514802785768808 94.461864185467689 93.182898849911382 92.170868535980901 91.178015152776482 89.659423056126016 88.717229417790293 87.689519016127363 86.852948806908202 85.893651250661335 84.97358983691359 84.018910345549216 83.093073932768363
130.10183875738258 128.99925824026047 127.30860181646295 126.65455353404541 125.77615480951893 124.74215664010141 123.72115670282302 122.6483376264822 121.57473724308451 120.50031407424163 119.25137927755019 117.81322809117658 116.63382112197159 115.45929704586595 114.40357997599786 113.5778338500232 112.50995531390967 111.29833811603626 109.63315648779478 108.16320339756798 107.46036447745171 106.24735627450099 104.60179743979751 103.60216310791384 103.02199905004184 102.0158353022091 100.38545557930617 98.969762419356584 97.740186489643833 96.697676819180117 95.628883273836237 94.72064976732986 93.30006596158708 91.779088321081474 90.721581712786389 89.750455822198077 88.708200186697752 87.774904940223934 86.813106855329892 85.87736181144264 84.916234600742044 83.984104925809746 82.821854452250165
129.95134710192318 128.24616509676355 127.79677873602165 126.71667288871393 125.68319253744625 124.6614801945333 123.58861145259442 122.51492743769559 121.44038117968466 120.32385374205811 118.73755062073431 117.5547322219691 116.49645288859369 115.57161275996053 114.50425084528429 113.86894641273588 112.83909004082435 110.87176333710927 109.84476018633953 108.68735621527783 107.46537105985114 106.52152335674705 104.87230004904113 103.86655873070931 102.85867083114604 101.78437757346937 100.21638701442893 98.528050369166451 97.564248545570976 96.53088020311921 95.479665205201641 94.057678946920475 92.702326271204271 91.547632452858267 90.483301357055538 89.447198034684675 88.48892609060934 87.56464589444856 86.587291151653091 85.792593920778714 84.830529308422626 83.846956436011169 82.919945590185435
129.82731739327772 128.44092606939714 127.66951482136243 126.67406447389675 125.60198641554415 124.5291158174596 123.45540110234811 122.38078998712882 121.3052298324755 120.63329609672134 119.04207206910802 117.85513406993952 116.94135671612487 115.87047013047984 115.03776610932488 113.58209222788759 112.53343834209825 110.72539466982229 109.56320800853298 108.61321118371221 107.38934133570108 105.77234352220887 104.7131722978265 103.70369360059325 102.62712314036574 101.23208862262943 99.908344958508195 98.352456449631404 97.362716897925154 96.294252237605619 94.971865042978123 93.8727624394147 92.485347688140706 91.344214178215651 90.191154678061167 89.364924579268234 88.430264572350623 87.442115070566174 86.492371167373619 85.549463154727519 84.52365712446381 83.592496727186969 82.656657424963143
129.80951336018904 128.73240976433274 127.61464702359098 126.54263191084981 125.46980539541399 124.85222016550144 123.7747776081812 122.69633483208402 121.57530538058285 119.96980048998135 118.90469589673589 118.00832885578529 116.80116606168259 115.72076087524859 114.48570443108585 113.4364753885632 112.38543978408833 110.51705613735928 109.48900884746587 108.25899714522974 107.23209419164056 105.56189723565342 104.48533582288357 103.47230568620702 102.45666650368061 100.72430750568947 99.552143468280562 98.2101205693303 96.818334886663337 95.856497930859348 94.789832609155326 93.441507203488641 92.440389406608915 91.175568075115407 90.104474232668423 89.142932005672904 88.198640081336123 87.205325480573677 86.247832538599297 85.202849976531084 84.267113528959769 83.326772146713438 82.390628265769905
130.26734269197738 128.99385889574287 127.9475703300679 126.87204601118178 125.7956223144994 124.71823589811375 123.63982185912975 122.5176961186468 121.43821197572423 119.8328188938427 118.94328730745104 118.08988297205505 116.63502039423423 115.39037882043105 114.34070822027159 113.36269822217659 112.13279336882539 110.36647954283332 109.33538582677059 108.10256929003853 106.79103273991993 105.33446358765011 104.3199907752881 103.29407428941651 101.91919390674329 100.34918903822035 98.851950040534717 97.829093346088058 96.582880824734559 94.070497893039999 93.089590563678485 91.777279026620732 90.633949613406003 89.314175694294377 88.326860497044521 87.376310503809179 86.395979727191431 85.463217361238804 84.44365049738559 84.87583428340254 83.931545804566042 82.993589019447924 82.032657166825487
130.45377250380045 128.89084803745135 127.81545978456698 126.73916066099363 125.66188304340322 124.58355715008518 123.50411136114897 122.38095033755104 120.88594496390913 119.886640261266 119.02119719821061 117.55011054686486 116.2960415889921 115.31793635343151 114.2667520682224 112.65501145238129 111.2455692216588 110.21376486306954 106.67568193372412 106.22462382241071 104.62706703957059 103.48484745181025 102.48179011333926 101.29268535927794 99.727004948386224 98.391158888647283 97.124193632512032 96.0601549949033 94.949487523187017 93.857249550163061 92.747236292642526 91.57831711080027 90.1839923930591 89.062983753467094 88.081131462860327 87.144500111779877 86.156755453494739 85.118832122877933 84.164209643112358 83.235128255840777 82.314563003254534 81.369918335626608 80.421473699728139
130.35010592657778 128.7589071251781 127.68277464596351 126.60565433849909 125.52747203668176 124.44815109430479 123.32400295567733 122.40853428744911 120.81124767173689 120.08315803504166 118.58294644119796 114.85445059444466 113.82246450031296 113.36246929296048 112.32351297722012 111.09993196158369 109.33078735677005 108.3107583025447 107.09666364840506 105.99087248230038 104.37707673332821 103.32064569861916 102.08665014809263 100.75758185527621 99.326968815628248 98.35587875591267 96.982352128417432 95.876367645053278 94.736127030188456 93.656626926604275 92.550328208292967 91.212089510530305 89.9460392329363 88.813995006105827 87.849952982608897 86.905014928275676 85.799568277213311 84.866153361862231 83.903245684609772 82.980896930899831 82.032766845359021 81.025929259796754 80.066425841920548
130.01101655414442 128.62640139563629 127.54948185939962 126.47149360207192 125.3923555148522 124.26728734406538 123.34691227781033 119.79684115695071 118.54584871500887 117.70483594050913 116.4313563893546 115.2933390759289 114.25636251833878 113.21718357384859 111.98854260406591 110.94949147935843 109.19054607151257 108.25922424174396 106.85205294048701 105.82962879246426 104.16212341313845 102.90476744075751 101.71099811550994 100.5275099335777 99.164871199359027 98.191562106446412 96.664406530975953 95.515361085371111 94.536256336750995 93.462564405884336 92.285909088317965 90.962092492335501 89.640533551523106 88.583812606989426 87.611532583950606 86.484922783969665 85.547533579663792 84.576953754468775 83.652615412545572 82.650649067044526 81.689168766560982 80.745465981692419 79.771982607901009
129.56997698353152 128.49329581658284 127.41554612405723 123.85624259357256 122.88321645243784 122.38266683722895 121.31969237774862 120.27064824656733 118.47697313104871 117.32845556228163 116.18813654236109 115.1511712069575 114.1119273869826 112.87841123822972 111.85131100311229 110.06079160831611 109.13497179601369 107.71531785688074 106.69221200928439 105.22789011010184 103.74548161374531 102.54104536223535 101.53662141826712 100.17250877540363 99.003830837027607 98.041927993506192 96.450595974507408 95.317527233297199 94.637828828227597 93.58404934776857 92.333737949587146 91.134030995365919 89.791629074290995 88.703674625287306 87.608269210667672 86.608048721832901 85.656558920320705 84.648045755238883 83.687289334607215 82.738183985579042 81.762281019053432 80.778852896653589 79.766511137409893
126.91652427663976 125.85299840048629 125.43203408964288 124.40959666950896 123.30951734526145 122.24680007756672 121.59189886884076 119.37692349683145 118.33892107489496 117.18883037114952 116.04675005460206 115.00759462247687 113.97734867486453 112.74195579249381 111.70009583379067 110.01240227085108 108.80280429643777 107.61848716653405 106.59247454016261 104.73865857382954 103.99415625524883 102.78238745235618 101.79024362054395 100.42443957642047 99.235777800270029 98.094415647739197 96.657356106479796 95.530552922014579 94.35975518600344 93.227312003716094 91.935159475695556 90.779445332171164 89.527823683696624 88.46657907614501 87.303840436680503 86.348286645586057 85.366547470634302 84.372885415114169 83.416824840691945 82.434586107214813 81.456913707956531 80.423680704626534 79.407325455622129
127.43074186463225 126.3976046137593 125.33700009690334 124.27506796192907 123.20207291029378 122.52713795836111 120.34725957474042 119.23945983033262 118.08710612073138 117.04795103888883 115.91476061099954 114.87362675449539 113.63370944446005 112.59189663344061 111.67011545988045 110.21744417522251 109.18607618072546 107.93684153594199 106.50280990601821 104.9895060319167 103.61928486021002 102.62732634723092 101.45015947967957 100.05759685704272 99.046876846685748 97.455469204298169 96.473236819459757 95.247280827626895 94.145953581482615 93.017633053880786 91.657463872440019 90.517614956743159 89.291523273490043 88.063178297804839 87.005879256327191 86.068319606683247 85.087105766009302 84.103562065241292 83.115075387954874 82.132880583269937 81.120064273009049 80.092183012332072 79.052604529224098
127.32450525130939 126.26424682643506 125.20267386254282 124.1266050475099 123.46235606699534 121.64812903070255 120.21016071604947 119.10085818792135 117.94694150600854 116.81143822053237 116.29052873158973 115.04761855418934 114.00347393745163 113.11308559914465 112.05733700659157 110.06049482073891 108.9102147717318 107.36637534388866 106.05976586250829 104.50757314433476 103.46767510130846 102.47495898278395 101.08222786575742 99.835000261822998 98.715777803592999 97.275827711391045 96.181666566339658 94.930272179834418 93.794420837731366 92.752081284973755 91.369007404217939 90.278973267519078 88.853696315674327 87.769579327318795 86.774853189725349 85.824913280076387 84.799546754306022 83.804609549384466 82.818078088791438 81.797354930184525 80.754048335578275 79.712504091715346 78.691513521600882
127.19124648515481 126.14552319054198 125.05095474031566 124.39743078108229 122.55957173417256 121.11261227155826 120.53882317299229 119.49448852803728 118.33769435464268 117.18947035428693 116.14396598643131 114.92289566262919 114.0136364634771 112.95817213732423 111.66711570024027 109.68931336531722 108.23198049604611 107.2010579546061 105.4479305562912 104.31102556258138 103.29080763190026 102.3083441191134 100.85891279899823 99.643222963039008 98.54005023830905 96.981693650569312 95.972740707512344 94.731468360429886 93.571638763465572 92.392561850638984 91.131813119884384 89.820241134079197 88.565742635115356 87.508799842448951 86.537191136336801 85.535742651756806 84.504301220833469 83.497489667612484 82.498003798807446 81.464939234448678 80.24349182189377 79.184444920078306 78.186145018774042
127.06990001943915 126.01053349405434 124.91497542463027 124.00339318618201 122.95338527556032 121.50718405113028 120.39730378301155 119.35245460346236 118.19392741356327 117.04376715852608 115.81765752753275 114.91493497854196 113.8599610801926 112.56181232463847 110.56724607322144 109.35125526517216 108.06871933397248 107.03351286156094 105.27817995966453 104.13683696708394 103.15690555494264 102.08151769926384 100.6691924453697 99.507961635045774 98.227612450498924 96.776571216763088 95.777899530082152 94.358760355181204 93.344424769363854 92.094997883785112 90.631993369864972 89.572391145270927 88.328286667221377 87.241341456976357 86.25768155134638 85.042073314628723 84.029870054102787 83.027494658229742 81.953570600963843 80.952524962118872 79.88295883198397 78.852258057523045 77.694955016800179
127.45272054862689 126.3587962770831 125.25651434540436 123.86546530120269 122.81359612037672 121.36726045682416 120.25580794187587 119.09548299795182 118.06528614896315 116.71275324379785 115.81671447692148 114.76242100515347 113.45741802115384 112.18297761103739 110.22567183291824 108.93807847507746 107.90338210456753 106.61410506187754 105.13162580675771 104.00858736631019 102.93163147006588 101.50926256577827 100.30818029682628 99.05303511251546 98.023916644667707 96.5872528432715 95.401333880471469 94.136147126659466 93.067362493300848 91.620447906636855 90.374451549742147 89.154619581875309 87.877443223190468 86.814295575550318 85.802054769743421 84.711641151900011 83.763934531493121 82.648767136919219 81.568149052945586 80.522381708422955 79.278512434772864 78.191351329074081 77.133558074499319
