codes_tests/data/cartes_pz/Piézo_Pliocène_1990_V2.grd
ncols 211
nrows 221
xllcorner 663900
yllcorner 6152400
cellsize 200
nodata_value 1.7014100000000001E+038
[rows 190 to 208 of 221, columns 0 to 42 of 211]
172.25505720086528 174.33432216637442 173.9252180585728 173.23127789659742 172.55237888659417 171.88932633526125 171.24291249845911 170.61390845970078 170.00305531731726 169.41105471001657 171.63095964698357 170.99400482380338 173.03267835203911 172.13426505687539 171.5381771820492 171.11851863427137 170.51977063277704 169.98013776633741 169.6045138727568 169.06352186139182 173.15480625382523 173.21385548115674 172.55937095916968 167.08443972243225 166.76120462418925 166.22933730488924 165.79963524862387 165.38418291445589 165.47314238480394 164.58497371151162 164.3896056403633 163.99847004404427 164.24741582616105 163.83219407336688 163.48783931646585 162.83154264996148 162.55895924180732 162.04211330020485 161.55462016137264 160.88000203104309 160.42007147717783 159.9331319267653 159.33136599849129
172.07795544128501 173.98864855969549 173.43288593344877 172.74045791968399 172.32124230797368 171.64509367556715 170.98451428555512 170.3402232063851 169.71291102808283 169.10323095699559 170.78981642177354 170.15735893376626 169.99529273988571 171.96208176086765 171.07167710663364 170.46258473161816 170.02282332187389 169.41703365157804 168.86724107385652 168.472024174513 172.4712660507773 172.50855797156635 171.84342825666405 166.34272950865227 165.97889256815043 165.5036775901057 165.05122196793042 164.47259666581391 164.02429315535932 163.58408374456224 163.15261097226704 162.91684919050715 163.22846918526324 162.64732008810017 162.25676151955375 161.77843816414617 161.17453518383863 160.69571281929097 160.14284735479146 159.58993725862106 158.95642940116807 158.62221060544226 157.75502803485779
171.90375176409981 171.24964807850085 173.09632986888681 172.52750519480912 171.8375008119508 171.40585138583342 170.73164119713346 170.07264192871946 169.42949581516797 168.80280972629697 168.19314626798459 169.81072924104188 169.17680381844599 171.93164054944705 170.64575794449496 169.99121671994766 169.3673184924497 168.90555440676059 168.29079087109156 167.72883210080371 167.15057439585104 171.13615883860061 171.13064489651467 165.62438068563702 165.10316905308792 164.70690057755758 164.20522466991969 163.71183000383741 163.10034419683893 163.09324912616856 162.14167962850274 161.66938631712929 161.94538547975336 161.53393600055023 160.99250379415804 160.54625893449992 159.98039924170081 159.49422717096195 158.81025622989745 158.2240583743544 157.56782120178011 156.90706173500172 156.27601668538085
171.73255515177027 171.06998659895626 172.90006681104165 172.20016744596754 171.51233680367187 170.92935612885807 170.48448540360681 169.81137201947928 169.15303325547575 168.51003177145208 167.88288848692736 169.47329444461153 168.81928291824914 168.18253878203925 170.81183982068501 169.55303755535033 168.8922282120663 168.24940549881467 167.62013875917339 167.14059225320386 166.56456845542476 170.41935515364139 170.45986971113638 169.72088732326409 164.37221639486697 163.82763322145621 163.3969773889516 162.86692356510133 162.32699647597639 162.28158509088627 161.16720951323131 160.65265646778369 160.88520608254191 160.33892190654532 159.67015780488325 159.3601511772722 158.83854897364256 158.16593516429964 157.58907290119834 156.87526114139331 156.10016415682875 155.4832148999846 155.0277018251503
172.17968475443399 170.89377532000032 170.23305041245425 171.99804515838312 171.29967202031324 170.61312394551618 170.01547631559936 169.55656967606188 168.88369109818461 168.2250770527653 167.58120883194195 166.95252020459392 168.47204221394998 167.81485983435596 167.17396706098873 169.34519205952748 168.44288673325991 167.77424883381741 167.12215249130577 166.4730727113357 165.96624657285724 165.37438942452528 169.04921154635997 169.03900308459163 163.74871020103444 163.08676579785481 162.51705983812616 162.05033540496476 161.4902899722876 161.01266099018926 160.80830760118818 159.80953072034771 159.12002310233896 159.2790393587016 158.56969704533208 157.97663040700957 157.60612637837926 156.94750641921894 156.36321219695526 155.67247849522047 154.89774385423141 154.18726004774732 153.37899543535602
172.26387585736683 171.33319891899592 170.66087684913799 169.39253493894927 171.09184065178283 170.39438491926381 169.70845102691578 169.09535958708821 168.42104865234191 167.94806808576936 167.28823767963519 166.64249222870089 166.01117819404396 167.45855327729879 166.79697274431186 169.01833131423984 167.82974946778501 167.31496704682246 166.63701869454104 165.97412189008833 165.32589699854941 164.79839045056571 168.42698287320397 168.3053520753628 163.07182140222341 162.46060697345868 161.85932498810263 161.17277173083446 160.66858782613821 160.07725466154281 160.01874605441787 158.87233660596132 158.27868076148914 158.2624498375564 157.63233529625194 156.88330183997215 156.31221227035036 155.58575350178049 155.15117999727295 154.43341201417905 153.7188622678969 152.86015660319651 152.10042024289709
170.6962930528199 171.40168968900895 170.48374003725704 169.81244763145855 170.8888925188127 170.18104877652871 169.48388574564291 168.79788461888825 168.12350490104694 167.49328810096739 167.00404682687559 166.34206483033515 165.69344460079708 167.11370761793935 166.43243940925487 165.7652744358208 167.88320813782809 166.71854536996733 166.16913165691875 165.48048722978933 164.80537600505687 164.14331738677629 163.53339935810862 167.02203154620656 162.39189445563656 161.77766784141528 161.1430035985162 160.51613354849746 159.79645671618823 159.17719087314504 159.10618611631583 158.46611071076069 157.3445783114297 157.42453254076469 156.7575139233829 155.83748681815581 155.16087370491334 154.59373439857796 153.80627149660978 152.97422869570988 152.50283107539525 151.73476818404285 150.94143149608081
169.95410940700594 171.23505855866134 170.53664856099181 169.63098823761518 168.96024921427983 170.57210857332393 169.26530347274269 168.56779965286265 167.88104469954007 167.20543516313586 166.557656015856 166.05125380753827 165.38620204250219 164.73373444177273 166.08038269565697 165.39344548097245 167.47855570371826 166.73275801384955 165.59085001255715 165.00542966337591 164.3048160125079 163.61620556579385 162.93902740792186 166.61592180599195 166.21818397949892 161.09983759666437 160.50333453448582 159.79736693308161 159.14389049492252 158.39014104256461 157.74004827934368 157.60941397828697 156.53919606191639 156.60544343628032 155.79424691497491 155.08628173080047 154.26679086168576 153.47364050034685 152.70818570386365 152.00330413122197 151.06724967095539 150.27096789323991 149.72545720029822
169.80647854005775 169.173251404544 170.36636091063525 169.66847142068292 168.77464992267491 170.36975027289967 169.64856085846287 168.9368511971349 167.64580404618476 166.95761156935714 166.28003933094345 165.61338393547661 164.94556783734487 164.42039373244825 163.76314284246109 165.03508862987937 164.34145513726236 166.32177107197737 165.56701579379995 164.44680179610452 163.74189609226084 163.11037779449777 162.40712661356332 161.71370362250912 165.85710544116318 160.65422961513718 159.78332352866374 159.15834012003563 158.42545976408002 157.74463304368996 157.06613420071807 156.7469702538466 156.08421910318305 154.99836275565951 154.99600655825489 154.1357524563945 153.28461801655936 152.53171124122437 151.88177285048232 150.88195484246469 150.09551318111698 149.22905770608733 148.29547769850674
169.66202351885943 169.02257096494893 168.38980858748647 169.49468439052663 168.79690350222478 167.91446283677249 169.44203792066872 168.7200779506488 168.00720823694775 166.71763454701124 166.02733187911724 165.34708077490188 164.67711133665171 163.98934849754122 163.44449057063446 164.69007165242147 163.97778185291682 163.27649408046352 165.15090406029498 164.17363720425095 163.28671933448138 162.56918547034371 161.89775175772297 161.17887333764816 164.52712298468688 160.24602544232016 159.5291192113591 158.44388250985912 157.78971469521923 157.02931252240347 156.32066744128974 156.09808040206269 155.23749951311027 154.15866915069626 154.14107413991115 153.35363463291571 152.56531010673183 151.56852538089584 150.88993702137009 149.9988591838457 149.21947175311135 148.21868740706722 147.28930671110456
169.52070249291586 168.87537720263754 168.23621179675757 169.37135219025117 168.69391622817358 167.92172078816577 167.05020073821629 168.50970305414768 167.78643777747618 167.07183455459847 166.36616822035791 165.09002361639347 164.40640277993208 163.73239280493061 163.06811016351332 162.35666257034362 163.62833127697354 162.90855066259689 164.75144722831857 163.96621756948389 162.85070944429017 162.11109740413372 161.380062317643 160.65703159372163 159.93238698666374 163.72800191112572 158.93609998819596 158.19798932976778 157.46384459316641 156.39946373827757 155.66334696774163 154.87453158297208 154.60262084918583 153.70593550242097 153.31253820166194 152.52086481698672 151.69072874955302 150.8701492869863 149.83408750514576 149.11032734384449 148.18256181945986 147.32855911053957 146.4556326139799
169.3824597843269 168.73160736012022 168.08641618655702 167.44721861078705 168.52447657044411 167.84656885571817 167.04273405829272 168.30560989630595 167.57256557209178 166.84747117899624 166.13057657574495 165.42210206908067 164.72223337093413 163.4579320034623 162.77919588038691 162.10942360571681 161.37554854739216 162.55566772250253 161.82761478622774 163.56382173559061 162.76812584565721 161.67313896131026 160.92059972590181 160.17533194103027 159.43670883906088 162.53682245627095 158.31011263157359 157.60787037892436 156.84812607671299 156.09080614354477 155.18756886856653 154.22728304107318 153.87409232173218 153.08796761852707 152.78047283427111 151.70844736464318 150.88326311254968 150.01145205210253 149.06470816083694 148.30984757633689 147.24426890568537 146.39986566486186 145.474298263272
170.22983134402594 169.57723337095771 167.94033632851495 167.29498496062953 168.35959932977454 167.67443858682861 166.99567806712238 166.15979242617013 167.36543493196729 166.63049545761226 165.90306531098861 165.18334367746388 164.47149764198963 163.76765738376594 163.07191125896026 161.81758145655152 161.14166580857068 162.40011312280296 161.48997706292312 160.73532259163289 162.3640356641709 161.55718842059628 160.48213996301359 159.71604872160509 158.9559640458551 158.20121584015754 158.18347771832219 156.99259620131346 156.26303424505193 155.48143894066968 154.7008418758046 153.94726191220303 152.77434207614823 152.43447590717392 151.55724671877846 151.09776463362971 150.10990524296628 149.23220597079975 148.3649036329281 147.42340874206459 146.55405988510995 145.44966560003047 144.56734940954726
170.09804049114018 169.44060424074286 168.78789227668085 168.14017962082204 166.50095185451568 167.50720961882087 166.82111208636229 166.14112455992245 167.58928000734051 166.42070853317352 165.68341547667222 164.95316610496917 164.23011032110355 163.51436386730856 162.80600380100569 162.10506391486257 161.41153015218717 160.16505506163796 161.33907441012408 160.60384805296235 162.04792690396278 161.1526691285402 160.3341014587653 159.27854154145473 158.49841246330072 157.72307722555541 160.79521437566575 156.87986997682498 156.08389269841319 154.90343871918816 154.09998192492162 153.29622189034666 152.51090498792809 152.15381544411667 150.920300991251 150.68184731678895 149.51000998490116 148.6389606177641 147.57163876193937 146.59134090862983 145.69429797626623 144.71832903832006 143.81245149607417
173.72892143254336 173.04205073234672 168.6494893089282 167.99641713359435 167.34816230801209 165.70421149063569 166.65177937310068 165.96440532809811 165.28282788103547 166.6559619884988 165.4713843108166 164.7313029788084 163.99777971486813 163.27091705015692 162.55078179146966 161.83740081626343 161.13075686511183 160.43078438387585 159.73736547255152 160.26888685460716 159.52462235727614 160.84663378416079 159.930423801947 159.09968669550443 158.06330087764093 157.2687891027887 156.47792091436759 156.19532954482617 155.56359270934919 154.74847848000752 153.95254575778671 152.7059206438233 151.87931737789285 151.51819253433024 150.6599484697972 150.46766872000435 148.86011357194585 147.91380567549061 147.01390355145918 145.90545713391344 144.97469027686077 143.99564971210557 142.96064803607618
173.60069637285403 172.90968368887241 172.22254435606331 171.53950174751361 167.20272064438745 166.55365989756564 165.90943095968132 165.79324097811241 165.10426287172777 164.42074816033681 165.71844882435005 164.98134772735483 163.77419074666147 163.03697290431921 162.30587031681807 161.58090373737372 160.86205327302042 160.14925457710859 159.44239514159483 160.50220918871455 159.73916304748613 158.98151060532155 159.89683252792213 158.79544621111617 157.85487821058197 156.83748779634575 156.02838913036288 155.72274961165277 155.07070727135027 154.23633604860885 153.40222788496203 152.5758074381863 151.30149808322204 150.45256343848359 150.04554626134481 149.15765704366652 148.90594711260727 147.70027427298899 146.31257590935184 145.38534645788576 144.41413203729411 143.28091925216356 142.27726718927977
173.47503425083164 172.78016690783824 172.08882627657442 171.40121504497435 170.7175341251006 170.03798065265482 165.75661573290895 166.68973345545425 165.99497566702519 164.24066684788539 163.55488714378964 164.77676719951737 164.03655766215257 162.81216686372096 162.07087235424291 161.33514112957243 160.60495118448938 159.88023966252337 159.16089946846992 158.44677602585389 159.42105899545027 158.64912306933405 160.05776514744852 159.20509357703776 157.84266014582249 156.7155317201873 155.602267489388 154.77851586304143 154.43042427304223 153.75193925010655 152.89986594331589 152.04707151462213 151.19054283355206 150.32543054028224 149.46257566129435 148.56747989803438 148.28344042583817 147.1523553147868 146.12894812610466 145.18715020473098 143.75677766665353 142.80448264167319 141.74520155470969
173.35183477524185 172.65338821607054 171.95814681273461 171.26629412896926 170.57801197871419 169.89347859232794 169.21286659847777 168.53634082455207 165.82833694168301 165.13169838734694 164.43965896908577 164.57958180436981 163.83099003163113 163.08734465578974 162.31952983691019 161.09966289699452 160.35896254336234 159.62321141023682 158.8923078061348 158.16610651550172 157.44441602816659 158.33280568178941 157.55172313037644 158.84804437495669 157.98451328393404 157.12400524317104 156.26601425564519 154.50092299952627 153.41231575477326 153.29407979365951 152.42542344621432 151.5559965205845 150.68497645376425 149.79887397464148 148.91387577132218 148.45550697376765 147.73397508292447 146.73815332327874 145.51384239221088 144.55753672338341 143.59231186755574 142.68258170016725 141.15492676800295
173.23099331564956 172.52923071479319 171.83037563253376 171.13459399164054 170.44205000070792 169.75290447594159 169.06731299500666 168.38542388560515 167.70737605411531 168.5205531382432 167.79462033169546 163.5708167795238 164.72050088247926 162.88123554325659 162.13386273390944 161.35606222575706 160.12358471000044 159.37762604268045 158.63603296292337 157.89866931495183 157.16535659378303 156.43587164557277 157.23809280414144 156.44769602790188 157.6314835643513 156.75701126885198 155.8847501618491 155.01418333867474 154.1850819765381 153.83356251432437 151.97759060388233 151.09285667703574 150.20656228602343 149.31791649906125 148.42609577005044 147.92814823376278 146.99867518581618 146.68650852428982 145.19261410974391 143.96674793944936 142.98893865801298 142.00201553467127 141.02149591929629
