codes_tests/data/cartes_pz/Piézo_Pliocène_1990_V2.grd
ncols 211
nrows 221
xllcorner 663900
yllcorner 6152400
cellsize 200
nodata_value 1.7014100000000001E+038
[rows 38 to 56 of 221, columns 86 to 128 of 211]
71.755353741963759 70.220069711144916 68.686205424521475 67.09858584254917 65.427169958004953 63.886569914029849 62.37603108951302 60.835041603491931 59.297159994047703 56.988068240984262 55.481372323615147 54.002676354995074 53.041848134316339 51.559909587772481 50.093523791605762 48.644681762331317 47.215298915265862 45.807200549500934 44.423427414505198 43.062867333126405 41.703806739946799 40.39903843895398 38.875946553003558 37.649802442402091 36.45316646022566 35.283722286584762 34.148786828561754 33.044769353014573 31.971848519589315 30.564635121071007 29.596578678914128 28.656594371546802 27.746245963034156 26.887489667603177 26.023387072902736 25.185043310926744 24.371009950627169 23.58142750370817 22.814577114252884 21.931424154420796 21.233914344422359 20.55230714626498 19.885526451558462
71.74657578847966 70.196543046182285 68.589058646590431 66.976729712459132 65.386216928433598 63.795810143559052 62.227875972043364 60.664880752230317 59.082508162558355 57.525368162294171 55.984391349158457 54.444515514603893 52.916879228698093 51.403688517846334 49.907103086627984 48.429220082095839 46.973450902353648 45.538860874921141 44.148136161498826 42.43621533469971 41.102360644924701 39.796785930741152 38.520725378127153 37.27499592146998 36.055303954098392 34.874093243435667 33.725561857304186 32.61008578176245 31.527861210099701 30.505444198387508 29.487139832446971 28.500601400582084 27.546500215275799 26.575445773317597 25.541623924024691 24.717864032048709 23.920008526710802 23.146945712404246 22.397553701662233 21.562278304270592 20.880984032431058 20.216324308326904 19.567163171596022
69.997527526692792 68.438007553051676 66.910338726261429 65.318251332961822 63.766261257136023 62.235263952559407 60.707121241615695 59.157016353232947 57.639898731114712 56.118485357252524 54.604847948424464 53.101211711653804 51.609788301087448 50.132759505667678 48.673643166756079 47.231683718038767 46.432292617713415 44.993126259692957 43.528721731310696 42.145662889365227 40.791069600733053 39.466401671778868 38.165814467119915 36.905295277807667 35.500511294529105 34.362343616219363 33.215061343943006 32.102104197788179 31.023678501344193 29.980658601860313 28.971120289853602 27.995619830851652 27.053316112313397 26.144224688537193 25.267191002464045 24.421264731279038 23.613753221590855 22.825577806530617 22.05639114723833 21.312557863268154 20.554928883284504 19.907050186807894 19.273032010803391
69.582683143751979 68.076370251655533 66.435327985327532 64.879308991605782 63.346813006903858 61.807714192487381 60.258038449743623 58.719969606032208 57.185501189147843 55.656889923154907 54.136411794926531 52.626345850122632 51.130352907937777 49.647823361845766 48.20238869072864 46.755258691267031 45.329323777159317 43.873103004064703 42.499261743441906 41.151993938483187 39.832883669325511 38.534736139499117 37.693811865269126 36.431545437167514 35.202468784116363 34.009770941109309 32.852813886098716 31.73263903645929 30.648187069939837 29.502349997371567 28.502514114805635 27.537625540759421 26.607317065683048 25.710875576253073 24.856197147353654 24.023772343704138 23.222147575596651 22.45007109933529 21.706186541023612 20.989048726478345 20.294014221297985 19.602858383342436 18.97100880682892
69.5798768514111 68.008501909914386 66.359391582079965 64.808581915049146 63.262000845629103 61.684341213596369 60.125704107917343 58.56868790226639 57.015584134649117 55.468720789370749 53.931839287502271 52.404462655231995 50.910478515715823 49.411183415463114 47.748974138611885 46.298820562557168 44.813310556526659 43.412866162687166 42.037971754794469 40.743043377366732 39.420353361712202 38.128060149277687 36.86748290111025 35.639767839288808 34.444657746446509 33.285601500752577 32.161642046295029 31.279690827011223 30.203303222089247 29.164424986753716 28.162336641431793 27.206380628842595 26.276512065217574 25.333908631725649 24.48242012089591 23.663625024047647 22.876351735907463 22.115338370500552 21.387545876605174 20.687100397837995 20.012426674153929 19.348989721332245 18.730757495022473
69.187910272931134 67.539492858087698 65.999744432860467 64.448015617070098 62.86337745917325 61.300426036615136 59.737007653269558 58.17540036553315 56.619320622511992 55.068337369069994 53.546378064409481 52.014970438717612 50.49713686023982 48.995231492393813 47.511559807224316 45.987419527356366 44.628641724966343 43.211594958698683 41.808290857903955 40.44722642086316 39.11611998659609 37.713487017409761 36.455750927113286 35.231477757476441 34.041051574069002 32.886590240070944 31.768533965516284 30.687511658894422 29.642202092975737 28.642292582545991 27.669421546742427 26.732477577307293 25.922829114123402 25.040217054767965 24.192770716677856 23.375329875579652 22.574450770233184 21.8316796761858 21.118274456762578 20.432690932928949 19.773306725124101 19.138438910729946 18.529359481156675
68.82302929852716 67.206242088103011 65.658335985052531 64.074198605655752 62.5105557054587 60.944354763747711 59.379197833130362 57.814659321853782 56.274421370530987 54.720570200169391 53.175795680844246 51.642530664832861 50.123194431852838 48.710324000453241 47.156945995941712 45.692544742587302 44.25116144527621 42.820089915499196 41.432086995066072 40.072934749873468 38.744334517474812 37.447827138573388 36.184232358744183 34.955936464161027 33.76255720632453 32.605658326278146 31.429753640451864 30.362564927504565 29.324389822092826 28.32333571609847 27.359238706173883 26.43168324141017 25.540090329904103 24.679791896665606 23.857938658005978 23.110377891002884 22.34280660992242 21.607184469075449 20.903388674713995 20.223036148681587 19.575823639214249 18.955047821647696 18.348955758394737
68.4365658216946 66.890179134428692 65.310169403657724 63.749504788615965 62.185540616423481 60.617827772384359 59.06946534937299 57.503526777556814 55.94203300729707 54.387418228471759 52.842138457055384 51.407309020417102 49.882816550674193 48.307426743889962 46.823018821842268 45.35982486546115 43.903201374888297 42.490277294066303 41.104818619038781 39.748690536905457 38.422475153932325 37.130136897247041 35.871754927940486 34.648523029140321 33.461030005473049 32.317848965618666 31.205056711542554 30.13016699509005 29.093320807255637 28.094600567775686 27.103409325995813 26.181318628207308 25.299295827878453 24.452937517596567 23.643906954260899 22.879625579284465 22.127339089780975 21.408135864177169 20.725268192881884 20.056192047844775 19.416381338471098 18.802520714684775 18.22214982779164
68.136600212296301 66.564292068012392 65.010254724110382 63.450879113696658 61.885742547202042 60.337116155712522 58.769537234661641 57.204177684609448 55.643452811452363 54.19705389099947 52.647840143288988 51.110618007523001 49.516512076137261 48.015238022188328 46.512720142741145 45.053680308209948 43.618334869016678 42.208818076822226 40.827141947174439 39.473562012481707 38.153210081798704 36.865833172635277 35.612811710071654 34.402140137588773 33.220879015154225 32.075862550477211 30.970058198499061 29.902477249489294 28.873416442242757 27.879926390680481 26.975938093200952 26.051130498780452 25.166822558356827 24.319381236643522 23.494918534677154 22.721254456322342 21.980653232251953 21.270360512014136 20.591617261650981 19.941391082834926 19.317968742371519 18.70543820667389 18.127926315707299
67.855909506639563 66.286686142968819 64.734373444407893 63.193568747265871 61.630493376515517 60.065127417760038 58.499771492780013 57.052505055093235 55.48938076664254 53.933447078752877 52.387211064661486 50.777987735993932 49.263313163661891 47.742963449134535 46.266400058216718 44.811561220240435 43.380693658748868 41.973596280422058 40.597182001928886 39.250751500637037 37.936027030467045 36.654500449402533 35.413099086548755 34.201956816896228 33.027602196599446 31.976570257243665 30.869261534649368 29.798299966041228 28.765948549720719 27.775047541485705 26.823089601717726 25.908502409142116 25.03284808416457 24.19421526540637 23.391593702488947 22.622711798358438 21.88846220436433 21.184573111878564 20.514850471346008 19.874965170213471 19.26043500066794 18.670906243511979 18.104544480345908
67.568905101197814 66.028447677029845 64.496817863784756 62.941866514833606 61.510989960043631 59.9449579517145 58.378949941046329 56.815360685538252 55.256641689121253 53.705284038350882 52.084774285724492 50.560419302351249 49.025795313754088 47.535165475563431 46.06412658017048 44.615015421975784 43.187189990705889 41.788802459637665 40.418719037016402 39.075689983853479 37.77470150066938 36.500077866754026 35.373546929597765 34.158913910973098 32.982651491984882 31.840524261804802 30.739776447747346 29.678340330656397 28.656224144769126 27.672693418163462 26.728746133697982 25.823329541673488 24.955774979222468 24.125228928588243 23.329924722056418 22.570116760092262 21.843801727386278 21.150784828159743 20.48681872514787 19.851595472943018 19.247292095909657 18.665089928001251 18.105931018543643
67.341348212546151 65.806496912362547 64.26330869626473 62.84532773059864 61.287215902035967 59.726959223435117 58.166879386890855 56.609370879338883 55.056884583158833 53.429077616210435 51.898942232419245 50.353830217709628 48.852848727044346 47.36919902190219 45.901556275735061 44.459985312384319 43.042698411377486 41.645291416146449 40.439738713692336 39.102434787156014 37.790464963888411 36.512362730716248 35.269229121110612 34.064710554968826 32.895084429676501 31.763023620959743 30.670227893503892 29.616776328583697 28.602559423745589 27.6275295063203 26.691395458669874 25.793664814124881 24.933454406743095 24.110167504856037 23.322724527802478 22.571064246505969 21.851479971400039 21.163693717934109 20.50433015678469 19.875645574720494 19.273718472299365 18.696725757417767 18.142803441809477
67.114825261518746 65.725379923282986 64.185263515561203 62.63881062395059 61.088146622166136 59.535498883662697 57.983182559260484 56.433585120336218 54.802552914670486 53.270640265747531 51.718980291482268 50.211544039551001 48.719094356552375 47.239756573422682 45.784859887214225 44.5313091549436 43.1108787157699 41.717108167503625 40.359231549875361 39.024095468139819 37.722594176820309 36.456441154611667 35.222381829480952 34.024182220440579 32.863334150295188 31.740749510461981 30.656135244388423 29.610919936089161 28.604759487367915 27.637548712077248 26.708976389473733 25.818856112613275 24.965668650340831 24.149964357097701 23.36634731536472 22.619865828251562 21.906322214361808 21.224236485747355 20.572018414604983 19.947984815935612 19.350377426397884 18.777381189104133 18.227142754365914
67.045777863100199 65.522675136826237 63.991430718291937 62.45404370543551 60.912627682142102 59.369397727796553 57.826656063912452 56.286776468833025 54.666817291844012 53.112627071464289 51.602737386193894 50.105442865702202 48.618288573962843 47.367802627370651 45.893964374355093 44.459544894170406 43.049632154418589 41.674411815978388 40.322220496113388 38.997000291472943 37.708323548121911 36.449111322722288 35.224359341476742 34.037129638976168 32.885455993885159 31.771434573307232 30.69558016251257 29.658830160459942 28.660775990024518 27.702432947441523 26.780931432453755 25.895037851876964 25.048632512078527 24.238331224214349 23.463070769562506 22.721634796883308 22.012668326025548 21.334693347775712 20.686125339854655 20.06529051319437 19.470443599294043 18.899785988580604 18.351484030940185
66.849651119630323 65.336914184992338 63.816266955772079 62.289691791898861 60.75928483252352 59.227242888431718 57.695848973631797 56.078502989704006 54.525802142231584 53.017486886816442 51.762471752222169 50.263905417159918 48.76083812509637 47.296297213858793 45.851681865589541 44.438905786269444 43.045232057203776 41.672637396432023 40.334582845846342 39.020348341937506 37.738712851983351 36.48989445749099 35.27777602903025 34.099329866001895 32.957631740848669 31.853325877261426 30.78666442648084 29.755511924974869 28.767737068617251 27.815969931853857 26.901905095108958 26.024992567605537 25.184499106736439 24.379517324798698 23.608977709011924 22.871662020544505 22.166217906979142 21.49117455266628 20.844959184071072 20.225914242471589 19.632315034187229 19.062387668684153 18.514327097378654
66.667405809108075 65.166680790336471 63.658302929077436 62.144232654421444 60.626543144033263 59.107407111836764 57.496636047173411 55.949372416083406 54.717719051164352 53.202189285890327 51.704615030715644 50.197617082739356 48.729231691195139 47.285788664145727 45.864789898707429 44.454622521787712 43.068791457049912 41.716565968398541 40.3848760785107 39.083916542787463 37.816742948081114 36.579587561180361 35.376790753507294 34.209399555936074 33.075166698390291 31.981232442879175 30.924523620895187 29.908091253840013 28.925982883142851 27.981748378268477 27.074528042609373 26.203754933543692 25.368682094389129 24.568393313341431 23.80181536191246 23.067731554216905 22.364796456700802 21.69155156889191 21.046441789461227 20.427832478298015 19.834026924305178 19.26328403007534 18.713836028314446
66.497553325302434 65.010420522414535 63.515918150504405 62.015979680650318 60.512649988638628 59.218100036003477 57.666018635931735 56.159757814420544 54.650923452027214 53.132388902932604 51.651517917194042 50.183322783163334 48.7390646790018 47.31426449081097 45.89699547802293 44.510745737923187 43.139020466059847 41.79342795906247 40.480293777991761 39.192047716871741 37.93507164958767 36.710741618524267 35.517418980827571 34.362076319288761 33.242359960224263 32.162500641803192 31.114422318685328 30.104267465713136 29.1308975177013 28.194124076312065 27.29354598383668 26.428578035498703 25.598460450285913 24.802269912204721 24.038932030936948 23.307235057281332 22.605844677935494 21.933319706203392 21.288128480112093 20.668665777070288 20.073270054546768 19.499175465197553 18.946244670624651
66.338504405752076 64.866465945744167 63.387366582279185 62.223856015308144 60.724459624410272 59.090420108551783 57.597606500170599 56.099301475664987 54.587271562200044 53.112975893323735 51.65985142502025 50.207835194497108 48.783213719064193 47.362805823486809 45.972251446633024 44.59264029739775 43.236880254308076 41.912083272830159 40.609342426014592 39.332933576770628 38.090545763523366 36.880220019215798 35.703094817125461 34.56011876826814 33.454793225783419 32.381896920233572 31.345170528837315 30.344357549097694 29.379306629071706 28.44993210579733 27.555808837803113 26.696333505612742 25.870734435015777 25.078082930473371 24.317305960508094 23.587200024225368 22.886446018263655 22.213624916725195 21.567234072730486 20.944529819920135 20.345801842509175 19.768620083638979 19.211323657607053
66.18859648649682 65.070801083925943 63.597345536818736 62.118730028570027 60.498267456755002 59.022361415806941 57.506011573925775 56.036461615440615 54.585476595730043 53.128799235102633 51.682423723500833 50.261904704099493 48.842308704301686 47.451358787336915 46.067760334053915 44.711132489903946 43.372955712742453 42.056623173422508 40.770518829270543 39.513125264685058 38.285874250639495 37.090025957780369 35.926660007270144 34.799647966769868 33.703439973408678 32.641829063900119 31.615520267068476 30.624361601255799 29.667691871430989 28.745661429260537 27.857820655091558 27.003548348377294 26.182061918130984 25.392429016548633 24.633580450220379 23.904324191548881 23.203360304318437 22.527746696673603 21.878797804414319 21.253701809451371 20.650894024703248 20.068784049977154 19.505772145071575
