codes_tests/data/cartes_pz/Piézo_Pliocène_1990_V2.grd
ncols 211
nrows 221
xllcorner 663900
yllcorner 6152400
cellsize 200
nodata_value 1.7014100000000001E+038
[rows 114 to 132 of 221, columns 43 to 85 of 211]
128.50879998046094 127.45518055553482 125.49352910784476 124.46013618485455 123.4073528180499 122.34359079188862 121.31511452792607 120.1747858357042 119.03151572396006 117.85223301973939 116.65254602802797 115.40803385303001 114.16479814950863 112.09617568172197 110.86953999970011 109.33841337755433 107.99817932261718 106.30304783196009 105.15905952249496 104.00416765095656 102.84278024842799 101.67053169503619 100.49280119831413 99.311041756675507 98.123035279583164 96.936951438440701 95.746315719061258 94.557668322796914 93.37327676527525 92.190548504636681 91.015454111584745 89.848472534785131 88.823165688080465 87.935806454437525 86.817488081695672 86.490019372653705 85.448629116511384 84.725708662871426 83.758062845505108 82.78817941380791 81.833955670591436 80.888769519111577 79.957192244412994
130.13176945125011 129.11862077713386 127.00164651179955 125.99417100628291 124.96430787330043 123.91838222346655 122.87049091660116 121.77039371989352 120.63380257902406 119.46515236148606 118.26305359995705 117.01932787152812 115.76951805528934 113.49347932303333 112.26315209112613 110.78141478496644 109.23010279283754 107.99570625273435 106.13681064152129 104.98081286143346 103.81674476777329 102.64170888099753 101.45882794859376 100.27161930779053 99.075413791391028 97.879093818449022 96.678389689866222 95.480027068564127 94.283318109665359 93.088318094205718 91.899960472095984 90.719371365253366 89.673147456083981 88.763083773911632 87.634718861643421 87.286826128369668 86.240911199179692 85.537735141311742 84.555017430162223 83.581811222305049 82.621824544984079 81.679075686770261 80.744922074754285
131.84091662355038 130.85398060860211 129.84254074349553 127.60483162071279 126.59930116641728 125.59557793726695 124.53279087516229 123.45243277776959 122.31702289026002 121.15600846443763 119.96001007591205 118.73355327400128 117.45659252342911 116.16647736354076 113.72067483387764 112.38928131106847 110.57337167396102 109.26018119025476 107.12364894178974 105.96889337746823 104.80555290217428 103.62661494313862 102.44052300930035 101.24533491352979 100.04325250304026 98.836007335040961 97.627954974697602 96.416916959070747 95.207899928269242 94.000671417357665 92.798867605086784 91.604315556849272 90.533644523938392 89.595782259478597 88.457874460445737 88.074966135062652 87.044338309487529 86.007239744851546 85.338488826723676 84.366162410134194 83.403909230509001 82.455855656288648 81.519061273250955
133.63457809407589 132.67505983531544 131.68764381593959 129.30824480191112 128.31088041255072 127.31629343776682 126.27326870426081 125.20331682290848 124.08029169565313 122.92799154560927 121.73686633406288 120.51445004532198 119.22899663396942 117.93086440618096 115.24183200672731 113.97363726012402 112.16542259683452 110.56912823787965 108.12177361778241 106.96893706080559 105.8024914602352 104.62466219652538 103.43316212815876 102.23299340510015 101.02450218430994 99.808173909905079 98.591156162211476 97.369348807893999 96.148179388445044 94.928214747559807 93.712526893543625 92.503825443545622 91.405718390978478 90.434520756787833 89.286978615069501 88.855721070062344 87.821443176077793 86.785435324407672 86.113326355407196 85.13911647205029 84.178376148490372 83.226688654425715 82.288612373210938
135.51071274804863 134.57989411396781 133.61768106764038 132.62156138761972 130.11493130139968 129.11161842802227 128.09036538322709 127.03163272128744 125.92988579732285 124.77993756263076 123.59478277333744 122.37108021926502 121.09035820076218 119.77861671893885 116.8260554921755 115.55321766480053 113.93403413097836 111.92298765011984 110.64554973900863 107.98022628678393 106.8144647800043 105.63211804366709 104.43890836534229 103.23432840260288 102.01994388348413 100.79407832573928 99.570011761532541 98.336778463221336 97.103376421864681 95.871379115368015 94.642097380729126 93.418603269775218 92.289421256203781 91.279392109460233 90.123014886963134 89.64091555189043 88.593141570254517 87.554056568200593 86.878963748882782 85.904260791715217 84.941133033247283 83.989855111734769 83.048168578669646
137.46687837097136 136.56611386159511 135.63036507610479 134.65692830743791 131.97479260047078 131.00187068059353 129.98208936772812 128.94088737860687 127.84843547603687 126.71661340554854 125.5322773754186 124.30856057343878 123.02896997422117 121.71609855290346 120.3597386592116 117.19584452989213 115.88297391658466 113.56680732771443 112.035423770043 109.00211421954324 107.83786470876474 106.65235813114742 105.45693893617303 104.24915802802199 103.02951694558303 101.79455359700243 100.56327420217058 99.320849983643257 98.076293243579087 96.83047274655614 95.587621348995171 94.350603254522582 93.185958900304939 92.132111324420663 90.970421646576185 90.406947810079444 89.357136683611913 88.315377635540358 87.283504698420515 86.660646923501858 85.69735673548503 84.74582100453685 83.801202128363727
139.50020946264749 138.63092016449855 137.72297380564879 136.7734671745967 135.77042734116418 132.94513240279773 131.96531612017924 130.92373584894818 129.84131266716108 128.72245287913245 127.55312055801352 126.32523017456325 125.04785601505384 123.72886069320086 122.36223147757953 118.90931406785715 117.57833862946528 115.49602126514186 113.46914010386672 110.03343953586162 108.86418698861205 107.68412110107828 106.48790229351503 105.2780811132908 104.05321711527317 102.81599783677319 101.571911891341 100.32002844805973 99.065363678100852 97.806339890447418 96.550223896628211 95.299004883353916 94.097248411753512 92.992649366549472 91.822467599980598 91.168378961530351 90.116075773637277 89.072164709009272 88.037138382841775 87.412428807505776 86.446445788062178 85.492314771610552 84.548730472937265
141.60739681276021 140.77106242942611 139.89232628448173 138.968077783279 137.97315549070993 134.95607470843157 133.99977547417325 132.99718956776897 131.90601249590216 130.80188778939359 129.64236116114586 128.42241882723602 127.14435566006691 125.82089210948736 124.44448368498141 120.67027162032761 119.34110037889717 117.63266797595621 114.95119297804223 113.61732819294294 109.90492965821538 108.72809334916253 107.53118255870855 106.31820670978979 105.07996440648657 103.84718346864982 102.59621544678957 101.33554918983197 100.07071126786413 98.800132455577582 97.532168394552016 96.265170259226366 95.023030735244319 93.861283949775256 92.685574104491124 91.527531005693348 90.871481875232973 89.825933812429682 88.788266850283733 87.759207255571923 87.190761231385707 86.23558388861926 85.288565685952619
143.78466941098321 142.98281838358088 142.13476063781383 141.23717052700596 140.25119581258173 139.25102282077154 136.10000899506014 135.11974927839003 134.06044088705238 132.9517457875869 131.79634377888959 130.58854127145349 129.31888861125509 127.98876400838869 126.60399352932383 125.15740511359779 121.15726865856983 119.78088347249542 117.04010630069246 115.12849632047961 110.95624722616294 109.78123223420161 108.58652413087287 107.37280343617219 106.12804728045866 104.89340868616685 103.63439629548222 102.36782997202829 101.09411188487188 99.811425048270962 98.531288758454124 97.251536967954635 95.965213735042795 94.741264032474902 93.560815690000453 92.394895042259748 91.625468972774243 90.578487902225262 89.538799223553951 88.506491403892454 87.934632496482109 86.976583358243559 86.027705417370342
146.02777926678232 145.26197703319477 144.4461151217601 143.52041576714737 142.60059914965234 141.6207934861589 140.57876572753082 137.30580055331205 136.29403894831134 135.18981481562679 134.02383004713005 132.82452945552754 131.56154863384458 130.23170937133233 128.83830288915772 127.37776209710771 123.03117243993628 121.64748313423726 119.36110871375115 116.67860620422017 115.28914278824946 110.84612172326349 109.65282961125223 108.4403356406613 107.19151969391166 105.95366624986771 104.69044515822497 103.41722996264888 102.13518075480593 100.8416923628625 99.549998071311222 98.257383661748847 96.915936095480987 95.633126887692811 94.448972209859392 93.276351869293208 92.379139817616789 91.33184568237688 90.290886613750203 89.255945975802803 88.672671177529338 87.72010875916844 86.767424769308789
148.33201879406272 147.60382518093985 146.82171279376439 145.91036493803273 145.01687408736646 144.05887922861191 143.03397649640996 139.55081171551831 138.56202565196088 137.46715201192882 136.33743479438039 135.12620523238104 133.87162082853808 132.54110155498171 131.14372922275288 129.66228157368465 128.13621253746064 123.56957936314572 121.9034376501626 118.51502723972374 116.88251452063503 111.92103375943054 110.73185319864807 109.52051086723462 108.28031595185618 107.03001838221566 105.76352708375963 104.48400253691955 103.19466730931592 101.89710275584839 100.58995611348425 99.283993786701842 97.892808678418604 96.538858624122227 95.352589028132499 94.174556465055119 93.134973292791628 92.088670101965732 91.046522780503707 90.010023740691338 88.978436051003158 88.460776985426193 87.51100349262758
150.71037104657137 150.00312127786538 149.25635043255141 148.36059112260065 147.4949716725871 146.56028976382663 145.55396338356121 144.45258473158185 140.88485478029855 139.80426907062548 138.68972887718132 137.50902324094358 136.24435166661993 134.91477103924467 133.51337229993649 132.02086212130638 130.48054402328478 125.54456419710809 124.09607714773217 120.98834203602546 118.50393832037264 113.01876586380209 111.83347423102823 110.61057041387546 109.37222109564431 108.12128250520374 106.85008813821493 105.56824788984017 104.27281983122799 102.96788537546789 101.64995396079618 100.31584462174001 98.886285680833467 97.460573732485955 96.271512852598235 95.090031616336219 93.895138702700052 92.851399624191743 91.809163866640176 90.77067917093828 89.736033220472322 89.205811270063805 88.258811285601482
153.12285335543851 152.45410919314796 151.74422830008251 150.86544887752493 150.02927529452103 149.11945226981811 148.13321265574106 147.04213451330972 143.25833268252092 142.19326743725583 141.09554654199979 139.92804295838911 138.69219077412362 137.34737986990351 135.94361738789564 134.44033039855725 132.88904809745696 127.56700670327656 126.08871041584254 123.70074922888675 120.157360935098 118.72090682004058 112.9343962304301 111.7268273151001 110.47516997282193 109.22779786404158 107.95452989654282 106.66867806054107 105.36968408689954 104.05816819528795 102.73110903282927 101.38450938973325 99.902533415157691 98.398261242596547 97.209962396058529 96.023321845863464 94.661980067696177 93.621310521011665 92.580693593034582 91.541934315149177 90.505455820059311 89.956826767737581 89.012707442600657
155.57927189689624 154.95056420827348 154.14895943430543 153.41873777443357 152.61359632580147 151.73020541122855 150.76560618702746 149.69772799212154 148.55498487128364 144.66933390804263 143.54864916348507 142.39621255802956 141.16903030102384 139.85441176021629 138.42851775540808 136.91618186931152 135.35500793840683 133.72014992419298 128.14654442569685 126.6265897383747 122.51071184091177 120.40464872273365 114.04448164933008 112.84008717427341 111.60523528452266 110.34554646426287 109.07447506752787 107.78728061539206 106.48389653208989 105.16838006204001 103.80576858746427 102.47533565838576 100.93963757096385 99.352876980064764 98.167626497347584 96.97838316440594 95.437403330950048 94.401146364571559 93.363450082436785 92.325918486165094 91.288344491815749 90.231772599509867 89.775963355557039
158.07289545193998 157.50979194454783 156.70684108261253 156.01343111060467 155.24117605364194 154.38579984897814 153.44442045906882 152.39152939760334 151.26067849052851 147.1470241205231 146.03638170038266 144.90666427917665 143.68913073620737 142.38754170222737 140.96185465964351 139.44185523254021 137.87258399280171 136.22181387750638 130.24840997101259 128.71772377216644 125.38410912535132 122.11928745940897 120.62094591881025 113.97155571652721 112.73503139460253 111.4910112517527 110.21855129020491 108.92228393605967 107.61724424016832 106.29706267651103 104.92625534121895 103.58964052169829 101.99808712478288 100.32665523288512 99.144982336497179 97.955622161085728 96.224290726759804 95.19262881360055 94.160126914478766 93.124472601661438 92.087363191835948 91.022821584968071 90.554584747509296
160.5965159581279 160.07862260071479 159.29758020459803 158.64269141582886 157.90431877560894 157.07890571283514 156.15257992843632 155.12602291691826 154.00865230080404 152.78908285731663 148.56202360712541 147.45186361516357 146.24623332041529 144.95932295874741 143.53833574912255 142.031562033874 140.4345739323397 138.74281016443848 136.99564338685985 130.84857052193394 128.50437911491915 123.87205524982527 122.35621012494967 115.10583399425195 113.87492254142155 112.63680523406084 111.36864371147728 110.08167754993197 108.7779671321738 107.40251788066828 106.07111897317597 104.72501812608826 103.07789318745823 101.31951140475093 100.14283721992877 98.955169627458275 97.734466891342208 96.000715347797438 94.971628236652279 93.939674393552721 92.903819865592169 91.837207645588791 91.349797921330435
163.10956553565578 162.67114698191457 161.91342032701323 161.29852021717539 160.59582344040948 159.80115423067639 158.90048264248034 157.89331672920542 156.79104187450764 155.58076865492257 151.190247595182 150.02362943699228 148.83886481406233 147.56159398441082 146.12515351410383 144.63560265783474 143.05347245439594 141.32850219756943 139.56660988684428 133.00569075036677 131.39901898991008 126.89105986272682 124.11565085623417 116.2653877587753 115.02028943950496 113.7929765088673 112.53022113047032 111.2469974533994 109.94265181933696 108.57579153567403 107.23010313339989 105.88221468857878 104.1786930025613 102.33172688892955 101.16246673824062 99.976590301781016 98.753012808101914 96.824593454464107 95.802437307246606 94.774142691885089 93.742217394000534 92.677388225367878 91.550612882319996
165.65322774712484 165.27916012892257 164.57262652262762 163.97259718526004 163.30701654253755 162.54497339319391 161.67062379889813 160.68493365862511 159.61257046989485 158.40025707616275 157.11955906152835 152.6059752023948 151.43978634653138 150.18553306396245 148.75238510045384 147.2653792345464 145.68092958275275 143.96493983758984 142.18806330051865 135.18049222318123 133.57366850796384 130.14764198731038 125.89199234907412 124.34350352722549 116.18109121104915 114.95194186755887 113.70226116327511 112.42473896769285 111.0655402476681 109.74669621271877 108.41886957020404 107.06593743966761 105.30342476906793 103.36320821292901 102.20330020214777 101.02209164718009 99.796612053912185 97.666840981019533 96.653879896777767 95.632064593150304 94.602409448466943 93.548033757541916 92.394788876373894
168.25455083155774 167.61908966797975 167.21536194557763 166.65613114776255 166.02901850546385 165.30102245096765 164.45490784691108 163.49133729932453 162.43899227663445 161.2383499498689 159.96751617693963 158.52086819437321 154.05768962585648 152.77172354241313 151.39389129633469 149.91148410433831 148.28678401876573 146.6022745076265 144.81860843018515 142.9369540341049 135.7604159354949 133.63795032720856 128.1758713732799 126.13543641002062 117.38297414570839 116.12056399950835 114.88258515289571 113.61378682959771 112.25464555462813 110.9397491958976 109.61207725905217 108.26949244142421 106.45017255548453 104.42038389767012 103.26485779607437 102.08982034755557 100.863384545071 98.529259610959201 97.525687420195965 96.512139388958886 95.488405017487693 94.448639221098759 93.274956983315406
