codes_tests/data/cartes_pz/Pz_Année1961-1963_Quat_fromProf_V3bis.grd
ncols 211
nrows 221
xllcorner 663900
yllcorner 6152400
cellsize 200
nodata_value 1.7014100000000001E+038
[rows 95 to 113 of 221, columns 43 to 85 of 211]
104.45529341780814 109.13428287704009 105.56746302277551 104.64869249988861 104.98287981746141 104.80495772809516 102.90604707176534 100.64903571591242 98.91535797624924 98.368031031267321 97.654972931321197 95.671386861589639 93.774810175277494 91.210441069329008 94.658939057007316 93.524407445720527 92.16968870188515 90.529699738516015 89.342175411944851 88.218403010653518 87.019745815536993 86.684916124905385 86.66898568734571 86.727315593113204 85.773475684958171 83.561795350999446 82.72151186487369 82.439681652619043 80.287763696301965 80.165616572529501 79.090632389935124 77.897370503486172 76.800025362992756 75.763549179031131 74.208515723361728 73.506674805360845 72.349962439654391 70.94720220095023 69.310424709593903 68.349184279111569 68.186643845990019 68.142798683088273 67.193482162854295
110.27209952066747 109.49829162425169 110.48864361803605 107.61278810294139 106.30271329182619 106.08779897886005 105.65603034079898 102.79242402786736 101.42611925395599 100.78650146507903 100.92628107616696 98.745917328708387 97.370421836388402 97.687294574459315 94.365036895507814 91.515329568020618 88.745865051227824 88.134826312587421 88.757789944218715 87.322963573448931 85.350318904762744 85.252989668895083 85.331047900353951 85.252252371210432 83.307513686368736 82.044550505554639 81.233398494733947 81.155859550451723 79.821315069885443 77.946585320261462 77.922914451117947 76.780574275342303 75.458412107396839 74.225887739793848 72.93994485341652 72.064853317028309 71.095067980589448 69.83832701270623 67.946594213071606 66.984924833857377 67.041838339540163 66.331361001818919 66.092654651916362
113.28082847782687 112.66171554426525 110.55041441843677 108.42091312358895 107.53105829734676 107.56165006832472 105.86078067849377 104.8577487833801 102.75979809916214 101.7340146947336 101.52662627699847 100.89077335434104 98.462422301056932 97.21547002990836 94.980005918204228 91.842116850876948 90.043477167788438 93.162479888908038 88.313133696977516 87.074204782292369 84.603834995832386 83.269757375428327 83.922797009981139 83.607391570570286 80.869610362734548 79.787112129543331 79.55517621311941 79.517675248181476 78.426703145975452 77.560506407747383 76.29289412630888 75.423388837050126 75.006464962681207 74.105580391470582 72.470559371612666 70.80802708265837 70.010050447732567 68.639948179462692 67.599526302071041 65.998053507973268 65.888853492017631 65.161037840592144 64.217264157512574
115.59425088180573 114.77014918942562 112.30819462089707 110.4408743485112 108.40714420972975 107.78144454586871 106.8713358317198 105.79493074302277 103.61685112381231 103.46177905111438 102.6209118105093 101.2965722104136 100.24548223939532 98.445570543794958 95.951170430731494 93.461186361460236 93.199879380110559 92.697071403593696 89.553191446024215 86.762361969819324 84.480285400400959 83.304194430773833 82.054574440975955 79.08049146987058 77.684712684178805 78.148809202106776 78.07823171604079 77.931553270420835 76.124032611207042 74.880261698172092 74.110264354609171 73.740160187367195 73.612147528669453 72.534802089681122 71.67281996253503 69.5275096056358 68.636810971166724 67.55657091587544 67.415259245984771 65.498177197109811 64.694932938701498 64.824626215581802 63.945443699497545
116.48109724407429 115.55728380210627 113.2363685830161 110.65005311145143 110.27895547195024 108.67717691971011 107.81206828655858 106.68896443779168 105.21333455223495 104.54828699490747 102.49183886719143 101.10686776897225 98.916377576748829 97.931338214118497 96.349102140993594 95.006936693219089 93.349019570633359 93.644764086728216 92.165041160333516 89.034068851334354 86.938603106664132 85.726700925154759 83.893101371974694 81.732682822238615 81.410376407425588 77.559694256911783 76.160071965533817 74.720065049682518 77.182155789405158 73.409841346430426 72.630361115499468 73.32254964580541 72.196091686679821 72.072046466188894 70.043835625388752 69.147863416277161 68.23087525203195 67.167030117403598 66.171481010756196 64.454897895062885 63.542250176276482 63.617158528623747 63.655651908842074
116.31877740888295 114.77147473221639 113.37906617570204 111.41570461240279 108.9907297306961 108.55892069522653 108.54532255497789 106.62206739892657 105.28967744408476 103.31855293579902 102.28386666402623 101.02807181721425 100.71053443476417 98.682160141716167 97.324884724595691 93.619590134746531 94.766302543209108 93.534900829594761 91.867988759394777 89.827589363329622 88.678092737429907 86.534086493585306 85.038067268531165 82.183250575163186 81.117300255655238 79.092367746082829 77.892415772430468 76.267886659471031 71.671796787567288 70.974716794842507 71.141816525928391 71.91078727728798 71.087808990599072 69.10422964227061 68.099546666913071 67.97485536886164 65.946810813652007 65.975858863094714 65.091567969684633 64.310775606712753 63.444228834835485 62.682547537596342 62.675846503385763
116.2840658612519 115.18715814184002 114.23845026958871 114.11437484258478 111.27899968021161 111.13052374923514 107.59089876923299 107.50324428733155 104.20806445320193 103.05976548842229 101.97283508531052 101.83976941630674 100.40676805743206 98.399384349439558 97.034263096269072 97.643033799414596 95.364758836014502 92.878818637420579 91.608516316750467 90.41310032139387 90.015171817634226 88.715336059425965 86.020596929473228 84.701218748904878 83.33500862405127 81.236814307575656 78.171922419230029 75.437285550825635 72.709493036372379 72.297888775993812 71.148293364021072 69.421823149439973 66.705058690648769 66.76175132692309 67.933715446737224 67.721289959637815 65.764969524798062 64.847381558963789 63.981908804663284 63.26052518035975 62.594662321928205 62.508955996071862 61.662510547269321
117.40702223098276 116.37452038609923 115.21439888981078 114.25366117274285 112.88615156103982 110.96492482748553 109.2339392667845 107.2028042403454 106.89698993723555 103.7670219657108 103.56467826178871 99.520180047005354 99.058822755842755 98.143525009834647 97.538998703541921 96.556680459491375 96.004299862913342 93.64808114141735 93.043658323987373 92.744231694074344 93.372915265858396 90.871937183112294 86.889085723844815 87.008628983633798 85.065650537773394 82.74142645177659 81.917598415687181 80.855866426212316 75.365944696628617 72.96290186030987 72.127150897106304 72.092581054619231 70.736220566783516 70.860385710379177 67.625687348688686 64.267122577588694 62.468451404020399 60.362204659437175 60.092408504786263 59.945544350313568 59.134350632379672 60.315334603224521 59.520187433489944
117.30855361897929 117.12303005637075 115.28176796782442 114.08582939568082 111.30404926248026 111.24649102293056 108.42930638813019 108.44032506642839 104.67890395626016 104.44226774788449 103.42866533197537 100.18838926260717 100.89088882002949 100.80357104383521 99.366139665084731 99.863172571280842 94.367251782202032 94.241858209158536 93.146448396918814 94.52274797836553 95.172074935905357 89.969687745037632 90.764986414745593 89.404115552297014 85.617340587553954 83.506678897984273 81.593711327932496 81.854527495209595 81.526077911138046 78.553322711750496 75.091085862336641 71.479338672898223 74.761197640685751 76.400799914691959 71.668619482749619 69.928212139533542 69.716808683091827 65.892450477865566 65.799588349832547 65.937285929074761 65.206277897145569 68.932594455744379 64.917446977011224
116.83457665696461 114.10783748035178 113.29318067254948 114.14941664946011 112.62865075202764 108.7756690655052 109.71787063045821 108.88791463709282 108.54331842637718 106.25383110474345 106.34832861243218 102.29187964924475 99.672644848590295 102.06766145988283 100.42641779035461 103.63090543484397 103.44393099502292 97.104347366523839 103.50405338933889 104.28257549183671 94.49601913519183 102.69057367791201 101.52867021816165 96.743297027510195 94.024088638156641 89.841295186668773 89.473908260440538 91.157558535411638 88.098293075626543 82.679076015760458 81.68895996678954 95.186729494009569 95.75379340105421 92.723280120563189 82.462881914036984 72.707019782859049 64.898044334991582 60.324526384406994 60.515935195784103 60.666948607282556 72.860286533881265 78.228414999473671 80.448494929523434
118.05208057151576 116.85263169486502 115.78515835822461 114.92115197697579 114.4851063057808 114.57129008748211 111.75512060398992 111.79716574369121 112.30361048845975 109.72436269518708 108.02977266196605 115.99083652443366 115.55527484754643 117.16121441571796 116.65323932131912 111.25377630730192 110.61377867366433 108.48545961637659 107.338804692804 98.69651672759602 99.873968436255566 101.41051358512317 99.783474017733198 99.455035012963862 96.96937234241112 94.85659419417486 93.948433456844938 93.669096994741011 92.182388258392294 89.364685476198773 92.610512917483234 91.055553625190612 87.151962706339972 87.548390975737362 88.725883220834348 85.870832175219192 85.429735903879248 84.596964990807649 85.872481291219472 83.02866469644178 81.19304856352629 79.439865869924674 78.63750978440747
118.35476253835583 117.70993272312481 116.82692098117901 117.61625000517095 115.10800653654967 113.3392663124875 114.22120099302548 115.74968254397646 115.212250478028 121.9429730352127 122.87260043867501 120.96058547383923 117.98070388935433 116.37582297016176 114.10476547474653 113.61707576813737 109.74275206348939 106.13853046033893 101.99610416102001 100.68709121969455 102.67572161726272 101.59522226116316 100.41049209780198 99.328561467680373 97.174166692889557 95.995223107627652 94.264009457289163 93.325984157394018 90.441499537850589 90.348364906090012 90.755757235011771 88.642692559951627 88.127077874437546 87.324836901600833 86.649782014979465 84.773544435278268 82.83950110284097 82.431692562167228 82.54544038640293 81.994001957897211 80.249159724850657 79.390513236529785 78.579356497519242
119.52735942017183 118.65055854244088 117.77956510914247 115.28616601717628 124.7867961390444 126.46558775261853 128.46299928175648 127.39966592164369 123.92402387708403 123.60254973601528 122.24920483955609 120.12098006765903 118.57738442522083 114.41816725117688 110.82846970212834 107.86464371245283 105.15132916378822 104.21113206305144 105.94467633126114 105.67561127767972 103.65393452510892 102.07381991160207 100.01479171657979 98.91760670800744 97.658929617873724 95.955855019670608 95.014373465441238 94.999815941634552 92.085562540588555 90.569843292938458 90.423182462135912 88.80733624432176 87.95941983309902 86.456986038513776 86.584996993483486 84.753046583485286 84.177331800156082 83.380938423599218 82.800911141596686 80.999414805930911 79.31097805774462 78.577621285192492 76.770776927410438
120.76563696663814 119.60649337515331 130.06491831325741 130.40275037404984 133.56399584551161 128.3055530416772 126.85362381346759 125.67003646308342 123.60250615415957 124.06312313873708 121.00043575697012 119.62736340139571 119.36572282264565 110.14195704702306 112.73410936203118 112.04709347900153 110.8639402767308 109.40225961532552 107.00993054673809 106.43232181734942 103.40498191279862 101.8980203486104 100.54983408372838 99.674154817625919 97.616164039166989 96.57625498829411 94.772967628662201 94.760169999646891 93.002111770330046 91.884696473591887 90.493334444696927 87.625749218554816 87.682932563883369 86.246339805463933 85.747771577055005 84.909081852377042 84.12118286210594 83.444951596576601 82.896710370920658 81.065514721245492 79.38897296816981 78.446660169620742 76.882381170611339
130.0960724284871 134.92444344854741 133.61078953405638 133.32197698872133 131.98506502240642 130.27259787671017 128.10609174030358 127.64572393155294 126.27625844377683 123.99733730801114 123.42627467283286 121.96412526583867 117.91358336220721 115.5684386814589 114.92794594729776 112.8292692303549 112.16595467564312 110.0900165875149 107.72229219467644 106.18940337598252 104.06382077183008 102.18431881984702 100.27678295244993 99.258907806825235 98.260807439783576 96.242490344779483 95.381193179528807 94.585621119998493 93.780486794807814 92.289820001273483 89.329591287524195 87.613289590656862 86.97159017713534 86.297363061708396 86.636850067132002 83.905232402203197 84.235419640696762 83.663739054239144 82.705781237416417 82.489733463343043 80.481188223278167 80.498950493284809 80.697053839268733
133.45437759917564 134.11263241117823 133.47600916444358 134.86332397739312 131.97743238934439 128.93227664722269 128.46845139062248 129.33464058153547 127.23499641215329 125.93031913198115 124.37030491783892 123.05725695712292 120.34277021936352 118.05796551596556 117.08854079497624 114.52200070302564 112.16099889866905 109.89275010994994 107.583063395355 106.06675779453958 104.81859782946611 102.57906144489415 100.00904464447558 98.96659314056339 97.831846223287016 96.116227785940808 94.274196645257518 93.529647465904276 92.634840194754588 90.977958917385394 90.468409650646436 89.291259302140475 86.948821766963277 87.202593658981826 86.463202187018652 86.075161804854432 84.164396923265642 82.992700943814853 83.152643969449073 82.377956079823448 82.689146950961813 81.850662959937694 80.077593936194631
138.38568510492831 137.20712549614908 136.02132944567427 134.92689275693581 131.93525008469032 131.73521019140466 130.47876857289833 130.32520144128478 129.91857372301899 127.40321772608553 127.30815506939895 120.79887176954603 121.31877119596332 119.10662704869215 116.70498665305804 114.25638418135054 112.83238810110643 109.72417118277957 107.42898265022262 106.12070316747375 104.69134018840637 102.49414253314211 99.823315316511355 98.978773778040022 97.269601789028869 96.219631224510778 94.181957411331481 92.49653759028179 91.664699602190993 90.923492368888873 90.348426361926144 88.761927799694476 87.908295066335029 87.293158531929578 87.107922305510499 86.168561348995482 84.47403983759547 82.985614401648064 82.608111316039995 82.494229760317907 82.799357867769174 80.894395118847797 80.045589889527122
140.37431219279341 137.50117509320518 137.04680877930986 134.70693501108363 134.45888390821395 134.61060730200521 132.96955622351967 132.03687090129577 131.59053710172947 129.42293309620723 126.01249254101268 124.44180344696022 123.27594922124705 118.78427803726167 117.52915746953124 115.70543756205548 111.7888485916197 110.57825446926478 108.3207158428111 107.01222817521469 105.5551475617729 103.27220432367362 100.72256113529495 99.798781440876809 98.00916304817531 96.883480566096537 94.951984487683674 94.319695085944488 92.651180269953926 91.02012503403671 88.340294570712857 88.745525137544604 88.967787506012584 88.491171480290987 85.743955153901396 85.29852552318691 84.819449925811085 83.140224197720613 82.199549279051624 82.513221561770123 82.014451832899496 81.093264190513509 79.969304200227114
142.01332864933809 139.89546841661306 139.678161359282 137.38564099523254 137.13688227525779 138.36438651213334 136.61811962456048 135.60454957560586 135.18791981386778 131.71866856143248 128.58232873823886 127.34380558671002 124.07644383427774 121.73136985748745 118.35335096022712 117.01153189075592 113.48186864729888 112.42092540743776 110.98398909814746 108.95517443593211 108.40275074990487 105.45191843543267 103.42931400082905 102.61013653135421 99.951125939785655 98.817109207198484 97.276060153615248 96.421456552515977 94.802928517618909 92.887043005948129 92.360561925119157 91.742900505772255 90.350603600395928 88.73170970715509 88.21527949688695 88.570319670027331 86.467981141091201 85.301299175715101 85.355943741999269 83.785614079175815 82.069893628502498 82.291897466598769 81.390944443275004
