codes_tests/data/cartes_pz/Pz_Année1961-1963_Quat_fromProf_V3bis.grd
ncols 211
nrows 221
xllcorner 663900
yllcorner 6152400
cellsize 200
nodata_value 1.7014100000000001E+038
[rows 114 to 132 of 221, columns 0 to 42 of 211]
266.52591416902874 238.23345840678923 230.71718730575276 223.92157773830627 226.20851335596706 220.42620370102571 199.80052869560797 178.14657815422004 156.84424067218757 156.11036122066963 154.92595683786868 151.90495295106822 150.55026750710422 149.36522478137468 149.56249459929523 148.50114681652732 154.42184402441856 167.34129997740487 167.41059894703204 161.44254765907738 157.69606309154233 156.69185251999022 154.66672425706821 153.55051068541675 149.55972285822995 150.64657581634984 150.63501621510571 151.22801630350133 149.90621355085466 146.13085934975908 156.73850801267625 143.89044358018006 142.0643464537842 141.34571603015982 151.40890192290175 153.85608606492386 150.44455262700973 146.8066228375917 144.50979763698564 144.12531333510319 144.76746972825276 144.36551577536437 143.16421687755511
192.91120509301732 199.34767890589117 234.0021385365396 227.18440189386126 204.7164449388338 166.12658002669491 156.47723618617715 172.68711348583972 172.16437293897437 173.11902805535385 176.045159506961 167.26805990017942 160.0508629254156 159.28719184295375 171.19403422176939 184.62090591373848 184.02928623515893 180.25963327731742 170.39431880843389 161.96041735081263 159.62060444560726 157.67738061383724 156.38830585208296 153.48670056164207 152.38845752318031 153.61498659921477 154.28409065069226 154.23529384697855 154.14631979423791 160.41445461477895 163.53111203704242 160.64449882564537 161.38114824187329 153.65924785055662 153.87000165547445 154.544155214521 151.43791477705378 145.52524795610896 145.49633609806872 146.02262535314279 146.02992729934073 143.6670330756906 146.62823436623947
196.34699843854992 255.00774524136756 284.2907698423254 270.81986630781176 222.74776138208716 195.10013618863024 185.36504011801108 183.39493350646373 181.68437261950729 181.74249027021557 177.83774953591163 168.52903214469768 165.59514260381707 163.64408854947774 172.3627334114565 180.6508241445276 180.68039286765614 181.65616592409418 174.36344583913905 170.40004305907956 163.23150750937396 159.20280890153285 156.58719743679825 155.34706409106244 154.59622057521838 156.56596846976336 157.25025046006283 156.46338916849695 157.19268390905819 162.06308694168749 164.18964304837803 163.81236942405869 156.87212136099561 156.00147040271725 156.64225072480278 157.45683806898236 155.20309687497036 153.216284336961 147.78949144349318 147.90169977374657 148.52223492545409 165.78693446209064 153.7363671807193
198.32048979140856 215.63494844994918 260.79850379786916 268.38417760192567 217.21338085476094 196.60707838805746 187.27143956832427 184.6937059519947 183.4346224352598 179.85146654306121 176.38711527444676 172.58425424416458 167.41317734415207 166.46214758179372 171.6702044055788 180.25727691344741 180.45887706415982 176.86847379542485 171.73393858728122 164.99906572415645 160.74768605952158 159.9452864457821 157.51563955286866 157.5279614941139 157.29228837121755 160.12943102197994 159.35578919414723 159.12429700247233 161.97982677289386 163.89238510093503 166.09661249895859 164.84945321207138 163.26136080886164 163.46638977843216 163.34232261082278 165.18477469763752 164.94426410523317 158.78224601540705 155.79262538870364 154.90063025407349 159.4832675018709 194.5755705750974 174.03763335458666
203.14636241360273 217.72063029147179 246.33149040089393 258.18131147753843 219.83634784313074 194.23506264991732 189.39651727096447 185.7405953013259 184.65017603725428 181.48728740275826 178.70116640450971 171.59765802994164 170.51736495503687 170.34382359207171 170.80291429833383 176.16795786568679 170.37387927841604 174.52824384200167 166.70447750534757 160.70901121118555 164.88657664636278 167.13125111594181 163.56391557862278 161.51634518808768 162.71970883491716 165.66295137557512 160.96141292144983 165.09866641159931 167.04077815744517 166.18754261470366 169.61562920546513 171.40379732923182 172.47395330887389 174.27222088600345 172.20922718835854 172.40755400579684 175.77898072160829 169.72439093586252 168.23887911034888 166.98235847502369 180.09129901133352 208.36928189111745 196.06954488392444
206.53349712377127 216.35747210722809 241.39721656325165 248.74485149044111 219.49576282893355 200.83929450722613 193.31906671209319 188.40920368693628 186.516553378808 185.4158788442806 183.21499735897308 175.39021083531406 173.44544446834962 173.42940363667245 171.54013464407123 169.57319601981092 171.24578527935046 171.82251761680018 165.29026713211485 170.06029870313827 204.85125522145304 188.35649455797608 182.47787336874674 174.62324578100413 172.14181136873916 167.88643822686765 164.56756694580255 173.28054269758928 176.02516026994653 175.21810550759656 176.56555193503897 180.26582866004452 183.24850246809379 192.03210137212471 201.48172632400119 201.60874724608234 192.72594606995054 207.17531457151117 205.20988734767616 211.8146122519326 217.30828277366163 198.34903444963211 186.90729816838822
212.95852738296202 228.48465398228407 260.09245222495042 249.85117474945997 219.62680593623975 197.67020702243499 200.24094281619344 196.25136551286806 191.22675133809895 188.53078875872316 190.27896148123415 176.28754464651078 176.62031151976873 176.55500205385195 175.40011248301411 176.44149739193139 177.9863453346905 170.97453000712102 174.49982896526976 215.85524678447379 239.0584154407687 234.30910433954261 248.70710990984176 207.08872843714067 194.35621865984177 178.80678920518793 195.23882037221424 237.8264031184157 218.5729433461338 198.75499559895235 194.36289776472762 191.99415019659702 199.5915705966633 230.72865771989413 267.00673263508935 277.30572620072644 221.85861238130249 263.36446012298677 266.69750998002996 233.00965100600629 247.4159241333106 203.55301967976186 199.46088258400144
217.47584236713482 236.50509745734806 261.05122820564281 218.88942845178198 226.26961079744248 225.65363264907953 250.75643091676349 203.7159849219878 229.16852797297904 202.96376757212613 193.82060674749232 184.88862050223702 181.31472887906057 182.69865307540746 184.90175768628481 198.63926154335164 211.06848670814506 208.6587359899932 232.35595393681706 251.55868246004405 264.66747374080677 305.19754510764903 241.89790037873522 263.20887855253449 225.84122080267136 207.93832611024476 186.48569149672619 239.28643949192991 282.47033297705258 292.98520359561911 254.98091286146405 222.5271389953661 227.90039876476317 268.12102498440601 295.63365838289593 351.1119518318294 269.78007245620205 289.79299010997778 282.70469770199713 291.84724774832847 251.67030435110274 228.17831022185669 200.97244858766061
229.20916936601739 243.06533581961085 230.0715012652818 221.7143410024299 250.10971737314051 270.6388754967499 262.892327711831 219.01235928353958 253.79466812490489 263.8156012677872 227.78930762606674 184.40976122015525 187.70464156708471 199.01286979707658 230.42815067062602 230.75915224340952 239.24959380476707 270.74297704365756 299.89540889907624 288.38689760257284 334.9110747536123 329.09739110388568 300.27381363427321 311.22900926489331 265.91450181884329 257.42224184473679 186.57987458239873 215.9517633391954 277.75505350025736 327.88545097992909 306.01357573041503 289.23872723409056 268.52214992561238 328.76892999596345 340.51741037614033 337.62205126986601 294.77856539003074 329.38098833623008 331.54828901502623 303.19179824157072 231.09411218975214 269.03501284595058 227.68136831166629
235.78093748501379 223.24142260794139 230.78698319292567 230.72121802287015 261.8986893685979 322.55171889396178 268.57589506891554 220.9595410575339 274.76121121006554 290.33033134058968 241.27396883569341 188.37686584102775 191.80182627212105 200.62584359845735 243.56295522007397 286.85225318357413 221.93669273891697 282.07803817963497 336.67986425821732 349.32736516682667 363.09910581849971 310.53740027333373 357.34050781582403 352.29858312194375 316.64213016536229 252.14925812614027 185.61188468475578 231.92373983742246 256.9236279740507 282.4613136192836 305.20993009023323 350.04662364601916 366.6541488454709 357.33315138468151 410.58554880300073 359.80798152386564 395.24075914497922 367.50570799056203 312.56082513192138 250.93933423598276 278.6557387746758 282.5730574351698 258.76062196456945
239.04744527008134 239.37951275799972 248.57755866673617 266.65763501705635 266.5466760197952 296.48969498618487 232.73536538139996 246.54051882151148 294.81051183836149 312.14536506120368 247.31605564768057 192.10778525563126 193.97400193897261 234.52120146392031 241.952234751465 303.31330652351994 267.27133169128848 275.90154818425674 342.56583106452069 382.68001972388032 368.07666943193533 361.76029047112326 386.50929248435204 392.90967501164454 321.8672605926032 214.08245295506296 210.33898364017352 201.83728780045686 250.0249101675096 228.34109196503476 291.48494982207296 315.37797868379755 407.58242747971457 437.06433894342649 440.10522861575851 418.82409988634481 391.96414312379528 340.1909562155609 294.94431693720242 286.82706219330328 305.96683303766775 292.31953808631783 276.87209464406652
278.58497271252941 273.97045689822124 277.27444140146184 309.12499752017237 321.84969731948206 273.92778763187044 258.11612665900719 249.45119008908577 322.22353529826177 307.88529935032449 275.57245240815934 223.69030956302998 196.83656908744152 231.0448990747681 272.26675020865025 291.98398955551573 288.20148789660072 331.31374639105934 316.28138336769331 369.00961396320162 368.70122177655583 380.14848967027916 396.90360018365499 319.93495465779608 268.7179852765459 214.00235058554239 256.73680081747136 198.08888722353075 274.10745618911801 285.72300405099719 279.91843236009481 355.86949565448424 388.84468246196832 412.43196838206177 440.39484768472721 428.13106666936346 378.29764873977535 364.43272396709142 361.20891848115673 325.99381265140562 315.16257178908165 287.80415350217436 264.30658587381419
270.53040592172567 314.8285213244028 325.91565486438589 314.30326929653256 298.92237387320426 244.29076121630416 301.84610702544876 268.64400280419062 305.31482730292316 238.03674838570933 202.56603430499891 195.57847983573271 202.59565343286297 236.33475696396238 315.28725888457024 294.05029445579493 354.30769855601216 338.55978001388013 380.20623820855548 368.82542114132343 333.78104250830376 326.51964954107865 318.01064065137956 275.65817555520562 260.20816905825063 245.69371293731626 290.28096657985839 214.49166755759998 266.56226880204906 332.92960422766004 285.45375821079307 310.86129250011663 323.43739224712198 350.91954314842621 411.66744603529537 444.72179456560474 431.1136444112073 394.33105576073393 348.58821100099254 343.27220832505992 312.9085771347348 291.07669106271419 297.44788851758375
254.5185299883853 280.09425628475634 307.76351587773991 313.55134509354428 276.83391834511781 311.86554337573193 313.22530581489565 319.11033064052606 296.59659378153924 207.36531933746915 241.1929020784612 307.59328078125685 339.77488926467822 360.79062730477023 398.71488819409512 375.1740897251114 395.86674785718765 407.39688212345823 389.74563520850171 375.31602741563205 348.41153830911503 307.97849782642612 329.1677300835546 302.72126629538911 299.28048639598205 314.59257052843896 311.02851810039976 221.99025518737835 275.8008311376193 328.96773580035796 352.32369727832679 336.16610587287119 321.85962684157386 361.75489387286757 405.78872312860744 459.89094824036107 460.58049524489377 389.5038607517526 322.56953593694499 295.45888643346882 277.03875377673995 296.68926454228506 281.25717326893596
252.99817719853499 273.21957273906708 339.94875439631733 296.02847059163327 328.68062768528046 353.56675920159859 350.19728017441963 265.07771420404612 264.27353830818788 263.78517747073647 204.6629585305233 312.09201249271371 398.4912669952264 443.94347101400712 400.42890466607327 455.26276910207645 419.8595130438253 482.45032271839227 435.34238174948609 401.17070197555671 378.23425727845301 364.3766894182221 376.54589551462277 332.35437310038623 320.55997868934458 319.69518517097356 292.4227913507695 259.78410786804056 291.49877190687897 348.29161288993458 383.51964519406476 384.00824717559033 336.57971205823316 373.13855547647097 423.39785797500502 472.25679701344018 513.0801710687681 424.35415459186538 379.78676721440507 360.86155861375721 288.54137220388719 241.36179502425858 238.74175819887225
258.47294298794901 301.15473846300364 329.54238834769069 320.21316219974688 364.95096480599625 398.23829018902666 346.69852184005566 347.53081235759799 347.95595968335914 358.24872917356367 236.52620607966634 267.94849053927516 386.97253126787615 446.53655877604393 476.95336682346726 495.70843426560231 488.8317691014318 539.69932884304296 492.76897306610635 468.67449352954668 415.61362582226741 417.79176260961026 407.56431187148928 390.3814330272773 322.90595335798719 320.98115711830445 330.50946155034654 233.4582970938657 296.07611675019609 354.17585352896378 395.88928939619581 428.06490969320026 392.0478676950467 422.98962746805228 453.51626710031206 512.02744985221739 504.91749701041715 459.20482386019319 431.1339564304559 332.0081790921999 238.11439009039617 259.74599272168422 272.11443332016319
268.90939037015971 335.07365388059122 353.14128203503316 367.54241505086247 382.03283473031195 442.12246682545111 427.12043707623008 412.16263983146558 424.75259611569646 382.86744680963506 300.52136209692799 254.87500787869024 366.89708915880084 460.32944669694052 526.40155443748631 565.63239901035456 581.64008679946494 600.26612665076732 549.05273253346013 526.56877109305026 458.69581467996983 450.2066245035042 429.85196670859119 383.72547520921989 322.10962526566476 361.40954716068586 325.62666490646103 268.07057167163185 314.21613071536115 371.58236608558275 398.91922989772888 428.25552341887732 450.71733656536588 478.11025193460398 464.38543160690131 472.23957945511279 446.06506999919327 403.78999379351234 379.70814743238685 328.20926627649777 263.53009050349812 350.94454391276815 366.78110983350706
353.1175835138261 421.17422790917647 418.06809124499625 400.1626139837889 437.27306710939604 473.9760168890291 481.92317508671488 470.17028341837789 449.11194665871477 360.7248820085041 290.41522070929938 226.82224319700151 340.64659006483174 387.15752891767386 435.34712699811053 499.50988501221326 567.97503904949372 581.76321293643991 600.81235449448263 567.26018201861677 501.36713923842098 494.33686473282387 425.23258379486185 363.29456054045755 393.83752687006535 402.41035758882816 328.09168939692984 282.18255746228795 291.58145409130179 319.53974156023202 379.96695550613111 412.40152840226222 478.64208256265323 480.07304231563796 409.72407832080955 407.3172681532991 404.76692919904843 367.04532298358498 299.35788840090783 274.6072959380536 292.14726128380289 389.58355763515283 412.3422596428951
411.424367575362 451.97690640167082 482.14125629962876 437.07824318207872 457.59900888946135 514.80578843626154 527.92700611617818 535.62188065189025 494.3306252861002 400.43475120692449 348.64173916948465 244.26730887807508 256.14626921742331 305.32786497833501 386.17947233309138 424.46532086062757 466.5086699061365 506.80671812683335 583.06489549064861 570.56727063862684 493.42975958158542 450.14573005768267 407.12943589753172 419.52741285084255 453.19273539329413 412.41351177342301 310.92122504031488 312.17871150844212 354.6168542592074 344.71458340146665 359.05502296066754 401.93552002769894 445.93883978980625 452.09227697948756 431.02633538609956 392.36565017256203 350.57775483261281 330.44870947900785 329.82303838597903 327.17705517742604 279.54872598503107 323.73291740365272 341.60775623836292
