codes_tests/data/cartes_pz/Pz_Année1961-1963_Quat_fromProf_V3bis.grd
ncols 211
nrows 221
xllcorner 663900
yllcorner 6152400
cellsize 200
nodata_value 1.7014100000000001E+038
[rows 95 to 113 of 221, columns 0 to 42 of 211]
456.1564450347206 443.18076423922645 440.92440921548859 444.26393833266241 436.11087941404537 429.5051096454838 430.96025979618196 427.70690176260189 427.85393561701181 424.75492701600831 420.64528792776423 426.32461394840385 412.47776423295602 398.69516186367849 397.658752747221 391.78556574919088 385.96885930699085 363.93400512808012 373.85064957717941 355.91091863740013 329.36090625131641 285.23220066338547 266.32929234367083 250.28552417205483 203.19100315740232 224.80608257310178 262.34864819899639 275.08662152548743 266.83317510396478 246.87437785527092 237.86528973535792 224.80317060093924 223.46895892237711 202.66697362583884 163.35466031685093 164.66595317446411 122.68384745418065 114.58080768672446 114.70855317064876 114.12445954319705 112.80945466387224 109.7404563539728 108.02494312343816
465.95055391050744 465.34172703405466 441.34356697625861 438.88847853022924 444.51539647881896 432.2320693318502 429.44573274120211 427.00823494164609 430.51221964683555 436.06877493190899 432.43021244730772 439.56272866313856 426.05645466001738 411.41993497206744 395.5695628721125 380.46093790559098 369.78799060622271 355.98772810275409 349.83780841316741 348.65409043482964 329.43065351798691 295.83539721862314 282.39005928390293 266.43945265827296 209.58697442456915 235.57825948650108 240.5285098892746 254.80749956038332 240.0249301965631 208.45186769161975 220.70047281014138 186.26359471267764 185.76913830580139 154.84090376561539 118.25377857546287 114.45432322656129 113.53409414117441 112.51921667650571 109.69988432618953 110.76187648954856 108.88109444340704 108.61495899351705 109.5137762426162
446.98371012375327 449.14183159250365 447.52922900037146 436.16950228696351 431.30924563498593 425.19633531640346 421.51681191934262 415.60331454658797 412.3249054568609 414.5755028971937 412.59033508434931 416.26713415756137 423.94043333044954 396.46428301251296 387.85827051406608 376.75224351772169 361.78670899181265 344.6003564484617 332.46135377169776 325.88245131338681 334.7476957980511 316.04874320184916 289.72787079178306 274.77434138565633 251.03722073460244 199.2930768200992 208.09024633115524 215.39512877986823 219.17095027961648 195.09034326902233 163.0208547359488 131.26106182349079 119.82467666256568 118.01392547113794 119.78049539736288 120.54791534324339 117.39565035268802 115.84401881443706 113.76385747573258 112.55978541463766 112.19751273269389 111.28879477247807 114.55911991337997
443.44541335894627 443.81580912568876 438.68388048431075 429.81519614688176 422.86590670713474 417.1630116302324 411.70895086645601 407.86730452866607 397.13732551105852 395.31184745934297 394.02485385639119 391.24161107671296 382.22920628687478 372.22860293336026 364.94506308099676 366.92072476112548 360.37524527876803 345.53889708964618 313.66651549833921 301.23517810529461 277.57753561377689 298.48556513424381 283.16116737567455 269.77717522318574 254.44031153770339 226.96973798051613 160.51238217555979 159.75258748978388 161.73883757723641 149.94112358504131 119.31939180957997 122.6277381475894 118.58080859334399 119.76037292083512 118.81208771584855 120.26661747091291 119.70982214493895 119.64122887491729 116.16585408543455 116.38410903353775 116.69568110190303 116.4966762987269 115.56317890398699
441.98791843348215 445.76944183376082 432.41830716431355 425.53255026749275 404.66735992622228 390.47323846206427 402.50055086765525 399.67202144193732 400.34408378626733 390.46309658553241 387.22916092721005 381.81150447839832 366.9314038247303 344.00498859169852 347.77561070513025 351.1059098352988 340.84355650129379 335.30135795393852 311.48995836476246 292.3244184499697 260.09782957575982 248.40634645655535 245.86131284831157 235.93197918145148 220.67847510078388 213.84693347132108 172.38604930153721 134.19365416303816 129.92242053007226 124.73264877744224 123.67197259272514 119.81442016707121 119.74500732927446 120.76008727129958 124.43430962092134 124.89143574325023 121.46941758085445 121.66901273366922 121.62865036163846 119.63543668619624 118.37529766469429 117.35254608212234 116.54786261566539
436.39929301233877 430.3431354552398 427.62150539681051 417.87736137853909 396.24012965377176 374.3433593657486 397.7732111519623 392.4560165957954 399.93177687771691 387.91716903232617 377.02139470017624 365.42453458096571 353.7745339743916 343.64673160283894 330.35537859334926 332.8229676364445 317.79675734460352 318.12321270722765 302.02705602290138 289.66645550253997 263.14105705992046 254.30022581062309 215.96894665398594 209.61814050835301 210.46939850613859 173.05437418617598 142.24927585131056 135.27527957895688 124.78775084230659 124.74065580390821 120.40753816129217 124.34244763555577 121.79255805950085 123.61957654491816 125.84095688876073 125.77335620397291 124.76313717878605 122.70477748600653 121.74319281002907 119.92984470369296 119.72673271353761 117.64589207817258 117.59508527243415
416.97142400774277 423.92421005425547 424.05918424703697 393.3101049351967 365.00315404545449 363.89216761387434 366.24446146349004 393.94302014508099 380.49966400666051 375.84327298056883 373.06605458657771 357.67480597353858 343.31408906965913 344.05596642822474 321.5286327408258 307.69836865859554 302.25578907057451 296.01783906236579 274.85592461938933 268.06209340444309 249.35532198030697 239.16816161819878 229.40254576324597 186.21530458238806 157.66697327642942 169.59446172870688 156.77364491593278 164.12248426830214 124.19755182039695 123.99306084002646 124.82302917049653 124.53522400576284 122.75634942261689 124.80176925871405 128.52359704528425 126.81930341933678 125.74299580969235 124.4535642927969 122.61113579582387 120.71374150168815 119.69436836009687 119.68978481589819 117.74936381366189
403.75043277367752 389.42054857124549 397.5057098358252 399.39157130991816 375.57340429088862 359.90498791888081 352.1101045355627 359.4765843343597 369.77291969865229 366.8464401362852 375.98231463892148 351.94168796673017 341.16146062262584 328.18320276532648 310.76814982224244 295.06214472774576 289.91791626711364 259.0854280294925 278.60947634370302 249.58095116730377 244.16332823090053 221.85503639268921 213.47185063368022 177.94004215331151 148.565689276597 146.49146658450212 172.33175696813382 174.34415276421433 125.33913072037973 127.35528850082733 126.60983334016842 126.57256719881011 127.70695776321099 130.84960002215666 128.75701702959017 127.63369686566628 125.77785723473761 124.57367394496055 122.71034884976353 121.6187813439181 120.59206641539208 119.59064354396435 118.47716413551855
408.95324616528637 402.32054394899433 396.86127365416877 392.33890009845237 368.0092749901392 358.00651738031809 340.99077421822204 351.96604763675276 361.3180075851887 358.10422017392278 351.42215740748958 356.65561686020334 351.14039570919192 299.38122079398192 308.05459939146306 274.78987395534079 275.15194139788042 263.88675096124263 236.58625766059683 230.83043172538345 231.70339556933104 198.79116288698052 174.621591221258 151.85693788785969 179.71598396534526 140.00642589206927 135.91375739778763 129.4087056885746 127.32228001559706 129.68060249853946 127.56844048137816 128.59674268086579 130.88865179441751 130.83039313699106 129.70500086571451 128.44442087879841 126.7603067839184 124.71104405785519 123.61340606318863 122.62452960579239 121.59779134502314 120.22749703774063 119.29793868203214
391.2944342562493 401.49497790131045 358.47712972095115 377.39007957932762 382.21922326628118 350.72846461994015 322.03000436336373 331.56837083335711 350.04493723475713 350.07887245379328 366.89543019192934 336.07180362868456 307.49990566801313 287.56677217427585 261.71706388251346 254.00077005493762 250.6474551064957 249.13142559541129 230.6427968889129 205.04022892224069 195.44819576176735 162.7879649519185 148.8673843478889 142.69348316661015 141.00205091726724 135.50964098496638 133.54198796630212 131.71659907050537 129.19634277682965 129.22918402338311 126.764795010209 131.67719019271544 132.45485065824869 131.69605140530322 130.59284250345601 128.64975339211637 127.55969539527815 125.52727197308498 124.60052997236933 124.23130670222137 121.34063367792385 119.60782269114431 119.34162216782376
359.34258896489064 353.94413866904836 347.48101616037548 400.83962989745248 402.46382344957397 375.80043561650439 349.72656176899159 317.79887601296571 326.69383279196933 349.09283913093338 363.39502734949923 379.75752235052073 339.55040565437127 326.23126095677446 306.14089601689284 282.37962313637945 270.07016841464986 205.45073106533155 245.24478912877532 251.58049608837462 209.90416688036987 195.11284766070617 189.79287198380854 192.05455449759251 134.59512785638802 133.85056430810681 131.66935071527794 129.6075837689954 130.70582428154125 132.63640344793222 133.20275157976198 134.87182156703875 133.71695074719477 132.55479725117473 131.64350579443573 130.56073794149353 128.58241726419897 127.10469364831113 124.41003618234227 124.31509172078508 122.26447083578157 121.10978627917228 120.14653865130551
356.87731511722382 351.93217145400922 314.30689766209775 359.02930222194493 362.44884455769284 360.44473869381278 368.08487796699416 318.10726980279264 296.39469562554223 318.18525864980086 330.28022941514945 330.40916541943562 327.42223500331187 298.70093489802048 285.49922693572114 281.09240024344336 252.98532100932391 247.00717243822027 179.29283834322305 207.78726326603933 176.51328838353319 157.82961810369693 158.2743741450754 143.95962503731641 134.69123902823983 134.47759477646548 129.12635918933853 135.07017121334809 133.38046169877171 136.65081510007897 137.70824848990429 135.65097300846429 134.58806549226679 132.62449929292177 131.57111486654333 130.72662360586992 129.44063753536628 128.40401480446349 127.06704147203835 124.36734737565266 123.13321957880119 121.17053945393178 120.84629005147346
407.1158788658305 389.62572708197308 353.30583194036859 303.61088623876753 295.12479291600505 328.75228147699255 335.14472688493504 315.03267088465674 288.69454176492798 328.7939081996638 309.06359676772684 299.17457221673754 319.38233060794272 301.92895752495275 268.34702610198298 281.48594158555409 259.88412028022981 232.94345267985253 228.68018612794262 154.69649144922911 137.257495128486 137.19997700366741 134.88448186404395 134.33485728298641 134.65600384802229 134.87142883633751 131.99088922915931 141.99135443022547 141.82554409541859 139.82509424548502 137.60282997764546 136.56333376702256 134.32346967993132 133.35773053776572 131.58975948258751 129.53408855300268 130.44454880944494 128.24712302925107 126.15858374490293 124.22412252227737 123.19311579510861 121.98824542681963 120.95307161338431
419.71352011612805 380.93099700652823 357.43133527366945 311.77521126485533 256.72306696480013 255.2925786877145 302.05036697901494 287.57960305179029 276.83191662979959 325.09712148621264 307.45182715093466 286.89798832875363 281.73882229343576 287.2239948128888 266.33280671403566 245.78808028241122 223.48044278807075 223.87527400326888 154.21118120559774 137.12943499891662 139.69059794437138 139.68671594915477 138.88610725789204 139.63996260827639 136.70798307841608 141.26829396665494 141.41285321765241 141.72300118734174 140.61551353570042 139.43589144269262 137.70776409517634 136.64945235238264 136.52349013279289 134.38058303427664 133.23253226258893 131.41635889905564 130.21583181294889 128.2872795443987 126.83680459572713 126.96312432971027 121.85718373628561 121.86544144778851 121.64335726340458
410.39812529561806 427.83313303677363 365.04242373144899 330.91153443617719 276.7256824166551 239.49791496739834 294.4312287984344 316.22042685316131 275.27258031703371 271.20144930728821 282.09960147314905 274.25148236177563 241.38925382758359 279.94947594390084 250.5388530636682 234.51849158558639 217.7172450834428 140.83172594465853 140.2907121063902 143.59024747446028 148.22838395097384 148.23994254501366 138.27111781775625 140.36046273127897 149.44973648033664 148.48345201200681 143.68583599229467 142.73989849209136 141.69460314597416 140.5241105866825 138.42967102803431 136.53461977511742 134.54285182542526 134.51522722641354 133.47463669535179 132.05478698262596 131.11885508268844 128.78791126222464 127.08117468956043 126.5716800367817 125.79703090483677 123.03285185646821 125.26127310874675
399.70409949733323 410.02307118163424 401.79076893136471 342.55043969050598 244.26940759914484 222.42808990665938 227.37115282451273 221.18803461333124 256.24656982293038 264.10733188359831 231.51976005499264 228.94878616143197 211.93817733742816 202.09962013040874 202.56621406027784 166.48419038678787 144.3972121152172 144.12475903284167 152.62480566595312 155.46245505314897 152.64090013370529 151.25952919136378 153.77372814368556 152.96339635036094 151.4392086909842 148.58634633699842 146.71479630553719 144.53683958222032 142.58328999383954 140.83972301422008 139.76658576044781 139.26889921630001 136.28292950646801 135.32575749990835 133.35253783668051 132.23539753768915 132.20545709226786 130.51243365237971 126.71224082318123 126.67369849724491 126.52359611870746 137.84560569497651 136.09265821820816
383.46655898376105 370.53699177388836 370.40830720963459 345.16147490954432 344.80338490184374 315.08308652324837 284.51857202917495 257.70323750288406 202.8842654499135 294.32049317331195 276.99261737355891 253.52613315049118 234.00831000524039 200.91331225939237 152.90145514339122 147.65879526010045 142.56608534035831 153.24449812476433 154.68011434066551 154.64438997389024 155.50725101572903 155.53169524923675 155.45985876543429 152.74734302287797 151.68240958538289 148.60523327893824 146.59818681716189 144.62006164883556 142.32672289203163 140.37873531717023 140.438675701286 138.50121731050893 138.12807717790295 136.00811755938915 134.29072878131754 133.19017781439678 134.67895047113032 133.81972518604974 129.8962254995956 137.89107102114849 143.96613039678866 140.46235534302932 138.44824907444632
419.14511706089564 392.80191136055828 361.88817174579737 345.69121303709113 349.85108245140634 310.81228722204122 308.24861218495636 267.36863761392453 210.7336141831293 224.09812625373914 228.22183703138921 200.59232086490195 201.37449675089184 153.9852380957991 149.66003218235886 147.54590360857907 143.64416131881586 150.99893295655079 157.71257489909902 156.72700633010444 156.71606541088707 155.74609445047224 153.714247689042 151.69788951573594 151.58606342832667 148.61404343003244 146.67938687540041 144.61125430646976 143.80238002536248 142.32098427567382 141.47770960436756 141.23511123939431 140.08152794709935 138.1759675566388 135.84986504455244 134.05332366741592 134.23775320098306 136.62171268411322 145.27466330367508 143.19578189275512 140.36664660066077 141.30327170484182 140.05995318982448
384.64667245889069 360.59610547081314 315.98645149052231 318.01946736868052 321.11537498713074 312.33444443041253 281.43904585005708 259.505308342425 238.23661491122601 185.35470014844429 172.50786774675038 162.26300659110396 152.86437320354636 151.91649287984589 151.38877063270388 148.32663970987608 145.75081186935387 159.54504581982303 162.47060582511358 159.61667598599055 157.5939368706282 155.728189765595 153.66705995159018 153.40182343780592 151.68816274126374 149.82339124301893 147.39587960520433 147.36656362455665 146.34325161379738 144.51592845347395 144.23356492819639 144.24511149329695 141.94080641713293 137.90437320248031 134.16486087587904 135.87010224298078 146.93208751901173 146.85785319866571 145.51556360193604 143.40610097839757 143.23722337612142 142.52518228930245 142.29051371478565
