codes_tests/data/cartes_pz/Pz_Année1961-1963_Plio_v5corr.grd
ncols 211
nrows 221
xllcorner 663900
yllcorner 6152400
cellsize 200
nodata_value 1.7014100000000001E+038
[rows 57 to 75 of 221, columns 86 to 128 of 211]
87.501434664699303 85.795885774436542 84.018745771284642 84.676987189972593 82.775375047709588 80.864523211621162 78.512721598103496 76.581162587258405 74.738805861357974 72.819112657136387 70.850869177611997 68.90880173095664 66.331321363451067 64.458060816144155 62.555402156641215 60.454798838098498 56.733835470315988 54.954920992688578 53.198803861893339 51.35841531831538 49.380883164216968 47.501299039996567 45.568823768054941 43.807637608165464 42.082312721443373 40.444114194440225 38.879926622262012 37.412063829585037 36.009629898283173 34.667152971379494 33.386450365552456 32.127157098401348 30.952565021569949 29.940812350364752 28.888758073871251 27.939242304136979 27.059797206992226 26.145537664990226 25.343639951076558 24.558152083944957 23.688030652073124 22.853358809602629 21.994914359964394
87.360384799210578 85.711569867161458 83.981189762780474 84.637922761549618 82.784351314093428 80.92549390427304 78.618195542968124 76.743950517348523 74.971288069531298 73.124162942893307 71.239329025823196 69.378080335438881 66.916023876617729 65.15018252107393 63.366700200717581 61.403823199185361 57.893680579106075 56.247299689591401 54.609336439824553 52.873860410247062 51.034529365627193 49.221535984495922 47.33187901727711 45.569093483420055 43.804326006386894 42.096432602487823 40.440777831470854 38.873837297944277 37.378371027702798 35.952934129340889 34.597800399961876 33.321747416651668 32.095868983252856 30.959226391801515 29.867071506764741 28.914010273901361 28.056241748350985 27.194090699110596 26.400317943944749 25.599443779847771 24.687701446624587 23.814556744399784 22.905861703983383
87.069290191295664 85.539391438729169 83.877917581909017 84.497548299597511 82.717355417072838 80.934582002036123 78.68945733887557 76.833477556837209 75.16617799562583 73.417915308838317 71.639715260828439 69.864859608695554 67.367398812759959 65.782220820166202 64.168331375102909 62.392635641672975 59.038779878226102 57.527605155941778 56.01121499129674 54.461808264060799 52.614652658879038 50.856560512646396 48.886530490578139 47.148378628818023 45.334176749778862 43.55294120574105 41.822656018847248 40.189431685522237 38.650069117415555 37.187359713167901 35.791456523458756 34.52684973321773 33.246639876166007 31.998144174070159 30.847285199682283 29.870946604587626 29.051919596021364 28.249143508881502 27.493047308968606 26.655626627112486 25.764384994372708 24.775134320390013 23.861342451533815
86.902519041792544 85.436611207816867 83.817148289110889 84.426270738799559 82.69425311811429 80.964078390044833 78.764002155842945 76.969373498618822 75.371752836261066 73.696310952086463 72.004502108412865 70.316081132855601 67.942642033053758 66.456183910822546 64.954437736238518 63.314302411642686 60.198650960374785 58.846604153037802 57.489076840444682 56.095599924208081 54.321235179881597 52.535711025961461 50.540089159086797 48.740750648282464 46.866412467930985 45.027608654084439 43.258735391747436 41.600403729284849 40.023332754887477 38.52120101642965 37.085218133573413 35.719567458595442 34.42195210976633 33.143512598857889 31.912558009632743 30.822728947580643 30.164209780601791 29.447732186366025 28.701652520806082 27.818471763068182 26.866534000702053 25.785707647321988 24.833922948608979
86.956657883032364 85.372148596359381 83.779650411066228 84.356128521718517 82.665415874566165 80.9812605156214 78.825722991712311 77.07932787497306 75.547714180783743 73.944955270451842 72.32877604932095 70.532248139592781 68.459097432327042 67.070338564451077 65.679378138825811 64.17576003858251 61.309361853346687 60.130983201227018 58.970059368727398 57.7203898253711 56.000573169405634 54.156950142063046 52.075178609707706 50.108467687922136 48.255158109685439 46.406441340487632 44.620470619943532 42.933936979983386 41.349538916319993 39.833780267453342 38.376233857308335 36.977901801496216 35.653178376210413 34.372452442680576 33.18081725842309 32.165126858220972 31.474207061313752 30.784771890814262 29.996211532198746 29.020089597701269 27.982958124911207 26.888444367675106 25.879139382351486
86.763127631163741 85.210646749994083 83.657633534761985 84.22390613099364 82.579484201205645 80.945275192456563 78.831496028026024 77.141269575488806 75.67269990089757 74.136284612886556 72.600683635965737 70.881218215093057 68.909554898863718 67.60286800038547 66.301942340916284 64.907130727367289 62.252893584910865 61.263901256614112 60.342903984132832 59.33965517163351 57.629187068987846 55.639471870951319 53.446418746122234 51.431539134004247 49.541036139568995 47.669442210179355 45.876066106133287 44.18082902979274 42.572216552564853 41.063731499445446 39.599214618957987 38.204117986349573 36.901088464687241 35.667133915823165 34.550407738483962 33.612011368867314 32.863411547297027 32.211128339279391 31.360597753787498 30.243180952806011 29.088149002751578 27.895816041329873 26.767480399523887
86.602168552231873 85.058433458195196 83.536522901668178 84.164390752013119 82.342064187575971 80.781108063152431 78.718406280837442 76.560163777139394 75.266243658814005 73.894061192133066 72.524495878659209 71.143606755810978 69.313104912132658 68.062585753833176 66.820559474111064 65.516330831101129 63.055095391777598 62.221897031607575 61.506353073983021 60.808325341041204 58.947851462789458 56.756320838388717 54.563196524844685 52.546509504961783 50.588611774615941 48.719669072024388 46.934100009257314 45.245240050436131 43.637023340559573 42.205387231189782 40.766388312645752 39.367346497382783 38.094575621547527 36.884333021814385 35.829357947043462 34.917628259884779 34.119709890463241 33.462264385153247 32.623638051144724 31.50786472252317 30.105048200163502 28.825260354309833 27.615000256857922
86.22135911821313 82.571776851387199 81.391317823810681 82.515005209366791 81.208029636494302 79.839156913530886 77.899858915737198 76.154402273626104 74.960434933791674 73.699806878276618 72.439428706589965 71.191812521328288 69.446022144882079 68.284104071076626 67.207754586256684 65.958445459897234 63.501625446105734 62.673411094161942 61.926775430735184 60.999526395844157 59.464635732979872 57.482796274836176 55.398902241362912 53.380867678629784 51.487304879943103 49.673353802301193 47.93605684761387 46.276107394469044 44.69576567728668 43.20060143246377 41.76759365725205 40.482038644063245 39.24243897933389 38.059616693401836 37.027874763524466 36.093968193585489 35.224422821079543 34.447753102332719 33.692738644243164 32.483359524911002 31.13156579915751 29.783220685850644 28.5344767428045
85.945388851112583 82.436089141237929 81.27833367365632 82.358264550589823 81.077969766567463 79.739524589292188 77.818264196870985 76.547263745118414 74.996145099545629 73.773366269606555 72.553573929204646 71.332713855882517 69.624344921088849 68.487318787806416 67.396480934654051 66.178409919123936 63.756243560238069 62.877460584670622 62.008919197250137 60.953229223667059 59.502687166225265 57.794810009619695 55.884290724957168 53.97501339005759 52.184225324295554 50.441200491826528 48.776771325510907 47.169610662150902 45.626293657512207 44.166173617730607 42.758665072958017 41.496811659642617 40.278872002371536 39.101936898861837 38.064955861181744 37.097853970747202 36.139505373141354 35.229800067537028 34.311528536169 33.137190792113486 31.861728877583534 30.524532117516678 29.247350399239551
85.636266834354785 84.307751609521375 81.127449394682515 81.884714823457529 80.507447463911959 79.590703207294851 77.687247462373833 76.428305513277152 75.210983532109395 73.7643663681296 72.570105855396932 71.365526863935997 69.689580923833844 68.574309868870884 67.468456993877439 66.245606475820367 63.824134252828628 62.88889633501126 61.954862729105386 60.861577041227342 59.500740967334224 57.916331575404605 56.160420291820948 54.364168173758046 52.69736905992891 51.053336093892618 49.476009016617425 47.931466777665072 46.450750411654376 45.022210105499099 43.646333436212778 42.394393278774018 41.203619985037861 40.019409790849487 38.978855795314743 37.97060926491244 36.925763865941562 35.895582399301368 34.884162814519222 33.714495735769397 32.47327064482257 31.179843614428616 29.888882293026523
85.2926519057539 83.989298365410491 82.611139664225803 81.65555838874208 80.409883917594541 79.065135319291343 77.507317415808075 76.25213395593272 75.047371811846304 73.672848470816533 72.498546598050908 71.30286791622099 69.661489798853864 68.553278226705416 67.440730440065479 66.252684458417704 63.80024900287664 62.813973732740607 61.855257998188627 60.757733198598494 59.432599059069517 58.038085086279132 56.306031711758024 54.603216948759403 53.060645430225421 51.522460069839525 50.044584152853616 48.570587546065276 47.151112631513037 45.787683712015586 44.456420854172919 43.180608531777565 41.994575175278221 40.835808841516837 39.705464129254736 38.741835602892671 37.624248074647618 36.501557248882811 35.441540556449965 34.280955303316432 33.055228286704889 31.782019498896794 30.475239365879233
84.913551163949336 83.632869796667222 82.280336742323712 81.38376662879719 80.159065731265144 78.928863693518991 77.056433156579217 75.79979862273737 74.634489119040978 73.306469048770055 72.130620980542488 70.929088309083909 69.292082111695663 68.170123349755883 67.092534930905117 65.891409081188399 63.420441051006812 62.448264850233258 61.477705416527428 60.390307454645701 59.137680546767399 57.832027982398415 56.113746047260079 54.587309482419471 53.298220144007558 51.860712682407424 50.483654657549543 49.091218763311062 47.735959820407892 46.437945145778862 45.134539316180515 43.851201352762054 42.669070240685279 41.480930408575702 40.388567771986452 39.351607706550695 38.182070179773341 37.05750910002839 35.959923350797681 34.773659190644992 33.600755905354767 32.372870857529925 31.123044374767936
84.49830339866547 83.23786009393136 81.909156552206724 81.069350664910644 79.863875533397177 78.649874739226007 76.825589103848017 75.502612972760801 74.344687655630409 73.055428126107486 71.906652653479085 70.715663570185683 69.149048009751041 67.967033701339474 66.829213114942519 65.704723670682952 63.253356089467403 62.265874493636524 61.292360283897331 60.22574069549345 58.972365053114572 57.764273720237071 56.080456230227462 54.615053100667275 53.446075818490314 52.106056065633048 50.831954189527863 49.517498266434266 48.229853854783194 46.988761220750654 45.767974560819411 44.47300770438796 43.2846015777627 42.1425100290732 41.047141810182296 39.973522808363448 38.779423871024321 37.591770202032428 36.472619939412013 35.276110075242592 34.102133596835522 32.877009948562218 31.679400035979882
84.046554852080675 82.804006424266589 81.497457687666454 81.925417737516028 79.521847175561831 78.313136217584358 76.468587972313188 75.142875449916673 73.990569694134237 72.748860861788089 71.622475736501386 70.431575677169732 68.890626690166911 67.70412076660314 66.575691229399055 65.4125614351439 63.099752498124793 62.066021485110106 61.09620407183656 60.05037488793019 58.803141272902408 57.637648100644462 56.188260886343009 54.575982862276412 53.514495312951738 52.264268298997756 51.085375228005567 49.847374300903205 48.627948397026074 47.445793960984879 46.275501597590655 45.058692766287955 43.83311368444302 42.739313790249646 41.650986752957408 40.568962955979998 39.350337089383935 38.103941749423271 36.976569946249498 35.774423718354029 34.596682166852112 33.372721357921058 32.226187001827334
95.078670972193137 93.191978946405229 91.297249079672355 89.605466287059699 86.900890182589151 85.205170408462394 82.850173599078275 81.048963359438559 73.57744973001418 72.351442216199402 71.257470781047445 70.083205808482674 68.574056867694054 67.441041366874984 66.293000081625934 65.150383205217409 62.894898525113938 61.906903026252024 60.954576994214129 59.871881444993335 58.617937453681073 57.50503297990192 56.082545569492524 54.676118954968643 53.514602798837039 52.346437792599389 51.252630292566806 50.088371811846628 48.936598193910839 47.814440430862263 46.697705435024197 45.524835694695838 44.404545281658251 43.238540310591866 42.199887599931856 41.118394510233841 39.892943335235991 38.612997651307438 37.471069262759137 36.265502828953089 35.081290251823212 33.86423694033769 32.777521762968384
95.317295531460957 93.395449067212397 91.47396286054699 89.696577940926062 87.837308127396497 85.319804323671278 82.902900905535958 81.062182680351015 79.421458113676337 77.732176383968863 76.22260135610648 74.146434841305663 68.219325598201138 67.101060885167399 65.985853505660288 64.870174889054994 62.652329760539018 61.692309228028677 60.754537189125472 59.68994335261489 58.421201606554405 57.208066876870845 55.943273918806327 54.543837203001587 53.666574440013861 52.360468486781706 51.341590546920479 50.247797712893288 49.162467859991274 48.100848471455571 47.040553280586494 45.918303478747895 44.849934339311581 43.711281532813381 42.699949172555911 41.626223156195131 40.408129912759399 39.114714276471943 38.050550883382869 36.754018562502125 35.561261215930791 34.349829077592574 33.365725646862067
94.368650397769258 92.474984464929676 90.584751194941262 88.836420415796553 87.01210694501215 85.22645165939484 82.155252356286397 80.3288526616453 78.731655670369108 77.087359766682084 75.746369235611169 73.596662510089203 67.840707148989367 66.741376422777819 65.644986347875346 64.574150413171708 62.256041406476278 61.468327420357333 60.548080046977397 59.503187878575766 58.217767869494665 57.032331067836424 55.785753867384905 54.376548321713862 53.534595382030972 52.544483129632951 51.359020481407477 50.331267695210649 49.310288864507129 48.30921446109538 47.307924748421797 46.275887864318413 45.235574599648309 44.190013708832389 43.115691646015726 42.096815352362817 40.897856160786468 39.609316817095142 38.532693155009042 37.237255241142392 36.036241776426778 34.824751654418371 33.899050075400837
93.424600782471259 91.606106568422703 89.74440295299344 88.043106014869309 86.258102494116017 84.508184624815271 81.357763904681534 79.595834501307166 78.075139693202885 76.460980087235157 75.181080791273573 73.17416813694085 67.439492022569212 66.366978672762144 65.297525548395129 64.229278899711645 61.954519261407221 61.251751307817358 60.350952918304031 59.322877363931099 57.937162803830624 56.773034694564032 55.573760247379511 53.99668011500669 53.216527019976724 52.241676959775418 51.096530081745691 50.126273215655061 49.163938340752416 48.431609687126056 47.485213405745931 46.543334778346868 45.550779258580867 44.64157270835328 43.579186891148659 42.549129787206979 41.383748629746108 40.279344798184525 39.017470235075812 37.684553519763611 36.504413564800494 35.290355051336135 34.135112304642512
92.287263966658472 90.481442540273719 88.650137756095546 86.987135189434539 85.234447412766542 83.520697366677666 81.118853185712155 78.694368154262364 77.154981784537654 75.718961259448719 74.513726585267463 72.574072480405803 67.025806941514517 65.976342722827226 64.930470544612817 63.88936678468891 61.673325884474174 60.708319401731174 60.11779208652964 59.110474651468714 57.724802565125415 56.588533525591004 55.398968882930539 53.981373702491439 53.069142879493469 52.138924659633496 51.291968377072905 50.101343088115129 49.193536594569395 48.521955851593894 47.630829864414004 46.76897721594068 45.830281462306729 44.984060450402396 44.033508301417967 42.967126064903347 41.828266319469996 40.704101942573132 39.461364378598596 38.129708549657856 36.94250897898241 35.727267531962966 34.58869633061979
