codes_tests/data/cartes_pz/Pz_Année1961-1963_Plio_v5corr.grd
ncols 211
nrows 221
xllcorner 663900
yllcorner 6152400
cellsize 200
nodata_value 1.7014100000000001E+038
[rows 76 to 94 of 221, columns 0 to 42 of 211]
291.03907333607765 286.94175886100555 284.78468028044853 282.20181877357027 279.75442473979473 276.8420789291614 272.76123602940669 268.85764180485222 265.55378213015626 260.78088300837538 254.76436265126731 248.7527054084747 245.69365958676246 241.34551944720192 236.86802930179823 231.43474065963582 227.30304927831895 221.22362228770436 216.97033143395313 213.10592023955525 208.86652568053688 212.00844552723893 211.30104008588842 203.55199826238095 196.20422925249204 188.62466167836192 181.41915418681947 175.20519028745912 170.44631922596312 166.60570843945104 162.48669790839097 158.3271256411648 154.84412638537194 150.7994290573593 151.14494783268847 143.92062477086751 141.12804463425124 131.07151091022462 129.58202326818525 128.13430277922828 126.63732612339557 124.98712343543426 123.71279635765981
284.36136846535265 280.14049644959186 278.04218377110715 275.98002098907511 273.50379406087558 270.61874196583739 267.06095530735109 263.20438628926945 259.59885963063107 255.56104824417406 249.8601160509769 247.18077907696656 241.01438722746124 236.81264745811077 232.33954146792826 227.9049994594798 222.9831002255404 216.96885341800999 212.75990642691488 209.1324546534679 204.65803471401188 207.49800083887416 206.31856800512924 199.47965941958319 191.64590907255024 184.0547822209337 177.44573018052142 172.35864399433649 167.28616314842537 163.45806751768851 159.61036299907778 155.92218454266572 152.81980963668326 149.18959952422267 149.47918810184487 142.90234261497807 140.33687163958172 131.43215803210961 129.89357987396002 128.32945429342129 126.85214155804906 125.15614702392139 123.79519367967406
277.75068477127326 273.42806505541319 271.48275899119636 269.58030676398425 267.27365933690646 264.58753649900422 261.26048862137401 257.50515739298697 254.00347666020366 250.37307078012975 245.05534596178336 242.37987852338051 236.32662751244035 232.23685958324185 228.19073564737377 223.3505031270289 218.75762221426197 212.79669721273928 208.63625334720103 204.99567900873097 200.56642073275168 202.94110713230825 203.0493222209634 194.7078976492885 188.04727900301077 180.30217744384936 173.51208770405901 168.63386476009691 163.86480228437466 160.06974462035643 156.78433025636986 153.70568316461592 150.68629516423022 147.64781842204405 147.64163901580415 141.81382278157739 139.46490403093873 135.43642832839626 130.04640473261389 128.56332641471954 126.9826208240046 125.17624407974748 123.74200227054104
271.27867998306243 266.87931366834266 265.09232156826693 263.34270378342796 261.20690193976964 258.71374868627009 255.60322543711021 252.06934708258882 248.7737222299121 245.15642298428645 241.19153137138701 237.19067150461748 231.82517164037486 227.85458471497714 223.93851203049422 219.19996138104312 214.6994785158555 210.78472856203462 205.21964993984372 201.10866526741512 196.8706645667915 198.60933684484527 198.27318579028088 190.16308767180726 183.60345750565557 176.69919356210812 170.53970948824917 164.92244322524493 160.42559461664115 156.92101357705479 154.10972518643601 151.25287590138399 148.66209011957434 146.02811812125276 145.93306254634217 140.82788671644289 138.69564243677834 134.97063678330139 130.41168455109505 128.70349081012483 127.03572278940369 125.29008013467651 124.03155250354331
264.89498829064223 260.41056589277588 258.77481791314585 257.1661506916227 255.38848490447987 252.94372241824939 249.97622217265314 246.64281273656098 243.54769211855435 240.15184302707939 236.38788099691806 232.57161090549045 230.05050889473438 223.74936239779299 219.73496788837997 215.46420078189226 210.72932713872808 206.90777174325615 201.44012879189853 197.26627955150417 193.06927394609593 195.14026303071014 193.78854290199342 185.90520755505713 179.43899775889076 173.05790752162102 166.76217325321613 161.2826551886883 156.99960693126013 153.84085345390412 151.41054168245904 149.02395929692315 146.90007355810224 144.62586108763276 144.47780737388507 140.11895482732018 136.7392512369766 134.52974754982245 130.82549353655747 128.83075345190707 127.44170711980885 125.73689054443521 124.42693386086869
258.85157168930914 254.14135513802543 252.66393015140272 251.20040495087076 249.58088529867675 247.31922718385749 244.5674794087586 241.43891024363421 238.52401060772942 235.11278373993528 231.79252618273708 228.16022980368453 225.73663619290355 219.6612178969504 215.77703164286896 211.64015619000602 207.78951345839187 203.31064577495613 197.96335005732459 193.82881200162527 190.00856419062262 190.76325775197279 189.84649258367062 182.3186014047651 175.69475189655532 169.47052297996743 163.12711419292827 157.7917632750532 153.67131051882453 150.95423534436887 148.92140710928263 147.00334431601027 145.22919904046776 143.33822098985465 143.02087280478054 139.13085917311392 137.26339567608295 134.12054421129977 131.14381945543181 129.16821373926913 127.75928162378081 126.20690515532311 124.59563567817931
252.71894171362902 248.02446196750438 246.72773625903048 245.40762363200184 243.95113269917104 241.86908214153652 239.30799086717684 236.37873992089339 233.64857200133443 230.46504421912562 227.46580275995288 224.07654275638203 221.57218513326438 215.74842606587791 212.01656030708708 209.64006060318869 204.27382161736068 199.94219705065066 194.73833618558496 190.66505070031559 186.90423852818711 187.46998798715404 186.12746101317134 179.8983064709073 172.58949824444153 166.49430749427393 160.43651585121097 155.24589787679361 150.08216927867659 148.52897058029501 146.99876054555563 145.41951939487225 143.74258116103618 142.14476242934029 141.80711464193425 138.31174149652313 136.59986175683281 133.79241466053412 131.28954818241706 129.53021432566169 128.01456625218964 126.51091949165234 124.81510621343071
247.65888941424629 243.39865357516851 242.50168853712336 241.57758670560528 240.46519995727317 238.82224887139634 236.76081447330739 234.38996720023493 229.01660504886914 226.43760995752331 223.69775703908789 220.07928526614069 217.16612819915701 212.07158444629823 208.4877952539772 205.93467978518842 200.99344441644922 196.71217362906884 193.22591401097782 188.03678935770091 184.1453266944545 184.11547935160763 182.65374508871901 176.90829068046878 170.3222066803537 164.26499510396479 159.16756597695803 153.92376024332043 149.87912519053532 147.55406722244723 145.88106680576558 144.31121060364046 142.77501484670029 141.36139676894729 140.9429630257932 137.86093618198424 135.29998132583958 133.50729963470948 131.71190461495118 129.84438372923532 128.38869689580469 126.68720449009612 124.97065140859907
241.79770746001805 237.59474376363568 236.88075070010234 236.10413698074839 235.14864988614173 233.68591672444549 231.98586484585672 226.8794102305383 224.42872836076774 221.7168157592732 219.48485908664102 216.07682008516846 212.84995214899618 210.40523248226725 205.22966930719048 202.56105782218884 197.83889383873378 194.69711205719707 190.34361644773637 185.35000452944382 181.54978624530972 181.04866377625376 180.54556101725029 174.41444018698348 168.22746807612748 162.64478944601797 157.9813618682183 153.45082024771636 149.86528888240872 147.27192203650992 145.41066071545615 143.73309531190921 142.18401816737347 140.79190133023118 140.17194854495477 137.47005042900449 135.10957987151156 133.39794658401487 131.96892122277916 130.33378158171828 128.70732361844586 126.98663446479377 125.19496530631062
236.12111499623202 232.06228907529999 231.50853082158059 231.02489612045775 230.08071412203623 228.7806307549738 227.24851574053466 222.41735957647066 220.1216309467232 217.61729690128482 215.53677659098412 212.33966885501943 209.32746438515693 206.946494840593 202.03375501859242 199.48965913511222 196.01283129933191 191.96933700830687 187.79544747435557 183.00185943112797 179.34298639066469 178.87179913669209 178.14958709934126 172.45849072678084 167.0099630385248 161.66371044853258 157.23716119254095 153.185837798168 149.85567882788007 147.24521168757386 145.25131045121867 143.4345353669211 141.82059982739827 140.3425956119612 139.48478689295663 137.24699900891363 135.72050301386503 133.32880252005177 131.33106196586539 130.71006827875928 129.03431334482389 127.25753866867406 125.53750156922632
230.64861695905904 226.70417056067461 226.34983579120458 225.99395784248341 225.20116633624536 224.05613015254372 220.27431988757345 218.12286980362509 216.14895880884501 213.6909545798689 211.75034408654147 208.88087275909368 205.88499540858436 203.63103957449727 199.01550821272147 196.57233169792528 193.26404548032838 189.41050950026192 185.279603950591 181.88479492647559 177.58665223895699 177.01434818216967 176.16655032210201 170.88194536946321 165.7471129790938 160.81204634811638 156.72170896717398 153.04597032121546 149.91052450635914 147.29711920394681 145.21530922147281 143.37996776499654 141.61037686778502 140.01289690293126 139.27185777784646 137.16539859558171 135.58300267896334 133.47253291162514 131.42359585414738 130.9871728789133 129.31180384887352 127.63189706056141 125.91803327241486
225.43815052365085 221.6490874190327 221.49781942963415 221.28191904645138 220.65078690884712 217.55687877782154 216.24892868493473 214.13941106809509 212.31163710207102 210.04146167079529 208.24232185989857 205.54117701277724 202.71985392476986 200.62793139553202 197.63977514311824 194.01749529338034 190.80366378270105 187.14879415465575 183.57382791130061 179.97288845766673 175.89719426987 175.40712945665621 174.33810515860387 169.81472490665055 164.90178703916354 160.15984264374765 156.34328261816609 152.90686650668886 149.89952487528618 147.38417378177814 145.31417318547278 143.43831754013701 141.66098457912909 140.01648499588313 139.13097342036781 137.16250327892038 135.58029728300323 133.57073936079075 131.50085012283509 131.32476435790281 129.65113529570982 127.96733381964725 126.30923170429413
220.54090869092084 216.93176202792512 216.97836706261097 216.8941753445979 216.3869131714977 213.53492414739392 212.37131957705037 210.42820571427256 208.75772111993314 206.64918144750024 204.97565051589788 202.43857359621265 199.78720028026373 197.46542803770424 194.99986509760848 191.62283516577267 188.58574508978052 184.91863507838258 182.02533671213664 178.61483204362963 174.46226923716938 174.03646099430705 173.18677880620362 168.86325794723689 164.11729564341204 160.01135862897536 156.09117228275773 152.8369426477293 149.90382749620977 147.51454253763029 145.39564335232652 143.64323267532515 141.86340515548468 140.20458825161558 139.21354483683217 137.97980089648627 135.83945081416698 133.62479481532617 131.84058859375526 131.77900208950939 130.11702034471767 128.44160088927606 126.7449286169938
216.0099620771208 212.59948986932537 212.83456854551267 212.84710552780763 210.86000712266619 209.83908287344312 208.80763878965766 207.01635545430662 205.46090389694342 203.54918367693739 201.7451509539535 199.60657789215986 196.88393080837656 195.17074537846204 192.58671308051984 189.44318029767618 186.5792157741179 183.21582752159196 180.09446044654061 177.14215117738621 174.24380404985996 172.87637493678176 172.04220127746521 167.94922658175892 163.52609724800095 159.66893923402222 155.98392813553528 152.85568763853917 149.91779344973162 147.75336075150841 145.7497540807114 143.98176719393834 142.20466149392834 140.57841170742745 139.44053831478612 137.28581415400072 136.09590579937415 133.96864508465507 132.18267871562571 132.18795722411249 130.53231104969831 128.86445674992783 127.1583557524165
213.36958409824581 210.48023406552065 208.96989877930943 207.56996673746903 207.34622138153566 206.49664599200014 205.64799719818731 203.95089202805397 202.38557528676225 200.69735252858652 198.3702274120065 197.1129293591024 194.4024799678221 192.58575084068715 190.36871023772676 188.38346620976341 184.59673421933383 181.74648305754843 178.53189032688911 175.81166730826874 173.05886278965872 171.99001763275817 171.11564003391686 167.18371425860914 163.15393907003727 159.52829740964535 156.1215125759727 153.13044978633661 150.43603114952072 148.20570443906212 146.19062583572205 144.48542231209325 142.74206744542721 141.16337413426425 139.56901480739731 137.64549519665255 136.47178177534244 134.41962835821818 132.6603876333171 132.72202786328359 131.05760464963095 129.40137517641736 127.70039195649342
209.76001166650238 205.34042391548178 205.68399004963823 204.44394424766287 204.24788185314017 203.47381798253485 202.69728148703459 201.11308653898013 199.64289337499193 198.08143165070982 195.89878608561364 194.70477075191948 192.47076336510341 190.11702191714789 188.36382123740819 186.47600208707703 182.97547566010272 180.28322514740702 177.26151990633281 174.7020982832305 172.10199469747903 171.50097164947226 170.0303412674948 166.61314217912059 163.09525554673019 159.47545491667279 156.45067945433402 153.52981093223934 151.00026279814858 148.73283292002961 146.7401525831425 145.032514075146 143.2561154220196 141.63303704228335 139.93840050363951 138.06328626459211 136.70538619866562 134.8259316377229 133.0664617333739 133.08071606319666 131.43789216779959 129.78380332350352 128.10266907374239
206.80783068342853 202.54130817366024 201.9819552061746 201.79513543978501 201.51974307089884 200.90020776470831 200.01876589399234 198.70549330361825 197.16319798041945 195.57056226563267 193.69663093082463 192.70256923546705 190.27716730583771 188.05920605033134 186.49819598728132 184.80361025099657 181.47895456826311 178.73620091406559 175.98127582558374 173.68162301218405 171.08538147988514 170.69764010355712 169.42798181500712 166.39847144531723 162.8556861923189 160.43926229280441 157.34578083564884 154.32645460280219 151.7364373334558 149.37869018829156 147.28854783676005 145.3326298720792 143.67857809794296 141.91559212492879 140.17029409665653 138.37367872972106 137.02991585227315 135.18630938635036 133.41864999901094 133.8072461450285 132.17429231362746 130.54653951025333 128.87635334156195
203.15171444655468 200.14517420571559 199.61716041830232 199.40614462307215 199.07112580085675 198.44940960493273 197.59890058933325 196.33004227998148 194.83892233888892 193.366057444478 191.58005408689931 190.60116583301948 188.30497554535111 186.18992856211693 184.62410397317714 183.11403019051076 180.04893581618444 177.45401035294901 174.92967130890975 172.68598886434748 170.25145901112279 170.40959829424085 168.89096683749813 166.05235370099126 162.77793620789544 159.69717076775669 157.68973864512009 154.81105090783331 152.34931070666607 150.07674627916646 147.99173651028437 146.04642203728298 144.26668591113733 142.47826667285369 140.72161659267505 139.30342235449845 137.55736839256772 135.72315658085901 133.98671787729833 134.28637297729756 132.68718144599546 131.04980064650164 129.38857925154684
201.32775084977251 197.61960683195517 197.7562143357822 197.48230156714897 197.11092894620356 196.47282094277034 195.61790481140812 194.45681138386493 192.94440361615702 191.54495039721539 189.94800585174283 188.8801862336683 186.69054143179079 184.56225916199207 183.19782221077401 181.76769681519858 178.9447071275346 176.48621979143923 174.09266411998266 171.82817580205938 169.69767368986032 169.88869176285095 168.48025452779166 165.81299718813989 162.74205107315811 159.89020889346557 157.36665834675296 154.86826009610195 152.97876017667204 150.76794832973445 148.71000145355907 146.7269666266875 144.88951780783793 143.07562943064596 141.29660747851312 139.82284515085746 137.77441377000491 136.25653816420467 134.5511521217804 132.81210709597707 133.13184538272773 131.52595526191976 129.87937540312322
