codes_tests/data/cartes_pz/Pz_Année1961-1963_Plio_v5corr.grd
ncols 211
nrows 221
xllcorner 663900
yllcorner 6152400
cellsize 200
nodata_value 1.7014100000000001E+038
[rows 152 to 170 of 221, columns 43 to 85 of 211]
166.61174711841198 164.53857110905457 162.47222855542407 160.42053534117414 158.38924217783648 156.34153687207589 154.45487500838465 152.5221865677706 150.6646197542033 149.00101082871964 147.49215636984076 146.26164958550916 144.881667310811 143.61336492860741 142.42430901891009 141.30578982742134 140.15681106431728 139.00313939621546 137.94716977827812 136.99493733103503 136.5568258490058 135.81872508614393 135.13146430171025 133.7198852938067 134.18387185404146 133.77690378722883 132.74907528757115 132.11113929502059 131.76581294729914 131.31316730726186 130.93832690357274 130.65670602231924 130.24722490175168 129.91357850672904 129.56581826859585 129.14330767591693 128.58337374247401 128.1491495638426 127.82583461757787 127.74824490117304 127.93956971612002 128.02793158836764 127.49687966323005
167.84132759769508 165.72545938016134 163.62748219612777 161.62266202207289 159.54434288976478 157.43993356567552 155.43379906153751 153.54992382935029 151.6832419457069 149.91604804151962 148.32837051482943 146.81020972258494 145.61061464192042 144.29226656485108 143.08536949825137 141.87705006974974 140.84454935722385 139.70719966389603 138.6515339453567 137.75129838505043 136.79270613185173 136.58300262724893 135.91964593309393 134.45123428734158 134.59790718357502 134.11231311757365 132.94573655725927 132.39341879519225 132.02800471515266 131.61700941054283 131.19419699890341 130.8250041529173 130.60095947384934 130.32316684572208 130.07892867792737 129.73865037642886 129.351713515048 128.88883942650239 128.51329342653395 128.38744188565653 128.4003559600705 128.45618197462076 128.02299095111493
169.16336171971798 167.0357874524926 164.90899446119738 162.78824684741409 160.68282521911013 158.53204241643945 156.49611865151311 154.62429769807005 152.70099266197482 150.92844999891986 149.19593426018034 147.67969095151108 146.23310580669227 144.84085115364775 143.5125120295603 142.19860586320343 141.18671200926883 140.18626334837077 139.08067642010087 138.16979776469856 137.27276086911402 136.41177526154013 136.40215154565283 134.92822783339088 135.01865881737487 134.55309860189305 133.31686106769337 132.8160508530481 132.47980198623554 132.1047838783021 131.78892337749926 131.44938064203859 131.18757957838005 131.00245357774389 130.80879003112133 130.50423186873701 130.13709698148386 129.64747732052948 129.2378537204944 129.13114207069924 128.95577359050779 128.90180445859806 128.51854671285341
169.87401104476089 167.85329181598823 165.81161069321939 163.6797066905994 161.62698062166209 159.59551740485622 157.56664344647757 155.68387968080972 153.73134480405463 151.92835290758919 150.10085178901761 148.41984632839609 146.90555941436409 145.45249964155767 144.05665672788399 142.6710502096463 141.50144518813838 140.49970851934219 139.58909078930336 138.64801282142628 137.75238488420629 136.88023897068359 136.06689570429555 135.40989759245295 134.8972703003846 135.0557252167323 134.090882764593 133.57782653440975 133.20723319838669 132.88404843329309 132.64791251092146 132.36433436188912 132.20184276739309 132.05422017417578 131.78932643929591 131.37164366331876 130.94152515533099 130.3989723182479 129.96097813398447 129.59289706636338 129.35408458675096 129.23014769185784 128.88494230612775
171.37418394738597 169.29607330833028 167.11502614629697 165.27542313680794 163.06262142135384 160.95053171899039 158.8491492055841 156.76528038794117 155.00976545768373 152.94911057737815 151.04092350076721 149.19658915731276 147.60639004899753 146.09364439988542 144.63603203864196 143.20019757515706 141.91873602535952 140.74136104417281 139.86821532110326 139.13849948222341 138.21637564762489 137.39799160415868 136.5969423577499 135.95125779672881 135.46141466066311 134.8626004219534 134.60346746220156 134.12234544411706 133.84103027646682 133.5236278560925 133.29780060566344 133.0029454920446 132.86782017271759 132.7721822617317 132.48098889161818 132.10440696837779 131.62727124787665 131.1270516801807 130.66014926097114 130.31559642362805 129.9576877601761 129.70672003143306 129.12893461808434
172.99105254584251 170.88131268192396 168.65519148097002 166.81889504311204 164.5471156030091 162.37412743858755 160.20780432465435 158.0440488294002 156.25768004423628 154.07113573443982 152.04243851540821 150.02122584916907 148.34243249334759 146.75557651415699 145.23990352354721 143.79531916088388 142.4459297080804 141.16751649577301 140.18351334642307 139.38148553642793 138.72251401033409 137.83690755165674 137.10542301333109 136.52054514234442 136.04010129800653 135.47733601133351 135.12379771838775 134.69762735092641 134.42918192875936 134.15335694359692 133.89921367031337 133.66640321459346 133.63013207699021 133.44331282077255 133.11746058457308 132.67510668484263 132.33931826313744 131.80370603171718 131.28889172267745 130.82540008192026 130.36801926350407 129.96451017040505 129.42885517980048
174.68786722425725 172.54792799212399 170.27835788822057 168.44754767468169 166.11794097561321 163.8900436431158 161.65776583651075 159.41203022122411 157.58968808845489 155.27260058670487 153.11640632672072 150.90839515858528 149.12704164603829 147.45996852418858 145.88773861049813 144.41536910752947 143.03503267408618 141.71634852344448 140.62094281700212 139.60150697157576 138.90901587701003 138.36471292055737 137.50110056442108 137.04207196262365 136.56740185151463 136.08452763939621 135.64963021117006 135.26961168062729 135.04380973675688 134.75173898901889 134.53193899645109 134.45105722056718 134.37621782917597 134.21583180702262 133.73728922074542 133.42045369250701 133.01585790163656 132.45253909050248 131.87532071420483 131.34562745195228 130.85100581887403 130.41807749283049 129.66191075729324
176.27282796302458 174.2983119399843 171.98765162031052 170.16659234780377 167.78177966018538 165.50017503730277 163.2049619809506 160.88009977814997 158.83773789781478 156.57956153474348 154.2921341789978 151.88232927651023 149.96955187180868 148.21733207179014 146.59833730149941 145.08649368377334 143.67485960541433 142.32548578998299 141.08403103247468 140.03644734103187 139.11123627942783 138.62755931043912 137.98507931037827 137.37837873167291 137.24402871472557 136.85858755156238 135.47239803921741 135.76322624909423 135.57876745054452 135.37074894006349 135.24863096939612 135.15814357922451 135.11461144899695 135.07900039660805 134.78314369381269 134.21068764593383 133.76897477726874 133.165088363455 132.46213462650314 131.83991760156931 131.51691919645921 130.75284623807772 129.52114780907456
177.99395261264425 176.03974288578578 173.73142131717876 171.64852890420249 169.58017731140765 167.18122575893847 164.81457694848859 162.41489792517393 160.31197447994904 157.97515541185194 155.08549063298915 152.99092786771641 150.92921169399293 149.07417706502557 147.41448632295413 145.81799209359795 144.36976112042927 143.00231519272387 141.73212717435192 140.62144977199492 139.54731889085997 138.65855108747826 138.22373604908077 137.7289686789706 136.96859037372408 137.22672843337989 135.93961814430477 136.24021222063686 136.07731879267232 136.01857038949714 135.96032338221568 135.97336209947062 135.95386301603102 135.92446923367675 135.31727240688087 135.0021939082803 134.60264278124635 133.84528548833714 133.23068397829897 132.41658685878105 132.07094832348488 131.24722172121966 129.58391545847644
179.94684777188533 177.73571069481562 175.61478798610503 173.53233519520566 171.45160132602859 168.99117829719245 166.57579635663097 164.11382880180128 161.98117449057602 159.56471717619715 156.48622383208195 154.30005450832175 152.14621077962127 150.12371845312248 148.30249624508255 146.64812347323937 145.17267946498279 143.76374610972229 142.44253465824093 141.25375423542542 140.20649686129946 139.1465619899538 138.39100193402444 137.87606867267681 137.43038501453626 136.72831623666519 136.32770413038199 136.62268182340742 136.61245021890787 136.65761798902017 136.61513915367999 136.67458448316677 136.72462757050968 136.32555367065726 136.16544007926652 135.90159153262394 135.40040528166412 134.57672786419772 133.89535210631377 132.99362428597198 132.6616850340699 131.59515529920699 129.93961516009944
181.99604619122266 179.76072013282027 177.38095547170923 175.49542972717765 173.41068725701405 170.91066096472349 168.4575575500117 165.94633535345301 163.80450721225949 161.07841237443631 158.08763731900396 155.81965271095652 153.55112665382882 151.33124729265882 149.28415527675728 147.6056082782892 146.12887966098913 144.67302720897038 143.27765573935494 142.00178024059326 140.88016943280505 139.85873893871766 138.88900751764191 138.24111796415355 137.62142233156982 137.32064937681224 136.9473001856812 137.26582578932062 137.25853603607922 137.27079236681675 137.30184984591799 137.41291077920934 136.90934420504874 137.08046467667222 136.98451086896111 136.69339312207802 136.24118198543627 135.37563454182435 134.61701704347104 133.61794865738318 133.14674766190598 132.12157077786165 130.47057116865346
184.07968087281276 181.72600458425316 179.79697550886092 177.56052958144224 175.46694338997068 172.92666037635647 170.43649839557258 167.88877620943094 165.75305561763756 162.95444800481835 159.90692966009613 157.5850455319447 155.22332260329856 152.84852378733746 150.49285313333291 148.87527346357325 147.32789121928903 145.75772600280035 144.23736364117326 142.84557566219934 141.63077049418126 140.58607657700676 139.62579773162386 138.87054283444147 138.23307459749043 137.8220045660612 137.2273697267149 137.42199627901175 137.49174736881193 137.51379193136626 137.67376562879545 137.80012249374727 137.9186209688994 137.96969750000835 137.88810375472917 137.79325951136616 137.18519920383505 136.67205941231234 135.41870565674731 134.23115367390841 133.60287644188358 131.94181388011893 131.0135380805726
186.0528122593216 184.21293129641114 181.95985081075239 179.60617597238203 177.61839917639642 175.07548341742836 172.5863703570331 170.02426299198501 167.91885098393234 165.07259948002232 161.91335934352767 159.56821471891593 157.18246874192792 154.80479314964577 152.55020021242512 150.63981195323888 148.84271414674825 147.09015973100301 145.40668190595019 143.8785322201413 142.55094807703392 141.40655007700423 140.44443272164614 139.64556692534475 138.95740173305717 138.6429411184987 138.2131746953896 138.11355521284409 138.28749671373834 138.44117090198233 138.65093798633657 138.90787387597402 139.20810185169506 139.30376446199847 139.14522685791536 138.76114283939378 138.14240239143339 137.63915595599849 136.41040022154826 134.94868595686228 134.669085565637 132.56526159019788 131.59963732265271
188.30136376560529 186.48030337842479 184.2318582142228 181.88882293786551 179.90177550716365 177.30995454762945 174.82330951489081 172.26089360070387 170.20736976647137 167.33499900207121 163.75644390423938 161.79184371592973 159.411474755158 157.04310834758729 154.74082984870105 152.57847301592253 150.59140960523351 148.57954368183897 146.66289758565074 144.97006440609397 143.49894502949482 142.26367095179441 141.25772389785445 140.50035872007427 139.73982483227593 139.08368583299819 138.80029077724859 138.47263506903715 138.73403314982895 139.05705693128726 139.32219513260077 139.64656098769177 140.01632565013378 140.16216403412025 140.03077875232702 139.66413878030818 139.03890969297586 138.47391349256142 137.12685635105598 135.67668855671889 135.59919807477601 133.22607199473262 132.25575159637623
189.68808356415252 187.93047294549825 185.7914210197747 183.66252843666973 181.4457456999115 179.31862501630349 176.79203378252811 174.3131581052574 172.26153496140719 168.27782606385585 166.06550330202501 164.15983862079185 161.80656137556193 159.41818788295038 157.04288052555845 154.70825987268381 152.53297479349413 150.26132976725887 148.08232850631777 146.14369504685621 144.52383409427568 143.17659493021014 142.07714892310324 141.24665584258094 140.6072365556366 139.89197464573371 139.59123338716586 139.31854764502745 139.35411366122335 139.20225420222351 140.07712489127428 140.47818586380941 140.84864883101847 141.02095075150348 140.92339676350252 140.57500263318033 140.70107551524109 139.39127100467539 138.07475804350003 136.60241847412843 136.64674643964375 133.95904569994184 132.97048790685665
192.10643137750162 190.3589791569355 188.21983747124565 186.10113676476286 183.90549125522904 182.03666431124361 179.24002983199193 176.78924425930674 174.81712564098285 170.81867197414243 168.6561836068864 166.40596652636884 164.48967921928664 162.09243056913789 159.64053218734304 157.14074707297249 154.76812950850695 152.20787381799309 149.68466600745535 147.45542860343636 145.67410545971032 144.2068226436663 142.98585890942303 142.08979183373569 141.37195977618896 140.98353537934483 140.34987736006269 140.24512966079553 140.27590193194081 140.44669969642484 140.8115440129819 141.29450743450627 141.74775973334766 141.96676282255049 141.83211395497327 141.31818998764845 141.45005740798982 140.19150498730681 139.11217331915398 137.7053156387841 135.60319929230153 134.72076918410056 133.50652647273381
194.8788699107194 192.72648085855272 190.63013934417179 188.5297736931349 186.36489883975148 184.55288677171893 182.25446725477278 179.3576877497043 177.48742067204989 173.52584236719628 171.45848478444776 169.28192749314283 167.30683233070494 164.9007804594668 162.40110428674572 159.78585401694249 157.0626643181495 154.46681446893507 151.53390551483292 148.90665380959754 147.10472891160595 145.46754159976467 144.03905500100694 142.94022328884463 142.1401170817247 141.70424957247221 141.57947478698728 141.49777197473102 141.58586153992982 141.94168476185951 142.37395344492131 142.3632575342221 142.87379308678945 143.07527947444788 142.85026308032843 142.17577502586437 142.05002267624442 140.46522688099211 139.39061028907486 136.27621901829738 136.2676392133483 135.03816354613772 134.23228974478059
197.39066122667609 195.18439162737639 193.02779996645793 190.85559537484329 188.61779225523313 186.72964085549796 184.3221188143294 181.99668045424914 180.21600263921687 176.3709207570686 174.40339794863081 172.31595410107852 170.10929220523082 168.00116993620708 165.48485495464686 162.79996593787743 159.95127340775974 157.27766360624221 154.1654692702995 151.31333938875591 149.09830289924966 147.07478043031642 145.28525540085039 143.87290321230867 142.90113050795139 142.37521811891401 142.45990729538107 142.41480234476546 142.86501939230376 143.33946199002133 143.22022009528132 144.85971684967035 145.20185453391969 145.06065791684551 144.09157385784883 144.18005987686152 142.29345021156431 140.27345158809814 138.06230715838774 137.75899103264589 136.96388014945896 135.73011441951769 134.92511625617442
199.91683081108664 197.67783215451908 195.48377402294832 193.28776860485831 191.08021618548716 188.83291060971675 187.02283939707138 185.27329355629928 182.6483901180699 179.26350421012407 177.41381893307243 175.4442021697129 173.35298699522687 171.15487668288858 168.72217842035255 166.05832586128906 163.19266412263994 160.1995626272209 157.49286791417623 154.45708778501071 151.67076302518251 149.07657532518505 146.77159971498943 144.93509912208469 143.70455073739183 143.1203708281042 143.32497409586099 143.79760175585315 144.20763127397552 144.93019313884008 145.48512846508513 146.27998430248402 147.00021861633826 146.51316248657253 145.75788362604987 145.65754474451614 143.30559156056188 140.81392852192528 138.97312932574616 138.67147759463586 137.87564127811766 136.66548894986514 135.85482075253378
