codes_tests/data/cartes_pz/Pz_Année1961-1963_Plio_v5corr.grd
ncols 211
nrows 221
xllcorner 663900
yllcorner 6152400
cellsize 200
nodata_value 1.7014100000000001E+038
[rows 76 to 94 of 221, columns 43 to 85 of 211]
122.21539116467126 120.59727093101924 119.10260130798508 117.38781321175705 115.6552151501011 113.93032820868085 112.06652243809302 110.28420452864084 108.39083250360301 107.02784389887304 105.68223174774266 104.10351946927675 102.63578013886331 101.27657967639395 99.755070864863853 98.367721977328273 96.949760258704472 95.587469532277765 94.359584062963364 93.287959813418226 92.244758437191535 91.229547798707998 90.240826022781249 89.276070488404301 88.316561957728311 88.166200487333214 87.141270859294707 86.117893053610601 85.097107154523243 83.964070787831602 82.975812374895327 82.007865069242101 81.052158743611898 80.109989856304168 79.570467186166681 78.625474477026202 77.702006570353646 76.789873981982026 75.8882690024152 75.046947048792731 91.93477926100141 90.12596821943346 88.32746749670693
122.50809595967918 121.09603724988852 119.26542140064859 117.57729762544494 115.71905934145329 113.81812992839291 112.19747585432296 110.47312614476465 108.5458516847018 107.34193939383937 105.79604789157771 104.26105124341794 102.79654769543333 101.35582298685195 99.856895223231902 98.483383699597056 97.061659632252244 95.545585337080382 94.047823897086275 92.960471538232525 91.900765343518131 90.867882183392226 89.860319419913679 88.877934045442601 87.912666467075056 86.94763502636242 86.70571896385367 85.676851266666958 84.650191628258455 83.629980839949866 82.630045874737505 81.547215965650409 81.062768952622065 80.066328185891948 79.091160690157693 78.143745657680881 77.215805080079235 76.299893557879827 75.395482346416685 74.550757148679168 90.80565357063071 89.008969198643229 87.226380035228559
122.30560976816864 120.83594954067115 119.0078883446607 117.29906020899274 115.42677770388778 114.05581994319961 112.44704105349757 110.76722252048302 108.70781459976241 107.41859206144689 105.93667752479013 104.34394954138699 102.80493433808512 101.40349473563218 100.00831821755735 98.724605035208711 97.508001536938082 96.145856614760604 93.881320202590885 92.772078756823603 91.689688192138689 90.632499537827428 89.599838663443876 88.5916214872816 87.606699198690052 86.630787230522571 85.653975191081656 84.677335397381498 84.14852199090636 83.12594194256539 82.122895728864691 81.141592761883203 80.177615950754912 79.224779238083627 78.288793681564343 77.388823384015666 76.496433885168045 75.614310182403983 74.768325209288491 73.937931839471673 89.511262028909016 87.75091245480705 85.997975647849088
122.45324552714848 121.14387896751197 119.37777388935851 117.48851317938524 115.78990299939933 114.07905042844153 112.3337294380988 110.66638418252245 108.93569458717143 107.58948179711513 106.075740344194 104.45824862843244 102.94366283760823 101.5508517907603 100.2126515568294 99.102299795356203 98.214383306549564 97.638329654362664 97.92258651168568 96.690521609222372 95.981569802065877 94.778327094956538 93.600062907495953 92.446950469401585 87.422682372404935 86.422035347254095 85.424613976652282 84.970989876435098 83.929114874120756 82.892909879547048 81.875040061995477 80.876872605328529 79.765912463504137 78.797303060654386 77.842912846101569 77.06600116586138 76.15380663087879 75.253719872488475 74.282674456718127 73.559529837191121 88.183564836865941 86.453262626776905 84.736758980273862
122.79551446698693 120.98590491824847 119.25042974558897 117.59775750066896 115.84454148233692 114.18431744252753 112.50145947945651 110.90360582122005 109.05802746892789 107.67288371101809 106.16007227835263 104.66736830686045 103.12553182296992 101.78243481073569 100.40087192989181 99.401134889206773 98.695751039449291 98.284160052415785 97.877422659318938 96.845712873138069 95.597079945831382 94.372643673959431 93.172522214753585 91.996887657298842 90.845967675497747 86.010991911068089 85.005800229230033 84.001313385678984 82.997002678119827 82.434651991297187 81.405783787142326 80.395979487045665 79.406440213658684 78.300015110174996 77.337300506007637 76.544162586519803 75.61778475107991 74.713240723570948 73.830552224446507 73.023735818779585 86.973262624081457 85.264499737315035 83.573037669403703
122.86350971991357 121.26883786791713 119.49485694522095 117.6442920661547 115.98204260286984 114.30381684920852 112.60151666449421 110.99978543087008 109.31274060245953 107.88586074571512 106.33764525130209 104.75783722962265 103.35023812158549 101.94755266874083 100.65233687257178 99.624394473767097 98.848185473246332 98.25937933863068 97.529291908509748 96.496303538762106 95.226811790409045 93.980817047527381 92.758427597191513 91.559811838436502 90.385200436918439 89.23488746557922 84.589686579956037 83.576873510970302 82.562514421123893 81.54995853753158 80.548667407150035 79.909728940144589 78.907065169482379 77.923362951926364 76.823295100707099 76.015206638522386 75.083737729708972 74.175642531620738 73.291410223650828 72.48537875691666 85.827159016648949 84.031109884548314 82.449312038204212
123.12233850173509 121.49081845512707 119.62367510304458 117.90823265346614 116.23006591774843 114.54612114099076 112.82646293373024 111.2024202909688 109.42591802691196 107.98592642511048 106.51532397691608 105.08358388866736 103.54175000106812 102.12301691161318 100.80755798362431 99.729019149184097 98.847890421901241 98.081051722034871 97.202743655745508 96.163151256372856 94.872558514046986 93.604721771926663 92.359735224339943 91.137759616289742 89.93902594050995 88.763431208089315 87.608250034807909 83.152502448787047 82.127533028296597 81.103244962116136 80.087500470178227 79.081176911780219 78.085843723339806 77.407171699799989 76.310918299685042 75.494753768801061 74.557390865961921 73.644074893802724 72.757586219198316 71.951622506621277 84.564155004785562 82.878133062878106 81.234608738603072
123.30049861082594 121.69150435511349 119.93681944401865 118.23820793701793 116.55702621862389 114.87449620955634 113.12459876056812 111.49350949616473 109.44287932845812 108.08634767465972 106.59061156845721 105.07201657453651 103.58885073841738 102.28263556583624 100.90904671129276 99.741470567608914 98.809986324832622 97.865508991117778 96.929284986020548 95.848010015560078 94.536161951393069 93.246288391188713 91.978464424265184 90.732838520010091 89.508368994930237 88.302298241613684 87.115196872599029 82.733972695880965 81.693576353780188 80.656456096212892 79.625363656598992 78.602999197763509 77.593140764109336 76.604677296306008 75.636233752436326 74.984919180113067 74.043698145331604 73.126126044582065 72.2347372471054 71.465240812981435 83.281568808709181 81.617441938954954 80.075028367761718
123.49546904174841 122.00153156502464 120.2387351168083 118.52271312504899 116.78595294351595 115.15438337576266 113.500495934149 111.87658096551272 110.0548514391252 108.41623761462654 106.88883071497386 105.35975355936495 103.86313304008452 102.48178001345757 101.0742526141059 99.871397002125889 98.816224285322377 97.801227384795226 96.73674185113677 95.552668749731737 94.21950625436952 92.907498403306249 91.616694588387432 90.344923538297209 89.089907121807542 87.852299480129432 86.632859047102926 85.432443367224238 81.265242099841004 80.211306842543593 79.164228422053142 78.12947385610191 77.114306727233043 76.120897160636162 75.150944998314543 74.490566673805333 73.546311121746754 72.623616182172043 71.726344704170572 70.937595775823979 81.997152563730424 80.33969092419261 78.817411738701011
123.88176432411632 122.3270451797426 120.56550847230085 118.84924518461094 117.13011308813435 115.424708651906 113.81674150104384 112.18703610198541 110.39105321658081 108.71588889075929 107.21096876293267 105.67953108186811 104.13369426002579 102.75681546692886 101.40815758320167 100.17769903803011 98.992814077373865 97.804491586628217 96.611658475092213 95.376848484910056 94.136856598158943 92.590350151862722 91.273290370048272 89.971529841423092 88.685622249310455 87.416228923066299 86.164127905941825 84.930214017497448 83.715401083570171 79.77195858391029 78.712316114770942 77.672842077316602 76.654645348769932 75.65828396415624 74.684051494514421 74.012454429120879 73.066983971039093 72.138397818528901 71.234378411438115 70.426279939241056 80.684936866715148 79.052984690795341 77.546285812848197
124.27142687226045 122.71161016963212 120.95605199586396 119.24780244325882 117.53160363144049 115.80565662451571 114.18560725892831 112.54338949824931 110.78056019459689 109.22835212138739 107.50554910840015 105.97069834374989 104.47293390249033 103.08353355749708 101.74149466056818 100.48569532132183 99.186386710506753 97.859422838329635 96.540518654693216 95.209569124507283 93.864344898208714 92.50426638835323 90.946894147604979 89.615145405538584 88.298285820799052 86.996972657407539 85.711996785945757 84.444289055508548 83.194347357285565 81.96497243333512 78.282199877829783 77.239466483937065 76.218841557183552 75.218507328077791 74.239382981030687 73.346354723105009 72.606432884314302 71.672604340230905 70.761116059793679 69.933665219656973 79.374641905549566 77.755858095243539 76.267105640307008
124.64711628606938 123.0956607773366 121.35124835292461 119.64098995548126 117.9259213018715 116.20101838352997 114.55800104756332 112.86407253028939 111.10333776505206 109.57675848961335 107.88300026511101 106.33770923393996 104.82948028410951 103.42824465064199 102.03972185056489 100.70617879053758 99.338639592536396 97.944827903354238 96.509264582241315 95.061846496616283 93.612981991079991 92.224112295970855 90.845705411068437 89.278485176259323 87.93074695438132 86.597508444805499 85.279565246958342 83.977715074224903 82.696524907314398 81.43869459906179 80.210662184094119 76.83400483311047 75.808026491505984 74.803336806598793 73.818974554817601 72.907984478078745 71.964557449626881 71.037406357261119 70.309186034662588 69.462600346955455 78.07171827409212 76.466735739450996 74.988813390842878
125.04529309453142 123.50685002141878 121.76946783537088 120.0660055756706 118.31370016633085 116.56101270660562 114.91611976857008 113.26445992204351 111.55028317426397 110.00148077490329 108.4180011970721 106.69703253786287 105.1900640261626 103.75803428222454 102.3613059275491 100.95014939382526 99.541830755025615 98.060360958749186 96.530795264162094 94.98785999417629 93.443098789269598 91.965624194326054 90.557852652893303 89.15992790249625 87.585929224042189 86.220908293401678 84.869373726051592 83.537171365357423 82.22878175884567 80.944072473886806 79.691299623075466 76.467310391773253 75.426440346349565 74.414715228443228 73.424905344576359 72.496780530523111 71.547375856020295 70.618425178346229 69.706062992374797 69.016286258370002 76.782618145132403 75.192431446798324 73.725967387535235
125.46995419515096 123.91035187363235 122.20172287682854 120.50116617666237 118.76060261207705 117.06829139640986 115.41936107095323 113.76444478867481 112.05887599142079 110.48577229296335 108.80524174567655 107.18149903163211 105.55106380640696 104.09798148752051 102.65504171792959 101.22704713503498 99.805430853608357 98.238672686317187 96.624222154284936 95.004690642503547 93.368819731612689 91.731329399522451 90.294755169652291 88.866920775153034 87.448282162309468 86.038237383913 84.487381402785928 83.13124161544404 81.802445128517306 80.500728681233554 79.228652223783314 77.995123910276476 75.086249454430444 74.058219922360877 73.059425030829217 72.115185427745743 71.159153524920669 70.225152895841845 69.309261489354782 68.598447160708403 75.515043380782743 73.941081677152908 72.487022542461773
126.02338717680401 124.32525673258615 122.63310067458843 121.1227022624126 119.40516685077085 117.75279018687554 116.10450587366159 114.44659570986616 112.71844377962317 111.12823230454244 109.50952364317581 107.83750346360654 106.06918937746042 104.51429923121499 102.90545137202628 101.42810872991956 100.00359633619772 98.376384746449816 96.760097555814568 95.139357954066853 93.476798085117437 91.810082440515288 90.059112612020741 88.602081751667399 87.151462715751748 85.710420426658715 84.294168151272117 82.779178909309593 81.435505177175685 80.117392204493839 78.826415459819344 77.571621320813051 76.356281899806405 73.746414863151287 72.730294799125545 71.765836956122229 70.803631021091206 69.862508362882664 68.942791701042069 68.151389669228706 74.160186980648589 72.722428638501128 71.282086078929794
126.45345941786707 124.74887571626141 123.08351745714987 121.60434272862008 119.8746218838529 118.23017503729612 116.58584107677797 114.93271520167238 113.21551501127809 111.61321714838947 109.96049112987426 108.359647313435 106.61728893943939 104.98268910608432 103.29251830693863 101.61625456843657 99.97680516634091 98.555637686570222 97.078177117194116 95.500158384671465 93.754951669782145 92.144933791823476 90.796514125452731 89.234324676369781 87.683970327712856 86.162514842166189 84.671385314649214 83.210575471479089 81.529717209587389 80.147557308950525 78.797732754019052 77.490437225240328 76.232645112145988 75.026089526642366 72.652162353673276 71.663321671788964 70.68384867812604 69.726059808487847 68.787616516325443 67.958428748347245 73.138339621108642 71.598041597552282 70.17028193533173
127.2328666798449 125.59029937850113 123.89348666259052 122.30922248248206 120.60167654673255 119.06406646821287 117.41657244136506 115.75267661030324 114.03040187094638 112.3646909877687 110.75744413973459 109.02448562913031 107.25145321177305 105.45764596589991 103.70676931919363 101.88051103755082 100.01090969203649 98.67736905641695 97.26433895092741 95.907164773269699 94.186514997216989 92.410455559036336 90.840339982801964 89.244530699052831 87.674423449664246 86.131813071064471 84.617473676575571 83.131797980406617 81.499105592828087 80.083225683883114 78.698390657929238 77.351954574760285 75.898892157119533 74.66915279730847 73.491274237240575 72.35113119490093 71.255634517577334 70.194264622126354 69.164830462387386 68.193970336410501 72.161125725603583 70.419618988981881 69.013457755357095
127.74086200732077 126.07112921013876 124.38976069699228 122.76856854605332 121.10718510323282 119.48566647330644 117.84501729321315 116.21873550261897 114.51870104359381 112.97233481818384 111.2901308951712 109.57354298575446 107.89584065910485 106.118216897628 104.36730741870349 102.51294312832289 100.78150480944669 99.353689350754195 97.887262781879912 96.230450980165742 94.428197147184378 92.600041267580195 90.800203431366327 89.072582580507273 87.495141042564882 85.945695745572138 84.423285958088073 82.927394292899422 81.457995537178689 79.864377678656126 78.462377530976767 77.094009391622137 75.772966903188362 74.378654537032233 73.179370166171353 72.016231891634462 70.906256045238976 69.835709309406042 68.797751783129186 67.813760373975711 71.043936768322169 69.532664811909854 67.987199704500441
128.24534907072996 126.57083430950289 124.90620599226145 123.30118607082892 121.65510688920713 120.16957298659221 118.54356956558802 116.90977918863092 115.28740242165409 113.68195514536325 112.0387166745241 110.33625056835558 108.66078346045393 106.91596422799549 105.22104781564664 103.49473928293989 101.86712824542734 100.33731736034289 98.735531563277647 96.868632192028173 94.811436170357453 92.752903332775361 90.756791518115762 88.964245249274967 87.383933653514802 85.830160318495786 84.30153982395359 82.797184383485856 81.316733500068381 79.860546139011959 78.302626942826919 76.91297341854461 75.566519277338116 74.161353162894741 72.940509970078367 71.757207108971613 70.636057998529679 69.556634915194024 68.512398146202955 70.23798492260552 70.55079679510132 68.98409419601839 67.450125648324615
