codes_tests/data/cartes_pz/Pz_Année1961-1963_Quat_fromProf_V3bis.grd
ncols 211
nrows 221
xllcorner 663900
yllcorner 6152400
cellsize 200
nodata_value 1.7014100000000001E+038
[rows 171 to 189 of 221, columns 129 to 171 of 211]
64.049432061534688 61.096535873696197 55.582712128210822 51.210923593640231 47.245078651585729 49.459347335936258 48.829959735482277 45.577030723026596 35.602973752985534 33.647479125462944 30.863969119373966 32.386744013386654 36.705738086737156 33.932729616576921 35.805490473790968 37.710941174200826 36.659335474933961 35.966765671914494 34.906948015919426 34.6277751788624 33.88174805539861 32.980050148422549 32.037769770816432 30.28194086700967 28.314178157470913 28.287964812607022 29.990875362167849 29.16647327527771 29.211868569146102 28.00192306617755 28.993868971589144 26.422172236806528 28.298379635385267 26.986172803957942 26.374453844533935 26.98324427764874 25.181303925198939 25.143920307272268 25.262880505798073 22.939337448266798 20.963102954675186 17.513709374526432 22.093453839025432
61.907543060857378 57.311525293946325 54.216755832776876 50.222203023440819 47.969751936324343 50.983756905523826 46.161762584960009 38.445610095369034 32.87014799896545 31.673721853920185 33.820501954578859 34.582257381150519 34.947714402970028 37.905620320623619 39.018723846584948 38.889648213828139 37.007813010591356 37.048074511668801 36.070051326594303 35.049013586084278 33.987489881769854 33.975126287831415 29.998510861696378 30.052030300754414 30.095839099809936 30.063192131655537 31.84965846413197 30.119676146527112 30.127311814449055 29.864657663433199 27.924327966312219 27.945236200143562 29.980495527978235 29.84701533427657 28.936681792248528 30.732326021176867 26.639585026060416 29.417201284366069 27.258803161915342 23.961331043211064 20.848455292389957 19.022628798900435 23.060225825948713
57.508928252180475 56.368497346865574 54.156531621747263 50.60427597628685 49.903516399628089 41.100451368813019 38.718431055889511 34.909153807936818 35.57223217888054 36.637443380346348 34.52479082699373 34.398977202526225 39.818576914875443 41.866735638300923 40.041538488400114 39.096338708582557 39.164164886691353 38.142425713721458 36.829161709150235 36.006332548294971 34.137118529740704 32.996305691017845 33.762156204878231 31.06703121162467 31.058714934961078 32.909673704274518 33.133794651241011 33.86269554206762 29.969364446807866 30.149617720034037 29.925813912075469 29.992761715695114 30.727688277974906 31.511081522001778 31.97773388094107 30.844719035498294 29.710101136081125 29.927038988451461 29.840683680915419 25.838449767548678 22.675903083424547 22.579353937831826 26.405191256334817
53.240148156504858 51.825905274270802 51.682253995454033 49.76785529885926 42.792627577879003 39.586561516765769 36.810054960833654 37.119465143540118 37.742884697211963 35.658875246671748 45.095905525703706 43.004976354681624 42.741847155535886 43.034785030617527 41.113170678607254 40.148532951949186 39.185090266028794 39.02849547051801 38.104860718754431 36.056300545300083 35.1425308991221 34.072162871091876 33.985348619881329 31.7982338614216 32.9997964010375 32.093021709008866 34.75092271917373 33.89316858167453 32.858360062233949 32.6373413285014 31.502417644789624 32.637678785340128 34.568472743389925 33.456867235382632 32.410577558625064 32.920944477155139 30.182644392746084 30.172281010328767 35.030177326494261 22.642220517393621 23.263044333233815 28.274234267158789 29.217709262632763
43.892294621751653 43.519126354731505 58.695120742021601 51.259671075121467 41.879815895279535 38.328227532317499 36.631126312819816 36.265352714209847 39.396952323238473 36.14014013492919 43.175287618322663 43.51908809016733 43.664857158595559 43.87606586182936 41.944555536562561 41.186954097219683 40.242118041686084 39.279194305050247 37.861927032952863 35.439407265403318 36.249377423568859 35.149654865986548 34.074001931737136 34.061008874891478 33.970252370226405 32.663999213376769 35.016691560532536 34.839996667819065 34.519131582063913 34.479255197182717 34.619762934582766 36.290545000759749 36.436142341051237 35.162816933857158 35.069547864863011 34.887273843410632 33.958809101862848 34.108356228966585 23.699838251320596 25.647295225990593 26.468235407299023 28.103738161246248 30.204931124756992
43.746197140750866 41.113399655790467 37.693677591681116 37.947778669783176 35.575105337171721 37.989373945121194 35.784280692374359 35.467596262114242 39.533741265038778 36.817842432360116 44.586532792530207 44.644781352088089 44.493830636103709 43.795675011317279 42.001799073164349 41.843699249828653 41.117637639752473 39.287867168163991 38.270745840363325 38.608884381070126 37.716384614383955 35.056636730661218 35.008785750159056 34.964710101137499 34.848418029821083 34.861674460825938 35.798450199650716 35.363959176836531 34.56852899331512 34.540265047668896 36.929284647107579 37.108104258790391 37.002423675416338 38.000432575176106 37.154580855286639 36.658519479040947 37.468657489262213 31.160089335873714 26.658374223570696 31.599863089733738 31.803160723062241 30.858864701372759 32.573903370788273
41.390550304825034 42.176413242063468 41.306014832293549 42.280855520655635 40.472558157461165 39.439478850525845 36.080613047675108 36.918737903583903 36.340036223948552 45.854159129142936 45.420131305846752 45.541260655895499 44.70401876557915 43.836674853189862 43.032044115444286 41.887916155321804 41.915194812224811 40.262705695033475 40.060016356154755 39.25156240407695 39.207303164349902 37.784013251672228 38.161726030701502 35.637503173808966 36.717312631480283 36.36545049585915 38.55927778116741 38.307734591571389 40.643255446515383 39.335654843096592 39.016382939812736 39.901785134218912 39.877167869013718 40.747532021632225 40.464198995582869 39.717940739850633 39.132124661506708 32.395412664422985 29.603275019394786 32.647788899806386 33.512015264473476 31.126141063515327 34.256811305651055
45.702862901035559 44.801259318244433 43.967574464062253 44.867489059089962 43.721463472981867 40.265313090389711 39.713256252458443 39.767904975529746 45.501948750720395 47.214798549789862 47.104390266126657 46.42889552580219 45.58971567015633 44.683381810582475 43.675144098605188 43.041833425469008 41.104627974098172 41.973646671927263 41.206410285017995 41.219293976169098 41.194970622571944 39.818440447639993 39.753752980985631 38.871869064700427 39.52690782464326 39.615978209737094 37.826824578548326 41.046266078226637 40.203004783068849 42.028018217348304 40.92814048148982 41.716737275484235 42.628334747303228 42.673506725688412 42.449803450280136 42.310034045651769 33.103107146926433 31.002941185259282 33.006739717896934 35.821397694702917 35.629002046082121 33.896954581475867 37.158325295363525
48.623698524730351 47.673101598612469 47.397423020543002 51.124656746315353 52.630948597191441 50.445781121669619 42.803735901831402 46.893032154615618 47.936394710702949 49.077681711962342 48.193730371628618 48.161718280741468 46.410358649379887 45.481979227688754 43.735354643351393 42.629864207336645 43.834293989805204 43.908459009587581 43.86108394152393 42.920131093441768 43.953842883865597 41.631251110082999 40.877803171410626 40.783162154200582 41.483824441922415 43.243011068843735 42.109933555742927 43.035175243808389 42.886269256135613 43.722385589039781 43.609814845710979 44.492687489233568 45.257867594858723 45.09990549638789 44.165233108214252 45.859565145880325 35.679671533115879 36.904523784980341 39.563043916643444 37.978308682046901 36.893817637931534 35.148937880815481 39.597645696372133
51.540232463411883 50.204280309549198 52.145273700656993 54.268307532858046 53.240806437778872 48.783138796319676 45.278588499912914 47.756642633553668 49.781579376206302 49.862177910180215 49.805764444843604 49.17721920378434 48.095392833100625 44.638117899773889 45.51345943610125 44.797242548786144 45.620607566999233 45.034940946642465 45.874065563597519 45.653809261226399 45.726795282892695 44.61255743238172 43.596752043334199 44.533147056899466 44.736153864149202 45.517308061535346 44.072904988116719 44.828599958162101 45.885454243819922 45.609816269938669 46.325003844968926 47.396085440205226 47.975122310721353 47.8247215257691 47.670897504339358 46.182230225553091 37.527626945536966 40.64200265593459 41.727373613247629 40.681873233802648 39.485920717627344 39.978329563008337 42.442375969397617
54.818799135405982 54.040633886737993 56.310907911692482 55.206349665489753 53.023471563976891 50.982357259242988 47.944151610469774 50.013264811226897 51.516984007060117 51.653805650661255 50.627212528193233 50.751508646354083 48.838242110353271 48.06667061476309 47.089656758053145 47.371454357995432 48.451389204900998 48.524658104916007 51.954772552622515 52.409408665362733 48.813735662071274 48.477816033083819 47.424421953476646 49.433175828990002 48.340487179636398 48.20493555929972 46.809318470403468 47.923548464348869 49.450896484155336 49.285736246602781 51.141366960878955 50.048266928457608 51.749537232173502 50.62781003249448 51.452285022603448 41.873295585492301 42.360011163868919 43.284773019333791 44.183824046063663 42.45045160191421 39.395006560536608 44.413697864873768 45.415537680167233
55.622481854910419 56.895372807558068 56.817385282708763 53.707572624223019 51.030709712691539 48.858711574050844 51.746889851230371 52.804338046053154 53.139954968914601 54.039415271879967 53.239880936017791 50.658306221950873 52.875287711195995 51.289336577533618 49.951363346724648 50.120803084913021 51.947840398007912 51.075884306097798 54.46527340844483 55.249950489741607 51.286483528313738 50.561467860085791 50.349819366209687 52.285389713737921 51.066295294825842 50.165242819029487 47.898778745681575 52.329216881541761 52.34391087553233 53.148232504235182 53.908712388624821 54.755458648693782 54.690126945455575 54.39279187528706 52.759823297985491 43.006111083884335 43.65061058326085 47.915225849236109 46.236140034802183 43.977995064568574 40.971329203357264 46.408162490539191 49.102513583522565
58.546227056052729 57.541776941294714 56.311110652783626 54.512129160600111 53.32870401324373 53.195330584501917 49.782667461596226 54.667668142170626 55.630288657711809 57.635006816079461 55.633495455839245 56.241071341717927 59.307184335542871 59.411905432008417 53.618072977638811 54.114922645935152 54.235327148909356 54.121989903461639 58.193873280901776 58.273600847167302 55.258263742950781 55.256435427742773 56.172010388182812 56.066456678618373 53.84386239081644 51.861348333568287 48.655826566576479 54.50273832800962 56.064039818765586 56.897280942819584 57.698644235235605 58.538905001596618 59.166045699659414 59.022681400191956 56.181156205463658 47.908414924495759 49.997591553268606 50.798104359079055 48.05069872936604 47.858782068563073 44.912106244755364 48.969670411707035 51.924408029488561
61.092821193455315 59.299449051820446 58.27923716938686 56.979865320140689 55.107417008075615 56.926385803961495 53.51518375603186 59.080897961652703 59.199833893301275 58.649645851754066 60.154330251176432 62.929826244396295 66.074392600835708 65.375659766232445 65.918531140573492 62.143983687476926 57.666402413304823 58.062720509348857 62.003270285073171 60.92889582896251 60.063411050537269 59.761194691525404 59.918578604373593 59.811806465944606 58.33423114945807 53.702611399060096 54.82162636682564 55.537308711490809 59.146453471505637 60.687490100614824 62.46070631871045 61.35622268338507 63.125909535436151 62.989134616729345 53.706924816933139 48.516024721929668 55.630586032124604 52.822923467348289 51.552943974742064 49.757771693549728 49.440066848510881 51.816144033542784 54.734856297178183
62.022904492409374 62.668352306149032 60.783265581339961 59.867064280802346 59.266258835929548 59.135956610368758 67.129477962524192 61.020110640851001 62.823968876963235 62.124451634145309 66.066236734594881 69.574052461117958 72.549701114684154 69.611528328425706 71.87867285163567 65.496040970191459 57.887748509357174 61.56926454644497 65.577841971651935 64.672151113628658 63.749330028053379 63.731324764264343 63.653263815353164 63.558078286987602 62.452055140842816 57.034119854452719 60.828997495111494 56.065161433439656 61.723109635257828 64.56529186337481 66.318226506808898 65.117911376204205 66.941783299756011 65.847487816922808 54.164042701302627 57.103417015785418 59.464618353546733 56.477121672643221 54.147688846354797 51.50197630193329 52.536435962260704 53.593273096463506 57.685875189771195
67.059449163477453 65.598312687417106 66.930461534405325 65.781373268587544 65.33602184736958 64.225607621448688 64.434234907609536 73.862467344612668 67.306520894209299 65.63540199970717 70.846264307886671 73.457017366362223 78.322469286802331 76.39685570331477 76.877505487036672 70.67266369455821 61.675025060008522 65.608566352173028 69.412819554107656 69.306945600076602 69.348472863000467 69.241171416999833 68.389468300304344 67.296161048814966 67.999325216744765 59.865548298700482 64.636986176917418 57.589723278868306 65.400676308541236 68.377320127178308 70.195721784978687 70.798998252222958 71.885181218316148 64.502208084615972 59.040488977765861 64.2169687244443 63.355959006779081 60.33078988128662 57.058026993648738 54.191946824030339 59.091453113930129 58.570591109946122 61.580411415250644
87.348587445783778 76.415254348097136 69.301610096346664 67.561025874874431 78.450166883756651 72.599453757560752 65.772359487951178 71.83911915569692 71.606367997849233 72.097303360649875 77.449512499572734 80.649773718643672 84.734715617523349 85.086392274669464 82.305425004073911 77.65203574181028 65.497937254541156 67.927286677663446 73.094502933685078 75.199562621798165 74.903969654753652 74.735453936980946 73.963774519371412 72.879916606889495 68.919547617966842 64.168805657663185 75.521850490490138 67.089707381211156 67.041686308846593 71.269448674330462 73.15829391144851 75.666272013245816 76.385600278702299 64.660680077932625 67.292219571063995 69.038820424538471 67.315640946225813 64.007153335884226 60.244946563001278 60.090094593854374 66.922662936510406 65.981895082307446 65.413325243726163
96.409759153219355 88.996696223707119 80.88147633632407 87.450483226303987 76.362417778899797 91.528763393501634 76.302931844120764 81.684075312279006 79.257955237785026 74.199289462547782 83.247884888539886 87.281091708804396 92.46790555941061 94.186236882150581 88.874934862664162 85.504747412608651 70.488262483525347 73.485293778703948 77.949011004091474 79.851781005022886 80.724576869855625 80.605901207187017 79.578004967769886 78.437308347884112 76.648868913073741 67.277763554884714 80.190217607745112 68.230708298716223 70.09902872240103 74.47373174763861 77.733505693151074 80.45550972986176 78.022039425583188 66.910439037642959 75.947115795127118 73.867284156919084 71.166020030289033 70.900895382187272 67.556188307205602 73.041364919900971 80.733762774034346 81.664451445668078 73.019439822660615
114.09843077476211 103.99086943952379 87.349199007470659 93.590993215699996 91.18654265067795 89.799566784350162 75.473943264320752 81.208183909184527 91.073244034109678 81.884755723575637 86.890690499436161 94.778299852621515 99.38650855068569 100.14653969559969 95.396295053883861 85.595641021858057 73.983585730620334 79.4240671494276 81.353082328972832 83.792918169264098 86.611417584289399 85.58312205843643 85.566291005174563 84.241404075771712 79.417472810268549 69.051594761849017 77.695458674435201 71.793205627385674 71.577474071530574 79.131525704547784 82.430680655163243 85.24721892725411 86.485464235866019 75.700705549455094 80.329014544852924 78.884892806973752 80.283950359986164 80.190213267468835 83.360765598528616 82.231794961235579 99.52719300284879 105.0176341995827 99.06248462901101
