codes_tests/data/cartes_pz/Pz_Pliocène_Avril2013.grd
ncols 211
nrows 221
xllcorner 663900
yllcorner 6152400
cellsize 200
nodata_value 1.7014100000000001E+038
[rows 171 to 189 of 221, columns 0 to 42 of 211]
271.93241245168298 270.62583781658992 269.32212495377246 267.64107984532944 266.34978892088901 265.06187864951664 263.77754122770727 262.49697706350537 261.22039512452733 259.94801328989041 258.68005870398588 257.41676812081323 256.15838823377209 254.90517597341585 253.65739876565377 252.41533473136752 251.17927280709489 244.68781469573614 243.43650159328388 240.61532292055972 239.34659916072621 238.086844362644 236.83646958252373 235.59589527117151 234.36554959461739 233.14586627198631 231.93728184632846 230.7402323009191 229.55514891093034 228.38245321140019 227.22255095490277 229.00676849033889 227.90907339351429 225.46110446962777 224.41203697572146 223.3762480056626 222.35381701439476 221.3447244959406 220.3488320753091 219.36586003738759 218.70414737850592 204.76719043815399 203.95835294884543
273.36643125299986 272.05940534499916 270.75513804508313 269.45379144090623 267.77845082891002 266.4896277660655 265.20424152056466 263.92248281660795 262.64455031366225 261.37065089137531 260.1009999214603 258.83582152253587 257.57534879170078 256.31982399356696 255.06949869956989 253.82463385879552 252.58549978171877 255.85230025409808 244.69711681212016 241.81607026515493 240.54229362923795 239.27703222626539 238.020662387307 236.77356684232839 235.53613282117064 234.30874967997761 233.0918059701867 231.88568586834009 230.69076487350222 229.50740465727239 228.33594696276572 230.20024056235511 229.08987319989984 227.99123599609186 225.54255990698718 224.49064603094564 223.45080318549353 222.42293158905957 221.40681387931335 220.4020947783896 219.72132076382823 218.72936741369665 217.74667953976305
274.79843167045379 273.49089828730513 272.18602125328061 270.8839549484079 269.20490827885698 267.91512039312346 266.62863438830271 265.34563133806444 264.06629962905015 262.79083517486362 261.51944161356749 260.2523304780089 258.98972133559448 257.73184187983139 256.47892796015549 255.23122353674503 253.98898054300443 252.75245862758965 245.95443049175944 243.01317206177535 241.73431798893699 240.46353138720536 239.20115505643798 237.9475354768328 236.70302074378043 235.46795803558857 234.24269054482215 233.02755379563314 231.82287126346887 230.6289492023507 229.44607058191755 231.39101163836654 230.26817396573236 229.15607467921041 226.67120415137342 225.60354897244218 224.54676146479997 223.5006752758508 222.46500941750332 221.43935010405772 220.74043899859029 219.72464436955855 218.71661131912271
283.07518262679582 274.92045863560514 273.61492263355478 272.31208854110952 270.62931981189291 269.33852170619366 268.05089189740625 266.76660190083101 265.4858299194438 264.2087609976677 262.93558714725197 261.66650744401852 260.40172808243318 259.141462376481 257.88593069280137 256.63536030435165 255.38998514137009 254.15004541991382 257.316297284104 244.20701429830712 242.92307975556676 241.64677297103029 240.37840460915379 239.1182865794477 237.86672985182329 236.62404181894942 235.39052314711125 234.16646404539378 232.95213987981634 231.74780605460415 230.55369207364504 232.57985208372705 231.44480199776481 230.31955268880043 227.79892235373484 226.71597440337698 225.64277580123172 224.57910620663898 223.52463488574176 222.47890467837635 221.76283633948844 220.7243715844763 219.69234200600746
284.59715462799426 283.23452486231423 275.04198383139038 273.73833985332988 272.43743511783418 270.75998992085368 269.4711789327867 268.18556637132463 266.90332039453148 265.62461532934475 264.34963173520987 263.07855643083184 261.81158247052554 260.54890906759732 259.29074144127259 258.03729057876575 256.78877289003037 255.5454097453551 258.72007298211889 257.36159547774355 244.10896847430124 242.82716853617708 241.55284660182082 240.286281847276 239.02775027855097 237.7775220364893 236.53585821952436 235.30300716068461 234.07920009975086 232.86464618128821 231.65952671133078 233.76747318473696 232.62051574206643 231.48247761325882 230.35333532693591 227.82883723897174 226.73981289819997 225.65924143744436 224.58675471012089 223.5218653791998 222.46395221464266 221.72971495420711 220.67504885612476
286.11735055469217 284.75411115292462 276.46734020027753 275.16284998324397 273.86098523974107 272.17967635425487 270.88965323242263 269.60268920970293 268.31894258384347 267.03857717016552 265.76176230401938 264.48867280793525 263.21948890111923 261.95439605023256 260.69358474066263 259.43725016256013 258.18559178602459 256.93881281220581 260.12129394231442 258.75853785096797 256.04836339117787 244.00510895868979 242.72489390434086 241.45195794321793 240.18654438044342 238.92888872379018 237.67921552445927 236.43773470958442 235.20463736479803 233.9800909022178 232.7642335675429 234.95452593787527 233.79600532158886 232.64557943807918 231.50318391523243 228.94295178065704 227.83872564701181 226.74196963780832 225.65228897248303 224.5691774576585 223.49200499668888 222.74164121951586 221.66568998911745
287.63589851478923 286.27201566624325 284.91036135592469 276.58575360050389 275.28289980890338 273.59772550108892 272.30646542653756 271.01812747921571 269.73286031685706 268.45081748812129 267.17215738528358 265.89704315114614 264.62564253239674 263.35812766555699 262.09467478779345 260.83546385292988 259.58067804165006 258.33050314726404 257.08512681496052 260.1532753056797 257.39222997342864 256.00183512149778 243.89493580199863 242.61572554061286 241.34354574796544 240.07859994979236 238.82107917390039 237.57115838333181 236.32899240548815 235.09471131657116 233.86841523550831 236.14160147019945 234.97189317803827 233.80951188708556 232.65435936927423 231.50627343399879 228.94025800412095 227.8280577524342 226.72202225217066 225.62163600119081 224.52626962833656 223.76093612436506 222.66502671822951
289.15292037582418 287.78836512670853 286.42594182993491 285.06576428820586 276.7033125733526 275.401976114376 273.72175908419678 272.4320308752487 271.14522971808719 269.86149918528429 268.58098704751842 267.30384513173323 266.03022912341407 264.76029830189032 263.49421519293566 262.23214513508691 260.97425573221153 259.72071618896297 258.47169650124948 261.54610572559722 258.73407662411995 257.33860300829218 245.06333740574306 243.77796873015089 242.49915862663829 241.22708127960394 239.96189717792004 238.70374968070345 237.45276112598103 236.2090284619733 234.97261835830292 233.74356178294801 236.14873560619114 234.97485474476323 233.80746339608862 232.64637478365469 230.04505092895533 228.91815868216727 227.79661337686014 226.67989812008153 225.56739200293055 224.45836166958523 223.67364539424744
290.66853193855849 289.30327992699665 287.9400653960837 286.57899551829439 285.22018097172946 276.81986779638675 275.13567078741153 273.8445417632463 272.55619922633099 271.27077708982961 269.98841286005228 268.70924744875032 267.43342493520976 266.16109225427073 264.89239880633465 263.62749597750832 262.36653655335709 261.10967401341611 259.85706168636358 262.93730904238441 260.07421294157126 258.67376258339016 257.27873686468411 244.93904474734234 243.65375770114801 242.37472565414217 241.10208145923434 239.83594010931819 238.57639505463504 237.32351409609612 236.07733483535557 234.83785966639994 237.32702514788548 236.1421169396377 234.9630192105563 233.78952660600834 231.15364903650595 230.01281959838093 228.87660566775963 227.74449541354548 226.6158824902588 225.49005929613321 224.69197827418378
292.18284311193833 290.81687430114579 289.45285071410677 288.09087309903452 286.73104536606519 285.37347456801308 276.93527083673786 275.25579523404122 273.96590963565643 272.6787979782705 271.39458789082209 270.11340980637885 268.83539668314745 267.5606836584534 266.28940762434513 265.02170671386284 263.75771968252354 262.49758517663435 261.24144087019113 259.98942245460472 262.95240813598571 260.00761403288351 258.6073633025876 257.21230429669168 244.80768821019768 243.52189363521288 242.242008270057 240.96812183240144 239.70030228329466 238.43859200311135 237.183003584972 235.93351524382882 238.50719324363749 237.3117402118217 236.12147614839864 234.93618243152142 233.75557982430783 231.11249059404579 229.96243734103896 228.8158463559144 227.67213053222184 226.53061198198182 225.72032311813965
293.69595807997285 292.32925649459116 290.96441018120538 289.60151368406633 288.240664379034 286.88196242779276 285.52551071935511 276.66591919678552 275.37449416011805 274.08570062308343 272.79965674558042 271.51648293656939 270.23630154348626 268.95923647897757 267.68541276863078 266.41495601134159 265.14799174156678 263.8846446811408 262.62503786671118 261.36929163866409 264.33690132652941 261.34043579225442 259.93509988721854 258.534591921865 257.1390118095174 244.66891396807296 243.38201896108049 242.10064868936732 240.8248488048979 239.55463972045047 238.29001274636477 237.03092590989826 239.68961382305116 238.4841031837168 237.28321465063937 236.08672083328418 234.89433802625649 232.21753339095628 231.05445180239013 229.89426833802671 228.73641859572015 227.58025708998025 226.4250539284017
295.20797546796143 293.84052893388611 292.47485010700035 291.11102755732276 289.7491523694419 288.38931807881943 287.03162058945799 285.67615806650593 276.7820785018813 275.49161587769822 274.20375563778856 272.91860865959205 271.63628720921236 270.35690456218992 269.08057453296146 267.80741091895538 266.53752685098914 265.2710340378332 264.00804189605981 262.74865654720514 261.49297967543845 262.67248438827835 261.26221168999501 259.85642179229251 258.4551971408431 257.05860755243111 244.52242103136206 243.233837522724 241.9503601738009 240.67199060076385 239.39870221846917 238.13043645945712 240.87460658417771 239.65952569434688 238.44855145440454 237.24145160291519 236.03794178014269 234.8376811519588 232.15290763926384 230.97998916777669 229.8089352959239 228.63913458053349 227.46990108630024
296.71898851213712 295.35078839594371 293.98427088396011 292.61951880854144 291.25661721185668 289.89565327441358 288.53671621196884 287.17989714450994 284.56263308760367 276.89666678152355 275.60701249405702 274.31991999098653 273.03549199480562 271.7538317419843 270.47504249746117 269.19922699258962 267.92648677032605 266.65692143277113 265.39062777897999 264.12769882180356 262.86822267633039 264.00399556650945 262.58894106021609 261.17804295130105 259.77136797893797 258.36897017588421 256.97088871698912 244.36796975456286 243.0771234163056 241.7909361195731 240.50936643762282 239.23234241221638 242.06244107670085 240.83827327365631 239.61774485986837 238.4006219077379 237.1866225400949 235.97541324154216 233.25798814503563 232.07315790352465 230.88978759489174 229.70730061671193 228.52505480132683
298.22908522345477 296.86012617912763 295.49276716294349 294.12708550547819 292.76316046810246 291.40107315354697 290.04090638621261 288.6827445694982 286.05324397918912 284.71654433361931 277.00954708232013 275.7205412820914 274.43404498526712 273.15015199765747 271.86895569792057 270.59054848293874 269.3150211132654 268.04246197444951 266.77295622860532 265.50658485874186 264.24342359433234 265.33518432977399 263.91550835227844 262.49968077634139 261.08775441302441 259.67976936957041 258.27575108148682 256.87570813951396 244.20538912408207 242.91172836225417 241.6222573160411 240.33689347073383 243.25334025921435 242.02056164850475 240.79099995978035 239.56442232742205 238.34055188792024 237.11906473628528 235.89958707610205 233.17385493738732 231.97901200822753 230.78473990866786 229.59043942461716
299.73834855716376 298.3686282755607 297.00042802587302 295.63381987845696 294.26887757611581 292.90567642252438 291.54429315801616 290.18480580032377 288.82729346018584 286.20486722843941 284.86873102756977 277.12058839808657 275.83206622290146 274.54598965932462 273.26244285432495 271.98150858773994 270.7032676312196 269.42779801855914 268.15517422597821 266.88546624524861 265.61873855503114 264.35504896733687 265.24211276456987 263.82153794894703 262.40456216431033 260.99121331232146 259.58150493063999 258.17543419525532 256.7729797793462 244.03458261890196 242.73758726439075 241.44429703070836 244.44748467161591 243.2065612015958 241.96847375269149 240.7329926781573 239.49984813467657 238.26872756328379 237.03927339713266 234.28210126324782 233.07658481442624 231.87137683419846 230.66591978964837
301.24685655145117 299.87637554335919 298.50733716530016 297.13980850181105 295.77385803394043 294.40955555407595 293.04697202221297 291.68617940252562 290.32725046702245 287.69259287634742 286.3547995046992 285.01908111535084 277.22966692467037 275.94145965365306 274.65562263765429 273.37222975437612 272.09135255276772 270.8130595554158 269.53741546437595 268.26448027533019 266.99430829210218 265.72694703719202 266.56893323415096 265.14379551747561 263.72197380473614 262.30348541069253 260.88833365517132 259.47650606980932 258.06797245712841 256.66268283741402 243.8555322431437 242.55472168332159 241.25712366186107 244.39640129930828 243.15028006656206 241.90642756532617 240.66458254159394 239.42444504339579 238.18567462988858 236.94788887804083 234.18243127528001 232.96708536693075 231.75131179990629
305.37617683506403 301.38344388203751 300.01357307030486 298.6451324803424 297.27818559861737 295.91279698538023 294.54903212724633 293.1869572662871 291.82663919454302 290.46814502000359 287.84040325902515 286.5029391500255 285.16749036564005 277.33666778488555 276.04860398451166 274.76282402647729 273.4793909771447 272.19836465304462 270.91980085410228 269.64375052282423 268.37025880742465 267.09936403460796 264.28274451191089 266.46661403603849 265.04015005356837 263.61674577340455 262.19639582045346 260.77907967448692 259.36475991756515 257.95338039580173 256.54486430088627 243.66830065248479 242.36324105044179 245.59017456259247 244.33649424914697 243.08478161936591 241.83478512715041 240.58621829614262 239.33875830873234 238.09204490956029 236.8456796989104 234.07169789274764 232.84639172610332
306.91098521759596 305.51793068416231 301.51920917877783 300.1498676450438 298.78193848259383 297.41548132755656 296.05055649685721 294.6872248362086 293.32554751272539 291.96558577605856 289.32563289688028 287.98646849959101 286.64919262756996 285.3138636825542 283.98053835422212 276.15339342043086 274.86748730483095 273.58381994243001 272.30243907128221 271.02338746950807 269.74670208492608 268.47241306982369 265.57721644618539 267.79013473065686 266.3592311145552 264.93113272585765 263.50582688043204 262.08328643083581 260.66346819949598 259.246311338331 257.83173563491778 256.41963978825589 243.47303115401525 246.78794064414595 245.52715759258109 244.26807438544051 243.01045004615796 241.75401210796062 240.49845555537948 239.24344205369974 237.98859954261422 235.18501298767757 233.95090431944982
308.44521623705515 307.05142464086953 303.02431418869281 301.65408474183397 300.28518955883885 298.91768357933859 297.55162225089845 296.187061344874 294.82405675054906 293.4626642361747 292.10293917637608 289.46975466104766 288.13070523383021 286.79347574505238 285.45811642915146 284.12467515180714 276.25573570003723 274.96952113952045 273.68542714444544 272.40348916554353 271.12373683930059 269.84619309179624 268.57087315950685 269.11448076075726 267.67933802799155 266.24676433148562 264.81674089139375 263.38923519619408 261.9641995937979 260.54156983037637 259.1212635610193 257.70317884133271 256.28719262898011 247.98973025247031 246.72228146576839 245.45629485617869 244.19154052626763 242.92776027891753 241.66466682271806 240.4019432636797 239.13924293740598 237.8761896402668 235.06456985493551
