codes_tests/data/cartes_pz/Pz_Pliocène_Avril2013.grd
ncols 211
nrows 221
xllcorner 663900
yllcorner 6152400
cellsize 200
nodata_value 1.7014100000000001E+038
[rows 19 to 37 of 221, columns 86 to 128 of 211]
64.361536852793421 65.49361558181694 64.68694778172015 63.882122762293072 63.079511201600631 62.279529848562738 61.482645236773315 60.689377522912501 59.807563361107832 59.024386518167965 58.246770562669084 57.475492693541291 58.400510293987885 56.70204134360111 54.015882621072961 53.32898588327199 52.65322224164084 51.989892373431431 51.340416284756706 50.706345285059754 50.296239362252919 49.693168763800763 49.111604874339186 48.553204704622722 48.020435050379803 47.51601789561574 47.042959542843136 46.604579856438299 46.204538803117266 45.846855672312905 45.535913712815208 45.276439143774439 45.07343823802151 44.932069124514243 44.857415945744947 44.854122214951069 44.925828545677682 45.074349303972873 45.29851661299827 45.592623943269132 46.027361827118654 46.422439694294511 46.820262241794104
66.906350797925597 65.548428386773125 64.7375097244703 63.928156687200108 63.120733797378378 62.221698390379672 61.420438813332069 60.622524108756565 59.828534685785961 59.039115146296567 59.954818355521667 59.153473211412624 58.358641670493824 56.669824735170323 55.912210371803639 53.294684882521281 52.611153106876763 51.939891192227059 51.282350473020131 50.847713290409487 50.217150780426948 49.605483068562982 49.015729625419404 48.449296441355962 47.908764796721542 47.397008345793012 46.917236224353736 46.473040996184544 46.068449921958447 45.707976436654555 45.396666190099715 45.140128098867137 44.944535015448778 44.816570141146386 44.763283543243212 44.79180762488653 44.908861401782211 45.119952426372954 45.428165363095495 45.832412515739442 46.325020567706083 46.754689791889227 47.572227589306856
66.417230237093179 65.600794913468434 64.690232388072062 63.876958181034361 63.065305523616857 62.255679649332201 61.448539265959006 60.64440077990227 61.553724754057242 60.73468262360776 59.92018979822933 59.111018298360356 57.402525929175418 56.627950329028195 55.861578621174516 55.104535378784995 52.556663516377931 52.087537542651766 51.416058216947555 50.759566108973374 50.119302484155781 49.497017871542546 48.896791959175481 48.319751290973976 47.768537379552974 47.246110512085366 46.755805609315829 46.301398038074176 45.88717958615063 45.518043680795685 45.199576897216154 44.93815031646114 44.740998532540132 44.616264992987382 44.57297850383231 46.161043904542211 46.240358205019625 46.429407581471096 46.736862821783177 47.168193315127795 47.722982221407321 48.391136857153498 49.032971719080237
66.376720056673932 65.556676627605484 64.73724632397483 63.918725717232668 63.101457921343844 62.285836862782446 63.191565552005621 62.358470251005713 61.528187576697192 60.701341452650809 59.878627629978091 58.151249482054602 57.360507674893348 56.576529464153793 55.800345976036425 55.03308514063508 54.395886166025775 52.005154201609621 51.322575926860004 50.654576052469359 50.002757741786631 49.367825129705906 48.754826890875464 48.164577359474897 47.599716515380351 47.063215072760947 46.558440442720581 48.047764593682032 47.56286436403667 47.120968064800863 46.727959464126556 46.390725181750703 46.117327583091821 45.917175491557742 45.801163083614753 45.781723825491696 45.872711090140413 46.088969120600439 46.445400565932424 46.955279785180494 47.627516806027216 48.462539675462665 49.446370255526574
66.431367819993341 65.606499145512814 64.781863575755594 63.957740159613245 64.862440446615665 64.018700947953334 63.176274639421528 62.33564344592579 61.497354365693909 60.662023834903295 58.916693556163231 58.110735506188249 57.310110638568247 56.515756855268961 55.728702861949792 55.069545153788582 54.298154253475417 53.537708120741001 51.214147255687763 50.533001908289677 49.867600219117513 49.218221363743424 50.730743558957919 50.077589245506999 49.447277023426203 48.842605830764697 48.266770290197243 47.723453991373418 47.216946984710276 46.752292465400657 46.335467872799512 45.973605029535605 45.675251499398982 45.450669244994735 45.312153899345056 45.274333884404136 45.354367141747801 45.571888810308565 45.948476169099735 46.733416324779498 47.474796601366961 48.431802002739744 49.319382118800618
66.484431913198236 65.654472747528487 66.560434066338075 65.709160143387862 64.857945414047322 64.007136338405658 63.157137217333378 62.308414893399998 61.461503343969696 60.617008077070452 58.879183968889521 58.063014237281983 57.251612599036271 56.567303908484732 55.765967001685617 54.972432085650837 54.187910199197425 53.41371444360535 54.96193999507561 54.169378362255472 51.877736206854792 51.168383718836218 50.476922456585683 49.804892857153035 49.154513185712752 48.528413774272671 47.929594399163371 47.361521066418078 46.828251726442829 46.33459869935308 45.886337427769234 45.490472967341219 45.155576674123623 44.892204175216847 44.713398563216444 44.914659583242084 44.939352141307559 45.107950445380496 45.448572329796747 45.992774370229228 46.773388664597434 47.536191687637967 48.902659439425364
68.279813655419588 67.423759835235799 66.566760631439138 65.709036049404673 64.850855460765857 63.9925427319262 63.134481343354373 62.27711939928421 61.420974422768808 59.666125381218833 58.8356350890096 58.008437627766995 57.306307151005527 56.485950215401964 58.079418317155813 57.233317903286746 56.394397648724336 55.563881768728805 54.743086046730753 53.933422124582023 53.136404698555836 50.913960189487867 50.202574505536091 49.509514186778048 48.836625236517932 48.186289259062676 47.561204773616609 46.964479474295516 46.399753552806516 45.87136386222231 45.384562038198254 44.945804057698716 44.876557894616241 44.543583649352342 44.289179624406202 44.12984781661536 44.086712259016146 44.186620621095862 44.463067305728366 44.638651017786728 45.427901822152876 46.525671534992973 47.97194830846874
66.62741346678618 65.772888502121859 64.917410982729606 64.061197246393789 63.204515285972946 62.347690405328976 61.491110868578559 60.635233413290933 61.37617182357026 59.62809319165585 61.522347552673665 60.523737728082367 59.649568370720949 58.778707549956152 57.912107476850352 57.050804177218659 56.195915857391796 55.348640919641596 54.51025620208317 53.682116222710874 52.865654488138681 52.061931088039351 49.908953921399188 49.192974396749662 48.495469512907476 47.818504317401882 47.164383264303588 46.535729568715766 45.935594621169784 45.712445708358629 45.165930632833692 44.660895638806203 44.204248389016982 43.804894885232898 43.474491067421781 43.228480463003123 43.087496791443051 42.722949720311377 42.918475978351879 43.330788361564501 44.017398932815695 45.041626570809299 46.461490075973792
66.690061096307971 65.829758949483619 64.967965365419744 64.104862827047981 63.240686466797321 62.375730264962193 61.510353245230931 63.398317044541272 61.624891408067562 60.742472806879185 59.877011006326839 58.996928921607179 58.119353920854493 57.245192574516025 57.736103199448124 56.858537992963562 55.986564670822652 55.121359888062564 54.264164948403483 53.416279063441024 52.579053553023996 51.753633316967111 50.941306938728538 48.857038591937467 48.133219023459944 47.427747646249671 47.115214885778862 46.438494977498898 45.785848852279344 45.159972955936453 44.564137678459772 44.002427941767664 43.480086997544149 43.00401449603001 42.583498600451236 42.231304903005778 41.601818309547824 41.482310850783662 41.511069255094483 41.738836587046748 42.234084969061492 43.079926042914984 44.356868407294627
66.752162667977601 65.885897514918824 65.017560207254704 64.147294315799215 63.275297001041288 65.170648160085705 64.257162107605495 62.467720739666454 61.573842409529924 60.695428350688239 59.800867276820973 58.907148989330736 58.015082489568144 57.125569960596451 56.239604052224593 55.358262805293776 54.482702187887398 53.61414638821023 52.753876221404767 53.136798640347422 52.277639008862153 51.429332029499989 50.59249647712177 48.503625938518461 48.137022475238851 47.388913811099215 46.657837185933474 45.945159553865523 45.252359390301422 44.581105905269425 43.933374745181865 43.311616768429374 42.719007273225095 42.159822106312973 41.233519949124343 40.795432380045412 40.419010769218481 40.123607394254726 39.939507551151422 39.914831979283306 40.124942377460357 40.678357480812608 41.698006901610086
66.81410044022708 65.941718844917034 67.886601757673191 66.971841723193094 66.053940331743476 65.133088896866767 64.209548274998198 62.425530920678256 61.535878085872383 60.628598173056417 59.720534106398958 58.812388991734636 57.904966133830087 56.999167951814904 56.095991970264905 55.196523564797218 54.301925262049593 53.413422584315626 52.532286657702883 51.659814075272415 50.797304811647805 50.44268911577025 49.588503192427311 49.743178326110041 47.725919485945383 46.947344024458033 46.183160356067624 45.434083781489875 44.700758019357849 43.983788032218072 43.283792742587096 42.601486137428658 41.937802372816932 40.878015508865182 40.289212170457631 39.726994585005514 39.197147980408339 38.709767745988955 38.283271630442187 37.95280446539995 37.787627247487194 37.921093340250579 38.564000329627461
69.707948953519207 68.793243068406795 67.874511467379975 66.951779368041031 66.025127012818558 65.094698403624975 63.296701618699586 62.397618104021547 61.479489540214949 60.558999564856599 59.636732120982444 58.713378575570346 57.789739590940243 56.866723905990796 55.945343424409742 55.0267040743786 54.111992033641435 53.202455113758049 52.299379357227693 51.91246560919663 51.01217341102857 50.121824579562272 49.241891361164946 48.374549388044898 47.520149175385612 45.654391318258675 44.877654170357502 44.910088228791935 44.137206399631474 43.375920023270787 42.62556289348322 41.88520271560806 40.727917197344865 40.035308833342775 39.34949385793611 38.668799741228526 37.991743427452377 37.317782387014006 36.649307476166982 35.997218952277294 35.397855549597267 34.968234038359768 35.054609840598992
69.710376434460656 68.789031181968952 67.862938912449621 66.932067777058123 65.996441650698273 65.056150052662503 63.279608655870135 62.352601434585445 61.421725398305199 60.487428992961412 59.550273471366829 58.610938672310738 56.12234486153411 55.207038093296511 54.293151936788576 53.381859317793776 52.474424848322712 52.185900795888131 51.274020158305063 50.369796142180078 49.474562593629372 48.58957215680563 47.715544525561107 46.854044110610602 46.00578327548893 45.171001167212665 43.419787181574534 42.660668970936015 41.91460415767618 41.180635212157654 40.492594463941899 39.78247127400801 39.077377262529424 38.373957744312676 38.442390342450054 37.659231880174971 36.856792379308224 36.026170683903402 35.15626325801199 34.233800168666335 33.24586018902415 32.198614474001921 31.328096631420781
73.150048749438696 68.785998791354629 67.852478999549561 66.913353338311225 64.022708119709648 62.51934113441223 61.606486375652196 60.689026225710542 59.767277874288794 58.841672816498047 57.912767040089548 56.981249112406708 56.047945229850257 55.113820186364862 54.179973168039076 53.873876182687283 52.928606876637986 51.987321945228075 51.051470650691229 50.122503780510158 49.201822840824775 48.2907228537739 47.390063633932172 46.500980231158394 45.624412077191131 44.760289628188346 43.908441875078182 42.211326081612668 41.43001832030027 40.381375235392653 39.632608835599925 38.888083977840061 38.144089774895384 37.639785936614651 36.86426938862715 36.069756708665636 35.247080745346636 34.384773223164458 33.468527848239063 32.48089073797388 31.402631696662855 30.225721436250243 29.197645102216047
71.156131209243185 70.165179834917353 65.899946934890295 64.97705416640602 64.078657202833369 62.545269819351148 61.621404068293018 60.691788016067704 59.75668067819273 58.81646577262886 57.871664899683893 56.92294865398118 55.971144525966821 55.655370544532772 54.685129204057162 53.714990729855202 52.746376742896629 51.780808172283059 50.819865087064599 49.865135505358658 48.918153859594554 47.980330754087596 47.052730117482511 46.136192200888914 45.231929327304044 44.339680618797516 43.459087623128084 42.589233571631858 40.664226916067221 39.874538737440645 39.089587462931313 38.305900942336898 37.519200865951575 36.724327329054205 35.915162766440403 35.084590967734727 34.395744617932181 33.476276002180192 32.510121554522527 31.496455390992146 30.456844382754014 29.490403871483302 28.939535722447111
71.187957239294647 70.1900152640915 69.185145301426289 65.044309531692107 63.501474641869358 62.573473740870043 61.638416023211846 60.696372515881507 59.747532654346777 58.792222106397119 57.830919825895521 57.513797904910845 56.527577620200148 55.537626738548283 54.545151863674292 53.55154034256244 52.558341385586374 51.567234744725006 50.579985651102731 49.598385497069977 48.624178875060224 47.658978931928246 46.704133974834924 45.760334038911594 44.829128080105981 43.910190486340142 42.665982567821885 41.786777176158033 40.9168560890988 39.374303915937517 38.560083296543567 37.746088981446007 36.92800704528532 36.100934283464312 35.259530978002296 34.398362091899145 33.512649406247327 32.599924969996323 31.781091726920117 30.816968684518642 29.896410125529204 29.135670035760153 28.74012478181945
71.22168186159017 70.216891116930952 69.096074157375924 67.471771298119592 63.542976050045169 62.604921949705599 61.658572150381261 60.703905694543309 59.741028059705812 59.430723971052231 58.437607108696611 57.437340385074947 56.430751133365078 55.418889321586704 54.403033103386313 53.384684592519136 52.36555315565785 51.347523627107947 50.332607338715661 49.322874796421544 48.320370322056874 47.327010915763978 46.344473833133634 45.373609848225698 44.416226801188813 43.133450396449021 42.218836358976318 41.316178971070642 40.423716598626733 39.53898429321783 38.045469108887303 37.209939321939501 36.371340965327825 35.525478358333558 34.66833686856765 33.796750995635733 32.909610787761785 32.010064464719903 31.109504413964125 30.234441760508663 29.436675594678476 28.856331355892326 28.473151370627836
71.257879842385051 70.138425591138173 69.120494646747531 67.499660781723364 66.480772505979985 62.640664034133756 61.683019231602486 60.715627451521698 60.395244408909932 59.393852883729267 58.382999294917269 57.363256991195357 56.335442144787471 55.300634219550012 54.26018904724264 53.215741238147956 52.169192279572449 51.12268061675563 50.07853038797343 49.039176543381444 48.00706593713798 46.984536688237867 45.973681443029278 44.975821073940409 43.653431451990642 42.701815031923473 41.765101530061422 40.842327422825768 39.931759474531304 39.030951427856401 37.545132701431697 36.696225032657544 35.846814003329925 34.993528768749641 34.133705410402555 33.266215549629749 32.392774634771314 31.519987552191822 30.662387441253166 29.84636820017861 29.113502898405208 28.518401130153151 28.11286936577687
71.189264392502864 70.17376104089567 68.549196522480571 67.5315256569029 66.503187940184418 65.463763494600599 62.380394297440532 61.385928775627079 60.379818571578284 59.362117748408451 58.333089943891167 57.293244063569219 56.243368731755382 55.184562967078108 54.118259784570633 52.492611989443077 51.431576752030253 50.36966838482973 49.309577654009203 48.254181015598249 47.206428522224563 46.169201527127271 45.145146684815856 43.851946629746287 42.873790287482166 41.913614069569078 40.971436749860594 40.046479454223977 39.137120950807187 38.240999228934314 37.355186507873128 35.948127074856401 35.112789021038878 34.278319429210839 33.443056468424288 32.607171362149757 31.773790737472723 30.950488557711918 30.222881124544173 29.458347509961978 28.768687763172423 28.186248300559971 27.783609485922582
