codes_tests/data/cartes_pz/Pz_Pliocène_Avril2013.grd
ncols 211
nrows 221
xllcorner 663900
yllcorner 6152400
cellsize 200
nodata_value 1.7014100000000001E+038
[rows 57 to 75 of 221, columns 0 to 42 of 211]
120.71400097399756 119.77545933021385 118.83648325549755 120.14560861414863 119.17401388620921 118.20205045355611 117.22973842796408 116.25710055486975 115.28416230557198 114.31095196571864 113.33750071915952 112.36384272428594 122.10478971622703 123.40669332001387 122.46535870917687 121.52352393766796 120.58123024653825 119.63852232183852 118.69544826014085 126.67059952434838 121.36446168338614 120.51067185268967 119.65621026341466 118.80112597243334 123.30174944770731 122.3571130541248 124.19887656937203 123.13618116646552 122.13339373467886 121.1311496600393 120.12908866001463 118.26728568008133 117.2634479186946 116.15244909836805 116.14845979463314 115.15222006972968 114.21628658990024 113.47476236540089 112.5331387437158 111.55230805455122 110.57228293074446 109.45789430316769 108.48832580265804
121.66444121682484 120.7248982299905 119.78487653727503 121.07396558012353 120.10118950104997 119.1280011362812 118.15442077299517 117.18047160349423 116.20617971159346 115.23157416755238 114.25668711372849 113.2815538467069 122.79130936782735 121.85621332872002 123.08439203825461 122.14052326099085 121.19614074050435 120.25129161585321 116.34846849523768 115.43286355378228 121.8331747935422 120.97667966950206 120.11945484239904 124.31741993026286 123.69352745563718 122.74592909151008 124.55485062513721 123.49409333429622 122.48828192036879 121.4828634040778 120.47778355448926 119.47307577216918 118.27669630681346 117.26314065396176 116.46287935501779 115.4638339650057 114.46551158233792 113.67222589613853 112.79225896396748 111.80886182466085 110.82630571526336 109.70834758207698 108.73629485152516
122.61433863033594 121.67373809878848 120.73261108398709 122.00146644519239 121.02743867862934 120.05295117276404 119.07802458328185 118.10268253201603 117.12695171254599 116.15086198928589 115.17444648807994 114.19774168252123 113.2207874706552 122.53901548183568 123.70187368155378 122.75583985455556 121.80923260755904 117.92260018447189 117.00510011568944 116.08716105254632 122.29983425221317 121.44045851678189 125.62968822827052 124.70185986978714 124.08182409596989 123.13106476644134 124.90646358387222 123.8473854760401 122.83834355259737 121.82950629184072 120.82124227235117 120.41234012241941 118.62137563335989 117.60469989711137 116.5051129893349 115.76976629373553 114.76848375561539 113.87566060392997 112.60841069084063 112.05995933031174 111.07470386306149 109.95311131058307 108.97840870197402
123.56369369875306 122.62197702777756 123.90292134434378 122.92809655145987 121.95274302416121 120.97687849533951 120.00052384408372 119.02370310200673 118.0464435654582 117.06877590103198 116.09073424306797 115.11235628253064 114.1336833476778 123.22005378904923 122.2798801546728 120.41778935130952 119.49902014851766 118.57964329343585 117.65971244378979 116.73928536264243 122.76438310841878 121.90194043525943 126.01421007391265 125.08307822291926 124.46649379052776 126.099714519397 125.25351436104941 124.24663819224207 123.18334693395637 122.17105955460306 121.75359164375078 120.73556930198242 118.96008451234607 117.94007842363554 116.8340451223203 116.06972794218534 115.06528909742931 113.65889713622664 112.86051939638197 112.305324734316 111.3171930012162 110.19189913402619 109.21437293114403
124.5125094113392 123.5696155822303 124.83001524290506 123.85384279673703 122.87708604643915 121.89976282674689 120.92189419929043 119.94350458069265 118.96462186000062 117.9852775137375 117.00550670659204 116.02534838837906 115.04484537711063 123.89928432143358 120.75633875220433 121.07788880894627 120.15666503396982 119.23476485714212 118.31224501644458 117.38916668628357 123.22676687897287 127.32955057562111 126.39560704783273 125.46095306603428 124.8473885284061 126.44660484052982 125.59579619562375 124.58522931693476 123.52305267269332 123.09649024696905 122.07443586493071 121.0527464681083 120.03159146353555 118.26896503171615 117.15637766421159 116.1434612450378 115.35561608522369 113.92997853228263 113.06555356060659 112.54467205449413 111.55347852311877 110.6902962507282 109.58935798708598
125.46079157419341 126.73322955372697 125.75629132293798 124.77869451386299 123.80045349002428 122.82158601601132 121.84211329034704 120.86206008395575 119.88145486560096 118.90032992416504 117.91872147812838 116.93666977686981 115.95421918885626 122.38874135860387 121.46659654775425 120.54364120104064 120.81250114951679 119.88791573785581 118.96263927127772 118.03673660986743 122.0555736206643 127.71140548355302 126.77377097101703 125.8353621182284 124.89626673103666 126.78881129343885 125.93309695845333 124.91858915926919 124.44195142947291 123.41531906222426 122.38917921233075 121.36357618511386 120.33853504077931 118.59103646764203 117.47178142312134 116.45513953690293 115.6391411756761 114.21585431315611 113.27499702810645 112.42442669951244 111.90901266928404 110.91407812658096 114.66204292620793
126.40854914906824 127.66012294165468 126.681744837965 125.70264371612028 124.72283369836499 123.74233240972708 122.76116113334528 121.77934495765456 120.79691291326978 119.81389810247062 118.83033781724517 117.84627364680773 116.19065522811849 115.21203261876592 122.17493551211383 121.24916838338866 121.46649179341334 120.53904980639312 119.61083916095419 123.61990310074502 122.62265559018152 128.09016274997185 127.14859485376815 126.20618341073956 128.10617793600267 127.12613622198519 126.26519956891914 125.82890943903871 124.75886214521876 123.72801881929402 122.69753152429377 121.66775257660171 120.638566568117 119.61009193759828 117.77991478339189 116.75930569153499 115.91552868055317 114.49450534701037 113.49024716502467 112.99752357475145 112.12915728353497 115.92937480302376 114.77257865450252
127.35579462041154 128.58627080803132 127.60637427488811 126.62568548788325 125.64421801340799 124.66198925995228 123.67902053383956 122.69533719909656 121.71096882434054 120.72594932210843 119.74031707579257 118.08815468663813 117.10775911224886 116.12689509204695 122.88131954567024 121.95256644629762 121.02288454730507 121.18812465606703 120.25679185472909 124.18717178015106 123.18646653739707 128.46573264846441 127.51997375272369 126.57329607606881 128.43547472617178 127.45837878356096 127.16957902879741 126.1395509757522 125.06964572436834 124.03430706547525 122.9991933186521 121.96495941517057 120.93135368314805 119.89850358306742 118.17862575279256 117.0555920937458 116.03186288992461 114.76558074916807 114.21641117420199 113.22458733260112 117.18811586408665 116.03701184231748 114.87463713983979
130.49229759433487 129.5116778289493 128.53018165564481 127.54781840886737 126.5646012129493 125.58054717107757 124.59567754379947 123.61001792073935 122.62359838007026 120.96927215758714 119.98778925162192 119.00566794126534 118.02295695919923 117.03971007203839 123.5857173068564 122.65379457606201 121.72084634991371 121.83510240839057 125.75505190513726 124.75129109290567 123.74690030892754 122.74198287988636 127.88780575110609 126.93658127899653 128.75993755746708 128.390025137881 127.47901558532664 126.4441742151203 125.37403064282071 124.33389347354276 123.29414090521834 122.25487029779921 121.21655282163579 120.17904112846712 118.47366067872272 117.34361802190065 116.31546783397791 115.48315126009595 114.46482762150562 118.45751701347984 117.30893900996863 116.13580117878436 114.96781488556184
131.41857794262683 130.43635343354953 129.4531729878085 128.46904502077385 127.48398198815229 126.49800058936108 125.51112196124166 124.523371862264 122.87269382623107 121.88966591401345 120.90587717840239 119.92137282272513 118.93620333982223 117.95042461046211 124.28810301285247 123.35281720230161 122.41640090054869 126.90612893101387 126.31977794491057 125.31217149140916 124.30385334973069 123.29493412927661 128.25199305906355 127.29592330714509 129.70164635767475 128.69935178398748 127.7825069391772 126.74252676273495 125.70258482240313 124.62648033864339 123.58162692907339 122.53714892520146 121.49380940205293 120.45133268862274 119.40986163582585 118.24690576131235 117.20558474066281 115.80528408105188 114.70459471835521 118.59935542650764 117.44261387957519 116.22532363804038 115.0516975327032
132.3442219486237 131.36031107438532 130.3753587525313 129.38937232985131 128.40236346301003 127.41434833764426 126.42534787920846 124.7783830793537 123.79388409164864 122.80849798502247 121.82226589448547 120.83523448534554 119.8474560703482 118.85898873086407 117.86989640224319 124.04960497037985 123.10950800159617 127.51062880483769 126.49050123760607 125.86972753920026 124.85722571990118 123.84404118243424 128.61244355947346 131.03167795519897 130.00332292795935 128.97436762016378 128.07981914107285 127.03435272820768 125.98891688966269 124.91176323300597 123.86146749350596 122.81144950398894 121.76275812085527 120.7149945816419 120.24110736327474 118.50283081569562 117.09350130884582 116.05724003917581 119.81752439912381 118.71405382309999 117.5737266852537 116.42564978513839 115.1258605821744
133.26925078478595 132.28356928159783 131.29675443438867 130.30881235640254 129.31975376047779 128.32959419729823 126.68641810644154 125.70053389682649 124.71363283104566 123.7257513855716 122.73693180408637 121.74722223717379 120.7566768870968 119.76535612230492 118.77332657814583 124.74413581571471 129.13511830227085 128.11158294728477 127.08701308488276 126.4238794152872 125.40692233233305 124.38919291937114 124.87906257734686 131.33366574672058 130.29955814522197 129.47599968792878 128.37071748069297 127.31939386725836 126.26809316487316 125.18943185646516 124.13332956681602 123.07741730637318 122.02302337975117 121.53667924642272 120.47668365181974 118.74913489082195 117.34061497623568 121.29615578197421 119.92573169856345 118.81753714143321 117.70140904202032 116.51997864179405 115.82738720357369
134.19369106068348 133.20615210346332 132.21738109358819 131.22738272784517 130.23616661600201 128.59686556664059 127.60969435120037 126.62137361238797 125.63193455159204 124.64141435459277 123.64985636843845 122.6573102658698 121.66383219178299 120.6694848909188 119.67433782344104 130.76392506202623 129.73705198479814 128.70891402868261 127.67962298418037 126.64930071017923 125.95285438608803 126.42895729412891 125.38501248091183 131.63042567998031 130.5901816879927 129.75949758517334 128.65496803701012 127.5973909915912 126.53982913170589 125.45917111104414 124.39687356736765 123.33468940195469 122.83545792963989 121.76824280412285 120.7023439518257 119.63793230681678 122.5377893707745 121.4097963843343 120.28423906568034 118.90928512691707 117.79854112384683 116.6248866966617 116.15383231820481
135.11757538836963 134.12808969898873 133.13726598296785 132.14510731929562 130.50977884661449 129.52143154289337 128.53179973607021 127.54090868672363 126.54878985521547 125.5554811041528 124.56102688615053 123.56547842630046 122.56889386482878 121.57133840931577 120.57288445934257 124.76000039237778 130.33557621879612 129.30255305516599 128.26824697947939 127.23278762080037 127.98404943751129 126.93552445169368 125.88623009362669 125.9621683694882 130.87502996711942 130.03667214067127 128.9323395743271 127.86808570261363 126.80383909888221 125.73983167256119 124.65175452203741 124.1387804202482 123.06342601410982 121.9898171227112 120.91764359673363 119.84709067529727 122.64448059435884 121.5107160317116 120.37959459928675 118.98876340502628 117.87296658772971 117.42941885401711 116.19373800582383
136.04094299091076 135.04941897615504 134.05644321452101 132.42519627133743 131.43579674688411 130.4449761337807 129.45275305775681 128.45915253739335 127.46420623275691 126.46795264827701 125.47043734544664 124.47171311785937 123.47184016376944 122.47088623322715 126.6478671883725 125.56590895607154 130.93064634150673 129.89244110036532 128.85281082654885 129.6451055654147 128.57681438182283 127.43758974903417 126.38259530759719 126.4387236977046 131.15394863885794 130.30733404223287 129.20260581293564 128.1312225157518 127.05983812783269 125.98870935167835 125.44691066031267 124.36378720220632 123.28138136626245 122.20096806792857 121.12212669321889 124.98279875199773 123.44324877395594 121.59833271016636 120.46134611590547 119.05542435716777 117.93432960257809 117.519021726871 116.25358919588348
136.96384035256867 135.97018427558413 134.34313931696184 133.35282449113572 132.36095123063458 131.36753076891438 130.37258092772652 129.3761263863997 128.37819893516172 127.37883769472515 126.37808932728669 125.37600822566536 124.37265669463901 123.36810511826575 127.45432244070712 126.36812772438954 131.52222982509252 130.47853121616356 131.25555046949731 130.18239455189661 129.10801947870058 127.93506442833674 126.87399847553768 126.90943046099586 131.4267954912699 130.57130412937641 129.50072260882496 128.38655145831808 127.30754441126297 126.77383783524235 125.66942120352942 124.5788132966681 123.48890715229211 122.40125267956068 126.21479152638867 125.04376337648418 123.49949848072018 121.67204899587647 120.52888790851341 119.38899089417967 118.67958758972668 117.54244694838231 116.31961894040481
137.88632191734254 136.26361079632915 135.27253062511238 134.27975486214268 133.28528656152602 132.28913553193905 131.29131865407874 130.29186016190351 129.29079190793775 128.28815359748529 127.28399299610334 126.27836613002177 125.27133747215589 129.34692458460401 128.25726686562584 127.1665821880744 126.07498971633835 132.87221124514949 131.79429045054658 130.71482090516568 129.633981902117 128.55196885641416 128.47149175660087 127.37414381632971 126.27631997226057 130.82841685558935 129.74970813932302 128.63383123538571 128.08575479242705 126.9907038143796 125.88206082833693 124.78346735232827 123.68623033664943 127.45033900726114 126.26881169343662 125.0903497272118 123.4577748229688 122.38969953579371 120.58160086407618 120.19966217997026 118.69368482961374 117.55109176718948 116.37601913761576
138.18659310551678 137.19491035457293 136.20139616231438 135.20604456316335 134.20885647878222 133.20984009488589 132.20901120029143 131.20639348063872 130.20201878943547 129.19592739262106 128.18816816815641 127.17879882083196 131.24393924361175 130.15092804808901 129.05664620197695 127.96120689526063 129.19514151983483 133.4129298239236 132.32848957787283 131.24232319448677 130.15462112391793 129.06559196403134 128.93718337795639 127.83273390812676 126.72771063012978 131.07852442548216 129.99113906019895 129.40594627606367 128.3017964602505 127.19801969698182 126.09497522954558 124.97735782929182 123.87174190254296 127.49801662256084 126.30828212770847 125.12193189844419 123.49130220357483 122.40956772336598 120.61885409611979 120.20850042419779 119.04479881261989 117.54437251864005 116.40002265709556
139.11993633783749 138.12586144937904 137.12980598012021 136.13176103895773 135.13172515919277 134.12970470121508 133.12571420117831 132.11977669789005 131.11192399358404 130.10219689801573 129.09064543813366 128.0773290453576 132.04934083268392 130.95158714430789 129.85241661299676 128.75194702956207 129.9300837216984 128.79498534667104 132.85812353544418 131.76485984352189 130.66987658766612 129.57339591830143 129.54506044106063 128.28508985741996 127.17239092842684 125.86366581915902 130.7556043823995 129.64992139705544 128.50858840194223 127.39548513409045 126.28318801633574 125.16009615356228 128.73272472693841 127.53106042968911 126.33259203160196 125.13787217660304 123.50918984581659 122.41357666276998 121.9877129406805 120.20048041192395 119.0304865476532 117.52170625345119 116.37185863709892
