codes_tests/data/cartes_pz/Pz_Pliocène_Aout2012_newV3_corr.grd
ncols 211
nrows 221
xllcorner 663900
yllcorner 6152400
cellsize 200
nodata_value 1.7014100000000001E+038
[rows 114 to 132 of 221, columns 86 to 128 of 211]
72.570996206487095 71.733933096838086 70.925282454598076 70.142264683571341 69.381925318728932 68.64116983572201 67.916798342436735 67.205540518537035 66.496823927476413 65.804667417643444 65.115642980237965 64.426495438971827 63.727347191283556 63.031281706956861 62.326031183938149 61.608828987236855 60.877091153590236 60.131362873608694 59.364712458175283 58.576988665765725 57.766478182589275 56.931712449547078 56.071473049175516 55.18479448747857 54.270965086918551 53.32952619925009 52.360269245714889 51.363231467324198 50.338691315298448 49.287160390795307 48.209376612261181 47.106295385438244 45.979079842960999 44.829091030565735 43.657876658201715 42.467159953942193 41.258827448655644 40.034916767765651 38.79760342563447 37.549187229323422 36.292078729850786 35.028784360944591 33.761891863570682
73.270632556448405 72.423357572898965 71.606903448921159 70.818350690483896 70.054587055800027 69.312344203223859 68.588234391043926 67.878787421635195 67.170011768699723 66.479744107538608 65.796053093206837 65.11294437316559 64.427026320418847 63.735025554947796 63.027970831978507 62.317519383929927 61.592149371637021 60.849276459651954 60.088923347721561 59.305304127602064 58.497785500535066 57.664748150511265 56.804838002842416 55.916969761310916 55.000328337672975 54.054368407229603 53.0788119041393 52.073643987001226 51.039107237092104 49.975695521145646 48.884145177973245 47.765426242062844 46.620732655998552 45.451471298283295 44.259250194556259 43.045866750796421 41.81329475822487 40.563670967519457 39.29928113793985 38.022545489935311 36.736003817693778 35.442299864251765 34.144165237370579
74.006823421970552 73.147480279786464 72.321452776124431 71.52568328443742 70.756902341988024 70.011667773261735 69.286403127763663 68.577437134738759 67.881043109151463 67.177809246460868 66.498338711077906 65.820231363761366 65.139865954149187 64.45374048578762 63.758501554645861 63.050970339959498 62.32361809984539 61.585837139852408 60.827465262018038 60.048059757748881 59.242952482482039 58.411092935395352 57.550986963669708 56.661425413033371 55.741486049174867 54.790533216942777 53.808216413695327 52.794465538729405 51.749485789845821 50.673750563647914 49.567993128271169 48.433197214187302 47.270586410844615 46.081612871067378 44.867945088683761 43.631454772679007 42.374203295023108 41.09842732933388 39.806523907877356 38.50103470488542 37.184630305544957 35.860093185202821 34.530300479469965
74.780907917779672 73.907556756333506 73.070098345026537 72.265339645434963 71.489855458499704 70.740030438836655 70.012099390299667 69.302189450544432 68.606361223591762 67.920649063280962 67.222987689017529 66.54875659972285 65.872893243711061 65.191663540275599 64.50148477762653 63.798953889463455 63.080873062124716 62.344272344211987 61.583447374040155 60.804974300040442 60.001896309085332 59.170626670228089 58.309768927480988 57.417985923584865 56.494244282192916 55.537815175702349 54.548271740993137 53.525486060919512 52.469623208008429 51.38113419515917 50.260747374068757 49.109458405274047 47.928519730928926 46.719427965072413 45.48391149812867 44.223916142936545 42.941591047866567 41.639273287789734 40.319471633871331 38.984850280018307 37.638211362062471 36.282477282837633 34.920671952928849
75.594282085625963 74.704903624137174 73.854073018262056 73.038464329728072 72.254499602793587 71.498391675826355 70.766187605924671 70.053812923687673 69.357114863904769 68.671905700180503 67.974553571717792 67.298984040644257 66.626484497730658 65.949086654213303 65.262974845888053 64.56451809039531 63.850297403641711 63.11712998633638 62.362090329853402 61.582528077467522 60.774758233365596 59.943253060514557 59.081052217658794 58.186490805060771 57.258420783042588 56.296015977427423 55.298770653512918 54.266495750205159 53.199313614979715 52.097650497753747 50.962227726724798 49.794051406107265 48.594401239067615 47.364817390107049 46.107087168097763 44.823230218224445 43.515483229705346 42.18628348198277 40.838251980204781 39.474175657794738 38.096989036493824 36.70975506446041 35.315645499990538
76.448376569676753 75.540877245070632 74.674652884110174 73.846249062529537 73.051937753017725 72.287762828854127 71.549585034494157 70.833129167768618 70.134029614670155 69.447876129862735 68.770257895552717 68.07573022487388 67.401060445774917 66.726342987018981 66.043221371923053 65.347833159357734 64.636534677646537 63.905926728801013 63.152877580584637 62.374542514336326 61.568379205225611 60.732161096614341 59.864713434083207 58.966784017989511 58.03383334389919 57.064934753263316 56.059499901507074 55.017275848737185 53.938339307092257 52.823089313715165 51.672237858431259 50.486799818415349 49.268080262908072 48.017661595457149 46.737388962161916 45.429355042384401 44.095883364016295 42.739511280461095 41.362971769234449 39.969174468563523 38.56118658000868 37.142211910972122 35.715570375194226
77.344627440066446 76.416845753972041 75.533131794715686 74.689907111691966 73.88329818020226 73.109182768285351 72.363238422115018 71.640990881331732 70.937862808728667 70.249221744812658 69.570426774506544 68.896873868721457 68.20162867862642 67.523793576514919 66.842499018176412 66.149091435334427 65.439699492822598 64.710704479115648 63.958764934825155 63.180837976443861 62.374196717914387 61.536443651037168 60.665522360161631 59.759568004350832 58.820292100746755 57.84435921127492 56.830232232755513 55.777591090652223 54.686463750642368 53.557219697894077 52.390559104072842 51.187503114074168 49.949380783733389 48.677814776875508 47.374706951070813 46.042221555490649 44.682768163705759 43.298983352652343 41.893711531843572 40.46998479095609 39.031002542865828 37.580109517875314 36.120773814278003
78.28444799510379 77.334161583558725 76.430793818416376 75.570648197127255 74.749710059281341 73.963696002208465 73.208103331257846 72.478261568317109 71.769383830847971 71.076616942697214 70.395090689084697 69.719965543047195 69.046478512131074 68.346557871002418 67.661090315570547 66.968491293910432 66.259910182807985 65.531506171492524 64.779725338241064 64.001323679715753 63.193385795063584 62.35334067460456 61.478973160409666 60.56843232968361 59.619330050217876 58.634213046791068 57.610715902610586 56.547179044815458 55.443421518250929 54.299779778147581 53.116940124224726 51.89592763131639 50.638092558459469 49.345096511089892 48.018895939885468 46.661725471789531 45.27607911372538 43.864691730545246 42.430517987657957 40.976711701329855 39.50660379266197 38.023679270590307 36.531553944135794
79.269196235526024 78.294130580786074 77.368884264887967 76.48964942038485 75.652276164170871 74.852324962456535 74.085117338416282 73.345790604040118 72.629351162131329 71.930727276982566 71.244821170248898 70.566559193893497 69.890939869591932 69.191075989322087 68.499270059915446 67.806222084602112 67.097274806411022 66.368363191571262 65.615718376378553 64.835892787914659 64.02577993472832 63.182631811701619 62.304071584253883 61.388103208860812 60.43311742058836 59.436325911668852 58.401770229145214 57.325547518558388 56.208910540676811 55.050470015898334 53.851090878534862 52.611799112737245 51.333964659303824 50.019285021288979 48.669769570521836 47.287721191406099 45.875716860246285 44.43658787851043 42.973397993171446 41.489421360307659 39.988119266370326 38.473115876589091 36.948173883028929
80.300143386425489 79.297980525285666 78.348578949214698 77.448026251031891 76.592044683381232 75.776043947362197 74.995175668493715 74.244389363615113 73.518488959837882 72.81218748959607 72.120162080116543 71.437106854304346 70.757783201441498 70.077067824130808 69.362623660547527 68.662446447038249 67.951874301571522 67.221278751028052 66.466674858816489 65.684408862303385 64.871181130939604 64.024064110821726 63.140516510839831 62.218394084811187 61.255956527791128 60.251870854190109 59.203080380084785 58.114942411481351 56.983433110462421 55.80882122418366 54.591760805405478 53.334796073764736 52.036697693734119 50.700110023944937 49.327092823094695 47.920014924799567 46.48153422041311 45.014576417964889 43.522312498203569 42.008135145519418 40.475634288372675 38.928571971497448 37.370855832850211
81.378439218879535 80.346828873203336 79.370952649437641 78.446802334164914 77.569979509255944 76.735750669252127 75.939103284860352 75.174805358333984 74.437462879209193 73.721577883693556 73.021606517937272 72.332013199035231 71.647324846641439 70.962180272449743 70.271378504819367 69.542613173268251 68.823748043003988 68.09021562528163 67.33248462496077 66.546694376433351 65.729350109677938 64.877342697499714 63.98796393819589 63.058918970836629 62.088333422880254 61.074758107645167 60.01717023253871 58.912381104013903 57.76687206410314 56.576643768267161 55.342326952505843 54.064943526266305 52.745892033028063 51.387247371961287 49.990577134960951 48.558359820024712 47.093331535244729 45.598510122014176 44.077171545302349 42.532824528020804 40.969185799252891 39.390152811681681 37.799776485262441
82.505078549315556 81.44164879850797 80.436947077754439 79.486878206969806 78.586931610200878 77.732237792783991 76.917628519234299 76.137696138342335 75.38685483089904 74.659401689366433 73.949575462920805 73.251615542103266 72.559816957017631 71.868584019440235 71.172479569309417 70.466271106928161 69.718119931897064 68.975078338682195 68.212981158538042 67.422516295172926 66.599992662430736 65.74211797767741 64.846015513201806 63.909237137776813 62.929772408341513 61.906053239985141 60.83695570840235 59.721798524184955 58.557401796215821 57.351167682102002 56.099267172743687 54.802714471793379 53.462918335573306 52.081665120696819 50.661100371552429 49.203708147686498 47.710851450198675 46.188185245574232 44.637829529088364 43.063406772068596 41.468757568251888 39.857912302928511 38.235062477004064
83.680867715175125 82.583237810345196 81.547339816725184 80.56900107650749 79.643608150090898 78.766165213474636 77.931355555627263 77.133603819429155 76.367139753122942 75.626061047153527 74.90439561947727 74.19616219869917 73.495428839537553 72.796368004251505 72.093309835053518 71.380789525455896 70.653592837716062 69.880784483602596 69.107930162923111 68.311575674532889 67.482750301131802 66.617977537115777 65.714210845654961 64.768847194150794 63.779737840594798 62.745193165462858 61.663986021044551 60.535349668361235 59.358973238641155 58.134994877186784 56.862026354238779 55.546053086502326 54.185323859254048 52.781649342478786 51.337215730824738 49.854564024833728 48.336566660496196 46.786403898282373 45.207537679766752 43.599741481953117 41.974277185538561 40.33184926790517 38.676786958796022
84.906391556955967 83.772185142571374 82.702712827737571 81.693735064826555 80.740545903149481 79.838032234699781 78.980738403333007 78.16293012211257 77.378660604437826 76.621835397161732 75.886278427920971 75.165793746671227 74.454227522991516 73.745525521810322 73.033788461842406 72.313322539131065 71.578686916099727 70.824735625664786 70.021864828000972 69.213494855128005 68.377188413390996 67.504435375655248 66.592018106659381 65.637177744968938 64.637625298558135 63.591547893165043 62.497612398452851 61.354964128796922 60.16322283363818 58.922474863920471 57.633263584007189 56.294357599039984 54.912532203587922 53.486339618879583 52.01800350920977 50.510117652368315 48.965622487421783 47.38778009705139 45.780147078238656 44.146546925595146 42.491040513797358 40.817896130885629 39.131558160885483
86.187745224857878 85.008841500634531 83.903423281367679 82.861432625455251 81.878081602869187 80.948150915900129 80.06605562949467 79.225912145881594 78.421605909222748 77.64685943107709 76.895299566137595 76.160523290447372 75.436160901841689 74.715937135272426 73.993728334361364 73.263615710292271 72.519935135762665 71.757321591758469 70.970749506799777 70.132355224302131 69.282789078167042 68.400925092234203 67.478828249474887 66.513582946769461 65.502758524451792 64.444417313701095 63.337118129814279 62.179915829910236 60.972357624198118 59.714475814776115 58.406777225405101 57.050230189020667 55.643901563157385 54.19512788267425 52.702895413179718 51.169847015804962 49.598987066118717 47.993655259032401 46.357498802836687 44.694443057992487 43.008661677497727 41.304544475072802 39.586665289831714
87.513229909605371 86.298949666332121 85.149576186806854 84.072208057553354 83.056328048002158 82.096621986732984 81.187386891899607 80.322600051347621 79.49598918460984 78.701103115436652 77.931380517687245 77.180219184242091 76.441041132179436 75.707356600675453 74.972823225465277 74.231302558333638 73.476911614342995 72.704069573409299 71.907540925506666 71.082471977565248 70.203121295184175 69.306791995896859 68.373947778523657 67.397335922935596 66.374383618456534 65.303026760637877 64.181714300485652 63.009408679515467 61.785581806422357 60.510208791914891 59.18375675015907 57.807172301263506 56.381864594134335 54.909687421706224 53.391261289130782 51.833169725734933 50.23613150599536 48.60355948877411 46.939186653630784 45.247035933190084 43.531388662940351 41.79675165050039 40.047823590168392
88.913715637671515 87.630721931747104 86.440998081727173 85.32591198529893 84.275149087379646 83.283311883090519 82.344590913029691 81.452836292979612 80.601628935999514 79.784353699586831 78.994271218530699 78.224589394440045 77.468530034699526 76.719396382203968 75.970634866167998 75.215893150748983 74.449074560753203 73.664387493747242 72.856389363292379 72.02002705340999 71.133095723966534 70.225046647660392 69.276595893008775 68.287627181662657 67.251667727844975 66.166526290483162 65.030540465948135 63.842577836023132 62.602033114407369 61.308821035684005 59.963365927096767 58.566588807361669 57.119890484098505 55.62513261345547 54.084616236196602 52.49944414591365 50.876469060509258 49.216966097096574 47.524749125909089 45.803933289721627 44.058902683162032 42.294275657032294 40.514870314602781
90.329860629223916 89.009488331095767 87.782431842961756 86.622111553238213 85.534139567415707 84.507832537815787 83.537287352529049 82.616238256789444 81.738131445492769 80.896199587647573 80.083535952972966 79.293167528867698 78.518126534648445 77.751517764092569 76.986583795623389 76.216765779216061 75.43575974129422 74.637568039862728 73.816546949941625 72.96744655674496 72.085448278328485 71.15075096234348 70.189188274744168 69.183561363540164 68.133697369155854 67.03398965848865 65.882663280509519 64.678489853838201 63.420783981305625 62.109397502922555 60.74470876038616 59.327609580404783 57.859488222260197 56.342210050309454 54.778095728686729 53.169896235547661 51.519358394541293 49.833295293059606 48.113672519040037 46.364692081541186 44.590834888861863 42.796825262741244 40.987594801760942
91.801250609948468 90.4506542332295 89.154037314518504 87.965061425289591 86.832607410452269 85.769525276365016 84.764839498814965 83.812182238646443 82.90487747902813 82.036017448254569 81.198539598941196 80.38530217853048 79.589157142173107 78.803020577289416 78.01994041821861 77.233159240556745 76.436172990700584 75.622784879247831 74.787154224569491 73.923840216080634 73.027839386030124 72.094618932714894 71.107013000805637 70.08693920696706 69.019480193197367 67.904416815404318 66.737080902280098 65.516146219480461 64.240845415219781 62.910965029064222 61.526834097279604 60.08931158058251 58.599769402378556 57.060072092349493 55.47255489644629 53.839998189497457 52.165600497308276 50.452948657824429 48.705395725902811 46.928822423518945 45.126770419397594 43.30406356497781 41.465740898406665
