codes_tests/data/cartes_pz/Pz_Pliocène_Aout2012_newV3_corr.grd
ncols 211
nrows 221
xllcorner 663900
yllcorner 6152400
cellsize 200
nodata_value 1.7014100000000001E+038
[rows 133 to 151 of 221, columns 0 to 42 of 211]
210.40472116697771 192.50772615880476 191.38164446647829 190.32154324049816 189.27657715745954 188.25590047865941 187.27887084734181 186.3480737891804 185.4659680084323 200.85285842598185 199.89759386793489 199.00033481908005 198.16138859706837 197.38072030850691 196.6579316174105 195.99224108241393 194.57881956703224 193.99664973718095 193.26448588451339 192.79334341385987 192.37250695226606 192.00888536864454 191.67653305602872 190.92674923660036 190.68070839408003 190.46312772407543 190.26857458746079 190.09122860377929 189.92491090897201 189.76311577047295 189.5990492887272 189.14867523217515 188.96947501969098 188.76693714645032 188.37076959267745 188.10352709597052 187.79034859943877 186.93536231052838 186.53364098443768 186.06450448929644 185.5211760889776 184.89723821485592 184.01474366506869
194.04566811382841 192.99687075919351 191.90936837797901 190.89080543350281 189.88848349204142 188.91165869002378 187.98035261075506 187.09717855713677 186.2646171641093 202.80561097328837 201.88540809129753 201.0241462361511 200.2221419278211 199.47936605921657 198.79542032940319 198.16951734548033 196.76924528520087 196.22989188430188 195.5292965395256 195.10313588927642 194.72809663242779 194.41327959285658 194.12810256061906 193.38707087878342 193.19064572853705 193.02312799104413 192.87896399824939 192.75219952540752 192.63650995415432 192.5252301592547 192.4113953966239 192.0016221062279 191.87218821766069 191.71854980710458 191.35154395818117 191.13158410402005 190.86416610091112 190.02043190826447 189.6628534455073 189.23560222551208 188.73165711452197 188.14435986111909 187.28096017542944
194.26548443739833 193.4792852722498 192.42983967412937 191.45232690786455 190.49209707413115 189.5585125461028 188.67229217843405 187.83607740349322 187.05237312678619 204.76554038575651 203.87998978924048 203.05429163287491 202.28877604332146 201.58342070902032 200.9378311837082 199.8163533833517 199.25306836443028 198.46693149290184 198.0271358144889 197.41528660170951 197.08548191099314 196.81901650806611 196.58048710028336 196.3822198960342 195.69924621786342 195.58139491452226 195.4872720911446 195.41079711463715 195.34550487127251 195.28457858057536 195.22088803605163 194.85118021859643 194.77157535329422 194.66699319138735 194.32892319950008 194.15662989484193 193.93546237176008 193.65755641837652 192.78911375180536 192.4045943803076 191.94099645714402 191.39142113087564 190.74940987823544
194.68735533356374 193.69586595040283 192.94108335811489 192.0040026041961 191.08518116928863 190.19409104080324 189.35217726198454 188.56211125580111 207.64067818409029 206.72918823116086 205.8777621655824 205.08707398758904 204.35746793126145 203.68893364139925 203.08108238806309 201.98969284772258 201.46659846568974 201.00405659885146 200.30569734004905 199.9639675457189 199.43951321775566 199.2207828444152 199.02821632022588 198.87657170172565 198.20078552433731 198.13203741330639 198.08743998233888 198.06079324758466 198.04549884119913 198.03459518865591 198.02079447482552 197.69039781819336 197.66052075701637 197.60498999647152 197.51565578640768 197.17112860644721 196.99655232968928 196.76370719846972 195.90443069589332 195.56335715820916 195.14094666295131 194.63006215562814 194.02400836869944
195.09933735857055 194.1445336210858 193.44119857993857 192.5438056878746 191.66557985901983 190.8161057988315 190.01758230685755 189.27271039564238 209.57196991686149 208.69312370237833 207.87517674624013 207.11882310706315 206.42442384603049 205.79198257189242 205.22112082324642 204.15960991998247 203.6758631134129 203.25353609696776 202.89050855360833 202.27851785740273 202.03264735333684 201.61328838247343 201.46584003989719 201.35999719966495 201.29073684367398 200.66917814498606 200.67341710825426 200.69596279230993 200.73009224315845 200.76870605543098 200.54635464906826 200.51230176187141 200.53187881843203 200.52522459132931 200.48399231823325 200.16748648876256 200.03968203255803 199.85220105774874 199.59687206384689 198.70366223475799 198.32314346606324 197.85179124902695 197.28267605967983
195.63759989555507 194.54527491506684 193.63193744818764 215.5163660355002 192.23122842864333 191.42236445064268 190.66618019372618 189.96540635084051 211.50089360926543 210.65396450364574 209.86873497090517 209.14592054289884 208.48590230075058 207.88869980671313 207.35394849249667 206.32175686279481 205.87637647190951 205.49326742856246 205.17030259622311 204.58087887123193 204.37723222865714 204.24665779461532 203.8879645470214 203.82693829787527 203.80313401569339 203.1869874381519 203.23919708548198 203.31012126439205 203.3929205821477 203.48036583079897 203.3056422676926 203.30993665505699 203.37851381628607 203.42038271928683 203.42700912142132 203.13809189178394 203.05706900489156 202.91509103207071 202.70376395332815 202.41490902862583 201.4791512131776 201.04803265199851 200.51670691255492
196.04319609210859 195.18119379089904 194.08910969147766 193.22239161608414 192.78016094369727 192.01077717886884 191.29575031759734 190.63784196646432 213.42424484739962 212.60839526594509 211.85500677100114 211.1648189454441 210.53823375455653 209.97529068243517 209.47564106192698 208.47186605159709 208.06373364710774 207.71870433235486 207.43465000392567 207.20894787819466 206.70364003363531 206.61731907006671 206.55173411337603 206.27191822813887 206.29244426102335 205.67971617575475 205.7788509718678 205.89715759402756 206.0276884677599 206.1630950174671 206.03471651277735 206.07640424465237 206.19334032445653 206.28319429749678 206.33725160641191 206.07536015985042 206.04094988246459 205.9444383670299 205.77721679939623 205.53088575701315 204.60051213132249 204.21017520500016 203.71734638959984
196.43419157825963 195.60596996882731 194.52994439307133 193.69826805998412 192.95565882962015 192.57936727136587 191.90419080016622 191.28778372405637 215.33890228657009 214.55318703840985 213.83065226137433 213.17206238329831 212.57784350657883 212.04805727405264 211.58237369719055 210.60577473661712 210.23363738349866 209.92541125827029 209.67897109964687 209.49169124094354 209.36043515318798 208.93644151289431 208.93930486422255 208.95847385739316 208.7531360601067 208.8495662555448 208.2865622984427 208.45107142492682 208.62821014034577 208.81051810586172 208.72693286797977 208.80490525500812 208.96936743540653 209.10647646380534 209.20734776162982 208.97177807386996 208.98362377956798 208.93235877244655 208.80916685801466 208.60543584975619 208.31283870428859 207.3296229972072 206.87584223931972
196.80928649713775 196.01375333905315 195.26291536020727 194.1550902496042 193.433721243984 193.12627859431228 192.48952601199437 191.9131289158509 217.2418453954194 216.48521397097895 215.79243673946681 215.1643048487677 214.60126950163695 214.10341751211223 190.76248323468468 190.66217175775225 190.63914393142628 190.69283744181135 190.82214830021556 191.02539760733194 191.30030686549287 191.64397600524407 211.29619775775933 211.35584997399206 211.45453121396849 211.31847456915048 210.75665966589148 210.96600618403372 211.18844023939576 211.14404458533804 211.37578976475518 211.48877677666371 211.69973633883779 211.88317521256087 212.03004740390975 212.13119758686784 211.87749959493831 211.87107004786387 211.7916456407045 211.63040878609942 211.37882078240492 211.02871020969445 209.98349916015374
197.16728424476884 196.40325375070088 195.68551216199813 194.9743212244843 193.90491435354645 193.25575088145774 193.04991370171405 192.51191597188529 219.13017010633382 218.40147123190377 217.73725109116447 217.13832804899198 216.60518241535559 216.13792546870283 215.1804818299581 214.80900179375539 214.50457065123058 214.26557722113304 214.08991665598879 213.97497401953603 213.91760978416372 213.91415124605422 213.61754282012168 213.71604644302718 213.85428794940742 214.02647207951071 213.95370441624462 213.43628494328783 213.70251435801055 213.69862634962553 213.97496541302743 214.12153552243413 214.37776490162952 214.60640842725459 214.79827041362265 214.94403370579192 214.71514375665612 214.75294067697635 214.71682789806968 214.5977888691221 214.38708345705382 214.07633157041178 213.03173309727458
197.48352632954962 196.77329185935403 196.08730803745252 195.40798414605814 194.80707734179956 193.73780880542211 193.16663662015887 193.08233097676276 221.00110349884525 220.29908971143357 219.66212604155345 219.09106030335715 218.58640150492343 218.14828979929499 217.21143235684221 216.87072246476487 216.59774924769326 216.39092333577818 216.24815772604543 216.16684981936029 216.14386752894595 216.17553896336136 216.28355595038582 216.03423114869776 216.21025035091756 216.42089618686975 216.65981794151847 215.85644327519395 216.16478057422142 216.19901607766633 216.51835603301106 216.69691301583583 216.99698545207897 217.26950822558564 217.50514653220935 217.69443389081391 217.48932457742632 217.57053793924359 217.5770800810204 217.49974802236 217.32960606406226 217.05807537307962 216.67702035118671
197.80349952850116 197.12280086000834 196.46715179735284 195.81818930946068 195.24988779093655 194.19351499632529 193.65566006897023 193.18266733541913 222.85201838933585 222.17535114195363 221.56424912471303 221.01959057399742 220.5419140929929 220.13139114474336 219.2127381334914 218.90108741007558 218.65781555776806 218.48135847840524 218.36965132792142 218.32010933948919 218.32961394148967 218.39450045588345 218.53824025097293 218.69922677366381 218.51765731927404 218.764833087536 219.04094726449651 218.45349431630981 218.56983465016452 218.63955759444869 219.00011315341882 219.20889891158976 219.55118826041468 219.86606358958491 220.14406262704907 220.37558101263045 220.19306018603518 220.31667405057442 220.36501187175472 220.32869438953622 220.19860032511261 219.96596034793683 219.62244372403958
198.10341497922266 197.45083066526331 196.82401471186901 196.20382993249484 195.66646883745241 195.16824437473264 194.11521609032457 193.67499091958763 193.30371623176109 224.02770076267018 223.44097675114722 222.92118231374911 222.46888797084196 222.08429683271169 221.18119289406684 220.8967824039874 220.68134262857751 220.53333825677362 220.45073091873218 220.43095889420124 220.47092261617988 220.56697050198596 220.7443717909733 220.93788842932145 221.17320994905586 221.05362335952441 221.36485436955277 221.69877411335926 221.14768105092966 221.01488122643281 221.4146792403549 221.65177145013757 222.03445497959282 222.38995645286525 222.70869845140916 222.98095239368774 222.81966246104838 222.9844536440539 223.0735231795463 223.07732352924609 222.98656098222762 222.79228434922246 222.48597632756815
198.38251031383467 197.75654855802924 197.15699361486625 196.56393244284024 196.05576876808666 195.58735896153945 195.14772180362661 194.1346150600321 193.79531232251671 225.85375935644262 225.28984743748646 224.79328858338283 224.3646863337726 224.00427594033505 223.11381004485676 222.85471979910761 222.66513649322141 222.54355813438247 222.48797667768801 222.49585872349016 222.56412752175049 222.68915321149217 222.89801318520455 223.12183676047061 223.38816148578607 223.69110113141014 223.62701292213046 223.99448058837686 223.08125772413527 223.51133365791193 223.94186182816472 224.02013949602673 224.44120075736126 224.83540471623056 225.19307362199649 225.50436599253618 225.75935376635735 225.56731947980364 225.69584927998852 225.73866639713381 225.68631488960162 225.52967355262186 225.26004786675261
198.64013097615572 197.97376156237064 197.46531252909099 196.89765733884875 196.41687687864766 195.97637700934968 195.5645890574483 195.22014562288788 194.25087122546324 233.35712649798694 227.10859235918369 226.63356206840228 226.22687826020262 225.88881147339447 225.00783338622938 224.77205003369647 224.60624992616258 224.50896812004038 224.47823108776169 224.51153740754418 224.60584104700678 224.75753741373978 224.99552073777261 225.24729428991265 225.54225199446495 225.87451112245731 226.23763654429865 226.22186473982092 226.35580084483883 225.74985904364513 226.21492878820698 226.47859773119632 226.7662050201339 227.19699661171506 227.59157994498912 227.94001611575356 228.23226703860831 228.05909479181909 228.2256083846149 228.30613682497807 228.29107236240574 228.17113620467327 227.93746725243057
198.87573839228767 198.23113039224796 197.70049918726411 197.18170157725862 196.74902811417633 196.33446855870366 195.9484684649241 195.63078152098751 194.66934875649105 235.35602198005711 234.7554288282158 228.43986383028852 228.05325141549625 227.73561314880558 226.86075273836374 226.64617679492451 226.50199773445931 226.4267890006241 226.41861583966619 226.47501359125908 226.59297191802068 226.76891701301102 227.03356505811382 227.3108065109422 227.63189566619857 227.99096324655159 228.38158063168208 228.37692398843927 228.53210298819366 227.90942758180887 228.40654502815838 228.69084108602073 229.17551229521155 229.46972391684841 229.8990207219214 230.2825124812945 230.61006669108986 230.45402301654269 230.65684356268781 230.77357412034405 230.79447083954773 230.71010796851928 230.51146986426991
199.08890224618699 198.46779374822211 197.95641345363714 197.46006480117103 197.05160230937156 196.66095723023847 196.29862864137516 196.00547386981211 195.78433237964049 237.3251197142236 236.74009429568503 236.22109022716919 229.8418194110964 229.542623416818 228.67031210415649 228.47476790855902 228.34996633635416 228.29452229036502 228.30654285277274 228.38360545254864 228.52273794391488 228.72040613309386 228.97249966808661 229.30925761168047 229.65385607439092 230.03709416830034 230.45255892135339 230.89328950084072 230.6288493616488 231.11462466611098 230.51263077847105 230.8150133843142 231.33074680169409 231.82101297504397 232.1106421456098 232.52691575594531 232.88762334803272 232.74681036603803 232.98406243932661 233.13528826368281 233.19062021989654 233.14049883819894 232.97576725987435
199.27930555183534 198.67674962847414 198.18612271023096 197.71035616936896 197.32412165164689 196.95532096582616 196.61449963824407 196.34360369019765 196.14548893515916 197.91184147320885 238.69161589585195 238.18657758419141 237.74819660444871 231.30802708827588 230.43451781536049 230.25576385135417 230.14802534850469 230.10996214543997 230.13972747534837 230.23494324300185 230.39268177228919 230.60945202603145 230.8811852658298 231.23988756857469 231.60526271385999 232.00991636201724 232.44746304516968 232.91095970114281 208.01051763619898 233.15289192573272 232.52953925074567 232.84733724899735 233.39142274593772 233.91069559188912 234.39522840144136 234.6687671786444 235.06029767365098 235.38642514503965 235.20227321484879 235.3860943753387 235.47414143489974 235.45673526337839 235.32459047623675
198.76746615472501 198.83354235528316 198.3666372320038 197.9322784226967 197.50801636304729 197.17908456535781 196.89567631597868 196.64472511333355 196.46720741499792 198.32046180556196 198.19686811600087 240.1156230090038 239.68945594743258 197.43233237226275 232.15164616085886 231.9873827404615 231.89433249579025 231.87120297116755 231.91619454474693 232.02697876036572 232.20067701801656 232.43384611031289 232.72246557177689 233.10030353010472 233.48362387201757 233.90683518029184 234.36358655554173 234.84696646285386 235.04128232906723 235.55901938549295 235.63782182085453 234.78450069120586 235.35407822880236 235.89956655757197 236.41100997346771 236.87823667030318 237.29093512251978 237.47896450139197 237.30701984966001 237.52135209323112 237.64020566932498 237.65379864985874 237.55272922701445
