codes_tests/data/cartes_pz/Pz_Pliocène_Aout2012_newV3_corr.grd
ncols 211
nrows 221
xllcorner 663900
yllcorner 6152400
cellsize 200
nodata_value 1.7014100000000001E+038
[rows 133 to 151 of 221, columns 43 to 85 of 211]
183.22428128367807 182.33669711376066 181.34765170125658 180.25348957798778 179.05129203074105 177.73892382633821 176.20427635773893 174.67375558274875 173.0320197481002 171.25781573316411 169.3973469178319 167.43451097640721 165.37101871333829 163.21162524417852 160.9618961615335 158.67324392741781 156.28249063974883 153.81935445770063 151.29214371567608 148.70369966337142 146.08267937023453 143.42499915798606 140.7283941415624 138.02537141945132 135.31547997835784 132.60881627748478 129.94022799361335 127.27776148479512 124.63792441837721 122.03866761250146 119.51052737948034 117.0140655220064 114.58172079856105 112.22005094753986 109.93482258443701 107.73096375306058 105.61252802050826 103.59648754126881 101.65702420162295 99.803536018708328 98.045043168363421 96.379844833625157 94.805346526378102
186.52199939255996 185.66247336004395 184.69783314158704 183.62422777069767 182.43855869415378 181.13852985107863 179.72268849373174 178.07309136429865 176.43118701305457 174.65025021033799 172.77824304712848 170.80152862209721 168.71946887932094 166.53685767151524 164.25932710571357 161.89330642700486 159.52073907645442 157.01788140664593 154.44681142119646 151.81657575684272 149.13466409747448 146.42311718191243 143.67181409028328 140.908231532549 138.13516330196481 135.36302889500209 132.60211718003146 129.90035092601354 127.19031477954428 124.51989951900755 121.89796002927616 119.35448354699739 116.85014221452541 114.41685891597808 112.06070723504408 109.78690637169801 107.59978194330644 105.50273837609703 103.51287613884359 101.60183658763302 99.778622173676254 98.054186908955813 96.422864824087142
189.82141533012424 188.99139174267103 188.05271146172072 187.00132309388025 185.83394311368741 184.54810838181217 183.14221681193607 181.48645021331359 179.84647793869891 178.06091158180172 176.17975081139531 174.19139159410835 172.09301815878371 169.88944779268218 167.58636797945704 165.19028884883622 162.70849083625177 160.25011226021658 157.63736768155348 154.96145354494558 152.23026139493538 149.46142587466665 146.65424347422532 143.83154300390925 141.00161375645703 138.16540526220584 135.33829767897598 132.53067784745568 129.7841638273091 127.05296933842497 124.35980614579775 121.72290626315252 119.14016444907929 116.66642628670425 114.23915471758127 111.89502285681465 109.63863272143288 107.47364593922381 105.4186066238772 103.44287926581603 101.5636617297738 99.774788969718756 98.08509528008797
193.11396939437515 192.31481330212472 191.40358103291871 190.37601828733159 189.22865176773135 187.95884394575322 186.56483770675575 184.90507027514155 183.26915486405645 181.48110399365905 179.59325694017852 177.59556239750881 175.48321928030239 173.26105815797635 170.93480440021844 168.51103634307225 165.99712979324426 163.40119449020966 160.73200196022802 158.13668180183311 155.35821249370949 152.53888598530094 149.67170171494749 146.79771448666816 143.90300475337671 141.00961833643728 138.11780382395906 135.24351973118743 132.42588648293872 129.62243463234645 126.86891239030049 124.16093659310282 121.51679662510591 118.93347452691192 116.4400862860747 114.05138862207852 111.72538557209754 109.49191627640798 107.37092875513721 105.32960741119139 103.38659087533253 101.54168045620818 99.789453531562003
196.60939096007863 195.62392193886791 194.74154456276628 193.7393479342152 192.61366586520387 191.36168087546358 189.98147399759506 188.31991271762709 186.69018783299995 184.92155119312179 183.00982400239789 181.00516132732037 178.88126966105997 176.6429776435927 174.29603581542111 171.84707480611354 169.30355066435905 166.67367993076545 163.96636741230628 161.19112289953014 158.49805034367895 155.64311212637048 152.72363157352868 149.78879083460666 146.83603197910338 143.88321652800178 140.93406603636447 137.99469544082024 135.0814396678598 132.23514723346443 129.40933380515725 126.64147552012508 123.92660153702116 121.28281536290537 118.70622653660394 116.22612307546771 113.83528971020628 111.55362018869431 109.34801753090909 107.2585050768559 105.25081863216175 103.34325465472106 101.53511004884719
199.87853803971825 198.90977520377757 198.05756160064666 197.08218801370163 195.97979136521482 194.74737091845122 193.38283899723643 191.72171250802535 190.10030353688398 188.33416878123367 186.42023626367757 184.41101539241117 182.27805612842815 180.02617125892226 177.66112181223727 175.18957565736153 172.61905327518355 169.95786150976701 167.21502154525206 164.40018605291192 161.52354911247201 158.7539345146289 155.79670796659508 152.80935962535256 149.80096983454408 146.78311379684948 143.77413803524288 140.7774206626855 137.79893881298418 134.85519886302194 131.988179502945 129.14824070308595 126.37401249430324 123.66000817524521 121.02392263069513 118.4610200413512 116.0004461140025 113.63399195052564 111.36503815054749 109.22563513750868 107.15262620324613 105.18135916597053 103.31248886471259
203.11516162109777 202.39736431328291 201.34249934137495 200.39530699751145 199.31771240554667 198.10652750439058 196.75949113717809 195.10102913821441 193.49003552546284 191.72891476018478 189.81505142801419 187.80370844738226 185.6642066954185 183.40132807795084 181.02083077726269 178.52940415989249 175.9346159910973 173.24484706922729 170.46921872986678 167.6175090316961 164.7000595569572 161.72768057865176 158.87011985885457 155.83285082980163 152.78375218345755 149.70976698687269 146.63510745106319 143.57838780903128 140.54268259686387 137.53380157153822 134.6023939375072 131.6884449831646 128.84256279454604 126.06007276507856 123.36414753581352 120.74274852032462 118.20002142974649 115.76469927491833 113.42765144121171 111.19147684459672 109.07685330408371 107.05231959514703 105.11949170381254
206.31036443104804 205.6267122832667 204.58718879141313 203.66942064297427 202.61804407828288 201.4296791291205 200.10188782633361 198.44830324138661 196.84978321930498 195.09618858634781 193.18465821513848 191.17363874087914 189.03014547641001 186.75891769427972 184.36569485645168 181.85717197327429 179.24094872120924 176.5254626502383 173.71991689344912 170.83419554398486 167.87877251442242 164.86461169533663 161.81770990196725 158.85868315418645 155.76364612286233 152.63634250345359 149.51751043139785 146.39481816621438 143.29913758921538 140.22725023360951 137.20284623740582 134.25881027214848 131.339447173791 128.49562612173105 125.72225172922916 123.04169287478129 120.4415028190238 117.92488566242247 115.51993235171244 113.21665685098878 111.03674000479336 108.9397419335273 106.94663698088709
209.45529249714255 208.80653277476097 208.03121353936223 206.89524957967237 205.87139073751354 204.70732965810248 203.4004454062003 201.75391615838353 200.16986916047728 198.42629592384404 196.51933450063308 194.51107549616853 192.36615224323674 190.08924752035716 187.6860670961926 185.16329705407691 182.52855093838636 179.79030621241802 176.95782981371295 174.04109414457722 171.05068474986928 167.99770168086593 164.90619621336592 161.77197956180345 158.60922078865622 155.5788502135762 152.39440032655 149.21571377473347 146.06562406592568 142.93293835523977 139.84696592250987 136.80981602683016 133.86116946194355 130.94462401986254 128.1105692514262 125.35354358706813 122.69491518956275 120.12189763373351 117.63669626228629 115.26655420505328 113.02117866124372 110.85912806159409 108.80221158692284
212.54119342325015 211.92791399372186 211.18567695940283 210.06357787001068 209.06840796975695 207.93001753666121 206.64560076401833 205.00825185366853 203.44060256412641 201.70951212975353 199.80931054362921 197.80622498296549 195.6624258325557 193.38252717912098 190.97218645214645 188.43806458860698 185.78777286787624 183.02981098423825 180.17349107142033 177.22885469128991 174.20658126376082 171.11788566060656 167.95994852742399 164.80734046723856 161.59883586019697 158.37067385753912 155.28128774678243 152.04890585801263 148.83153477922065 145.65136795791608 142.49800906828281 139.39977456151027 136.39435473493177 133.41306726410409 130.50724878402687 127.69025655346121 124.95631437674331 122.31724893549101 119.78509584569336 117.33592475430515 115.0043088341713 112.79813199446166 110.67729110384926
215.55946939068258 214.98208798372272 214.27355576816919 213.42821867931721 212.19986098293242 211.08837830692744 209.82787247979073 208.20175797278705 206.63732258985758 204.93614647543797 203.08470114920468 201.04929260355158 198.90914846546545 196.6289326962503 194.21424046135206 191.67169198486772 189.00887987727603 186.23430758452713 183.35731498732787 180.38799373732093 177.33709573049262 174.2159323745536 171.03626643013069 167.82593619861288 164.57484667940773 161.30079940662671 158.01627464239334 154.73361893433793 151.60375661789791 148.35721933080146 145.14637335034644 141.99141498562147 138.88328206533401 135.88534212727234 132.91795865968481 130.03034501644831 127.23720013499447 124.53248984957234 121.92698432029313 119.43167397891975 117.02241423403116 114.7517214815653 112.56709676043917
219.160245957142 217.96049255542229 217.28611688355707 216.47275410215909 215.51539630636535 214.17320760466978 212.93792706171462 211.54869331023349 209.78107242717616 208.09660793147188 206.25841029878728 204.23055399381937 202.09655497534223 199.81867568468235 197.40243529466267 194.85439771811352 192.18212089759007 189.39409440894542 186.49966647591077 183.50895981056973 180.43277908228626 177.28251135573402 174.07001596952782 170.79593079415855 167.52828303855878 164.21161907867165 160.88129718638771 157.54985949846292 154.22961160132868 151.06336855882512 147.79725109469399 144.57558940804688 141.40882085156045 138.30661732747069 135.32737269839566 132.37907708469979 129.51661659118832 126.75350490390665 124.08351360984517 121.51625690036133 119.05447299042105 116.69538363171827 114.46663195391389
222.05964194865751 220.85482685892484 220.21487979356647 219.43398964043655 218.50695157176582 217.17552498116945 215.96664177071062 214.60107598988228 212.84739760255658 211.18147357514911 209.35856357811377 207.34042120615834 205.21500079210188 202.94207205973046 200.527064396209 197.97647103795543 195.29779791133512 192.49950424711972 189.59092741801845 186.58220178587683 183.48416506930815 180.30825838107933 177.06641744647763 173.75867561628391 170.45009607041371 167.09425109134165 163.72150334336868 160.34457078632761 156.97595085293997 153.62780095909807 150.43256955879127 147.15639201909966 143.93309204464663 140.7725865983511 137.68395194337663 134.71255197337757 131.79747908600473 128.96839477575455 126.23579824708412 123.61032301322379 121.08524886501222 118.66747522926609 116.38138240896755
224.86926059503858 224.34973926833507 223.05167759301159 222.30357915708777 221.40741698256147 220.35871444260431 218.90517051408625 217.56453256675601 215.82722730768032 214.18155563599714 212.37587098682724 210.36951348988137 208.25503282095855 205.98961319444865 203.57858091007424 201.02834303920858 198.34633877376399 195.54097831665558 192.621570597794 189.59824195606595 186.48184302042893 183.28384765198274 180.01624661326207 176.67840840152516 173.3312271800105 169.93978804803561 166.52815238144092 163.1091931665579 159.69557981506895 156.29965693036789 152.93333032224484 149.60795665573468 146.43958451315234 143.22352794746232 140.07763784715195 137.0461114016766 134.06298896307177 131.17572743975188 128.38760255946352 125.6957284806056 123.11334640644127 120.63360553399991 118.26213587341699
227.58171557530875 227.0961313206835 226.47365035183446 225.07353978706666 224.20863246741871 223.18932586322907 221.74500591400425 220.43040390232824 218.71180500157985 217.08796898791053 215.30133279407886 213.35366854668916 211.20745920468084 208.95203631984924 206.54766641093065 204.00065785809653 201.3183659477732 198.50913567088386 195.58222938876733 192.54774565245714 189.41652713478948 186.2000606533648 182.9103695809163 179.54609496021246 176.15188699906784 172.73936510189276 169.29253040637408 165.83517890139277 162.3801310877144 158.93989952147751 155.52657213057628 152.15170227279035 148.82620488757274 145.56026119674826 142.45152083525036 139.32810565288938 136.32109982731353 133.37182965523112 130.51924210438878 127.77093541587494 125.1256436893527 122.59251905702652 120.16046802211223
230.19004508659751 229.73791518399412 229.14784285905176 228.41335613961897 226.9028528311174 225.91339325848335 224.76406985121906 223.19042525374127 221.49275272901835 219.89219778644627 218.12630497984193 216.19668832017899 214.06341820590208 211.8203942475626 209.42530514666444 206.88434510805752 204.20477170630815 201.394848275405 198.46377182042542 195.42159439024329 192.27913118923686 189.04786001212781 185.73981581842875 182.35284857644876 178.93338250815756 175.48423160798151 172.00602036258033 168.51406037150815 165.02130202424499 161.54040446615102 158.08361918823493 154.66267698329736 151.28868403140913 147.97202485624308 144.72227520654431 141.62159971830022 138.5279381203388 135.55129474482541 132.64168810603587 129.83239910095639 127.12709866815598 124.53084627130302 122.04334403743839
232.68776379026554 232.26841099904735 231.71030828818692 231.00681324987585 229.48280353212797 228.52346117671561 227.40273307535725 226.11762163124001 224.16213709136809 222.58615752663269 220.84256729481683 218.93281362711477 216.81444677520193 214.58612505023686 212.20284956428395 209.67068817708855 206.99678642479245 204.18930850967379 201.25736983918327 198.21095721873647 195.06083703903326 191.81845874686547 188.49584631053077 185.08999615643299 181.64916978691224 178.16607738620596 174.66016994926966 171.13751788433379 167.6109205794663 164.09316385440522 160.59664043709637 157.13324016523211 153.71424269143594 150.35021945984522 147.05094352249986 143.82531403089266 140.68128699880049 137.68085644947485 134.73971755663874 131.8748369536101 129.11305724642867 126.45716041790094 123.91088429149657
235.0689064715763 234.68146004441616 234.15469676172316 233.48181218186446 232.65683817464591 231.01259584908698 229.9208197813152 228.66323256443206 226.71252346134912 225.1622589056752 223.44238235714528 221.55417189364601 219.45254442957128 217.24111688460633 214.87209024013202 212.351394197931 209.68604772304002 206.88410134160276 203.95457156280139 200.90736010931468 197.7531673492241 194.50339210311941 191.17002607932929 187.76554244793491 184.29092723707552 180.78708214627267 177.24676165258077 173.69744817102935 170.14101471214624 166.59034991810381 163.05796915434053 159.55590070256858 156.09557840524425 152.68774219390997 149.34234843251977 146.06849012815417 142.87432720663045 139.76703020070491 136.75273440391976 133.88908461066779 131.07321182466197 128.36235895589633 125.75842079064419
237.32807233893658 236.9714713452619 236.47522590693978 235.83238302157082 235.03681492419548 234.08329704669083 232.31178680815574 231.08217868057307 229.606984318093 227.61346441299574 225.91855874895916 224.05342660066904 222.02036162517459 219.7777720949982 217.42531933634575 214.91865820923107 212.26466732404282 209.47126948179448 206.54736529995114 203.50275503363298 200.34805147822718 197.09458369256194 193.75429103590218 190.33961061159309 186.85066774391748 183.33013432274188 179.77390709360853 176.18603009435697 172.6038743026194 169.02438155149548 165.46016740215745 161.92337775428521 158.42558182455988 154.97766998483101 151.58976425016377 148.27113658334875 145.0301377499375 141.87413933923324 138.80948612367794 135.84146201294485 133.00180752678037 130.2384283638095 127.58112497673683
