codes_tests/data/cartes_pz/Pz_Pliocène_Avril2013.grd
ncols 211
nrows 221
xllcorner 663900
yllcorner 6152400
cellsize 200
nodata_value 1.7014100000000001E+038
[rows 152 to 170 of 221, columns 43 to 85 of 211]
182.03652222182302 182.02010093528233 182.0843118569363 181.71096040263558 181.97351744717335 182.33583539326432 182.80480151545561 183.38773118538811 184.09236438940178 184.92684074676427 185.89963504451387 187.01941785805809 188.26074122295998 188.98571291257198 190.69097024988048 192.25068579135845 194.35665483934656 196.5700269732082 198.60282952944908 199.58137254020036 197.73963175965412 195.28545861298792 200.46503672274787 200.9028866397914 201.06208455226013 199.25753509370068 172.91996370797665 175.14259406682044 173.26502699129875 168.88806854964224 163.83965154857245 142.44207438449698 139.95247515047873 130.00905884900766 132.39116749822188 132.37587200835426 130.02344978608394 124.59524902138463 124.00811997262156 124.17618172031301 124.58821497711756 124.99725015732058 125.1414160441204
183.00471482482959 182.99849247224924 183.07409461758462 183.23732396263745 183.49440811981785 183.34713961549474 183.8347404606877 184.43903910621469 185.16839330081172 186.0317792838874 187.03884033106812 188.1999400389717 189.48311093161195 190.98817190625749 192.02409991314568 194.02616900965413 195.97905992266669 198.51710634548579 201.25646746053022 204.37732287711864 203.5412942137439 201.41061554656949 198.29847959897396 193.70984160602075 194.41118705795512 195.33765423755511 191.49282843959813 172.91287341958369 171.08105997812791 167.68240922299469 163.55091807295648 159.14695945073154 140.21327181190915 136.96454539236427 132.49907488998954 132.40460427442389 130.22269254867587 124.98369723144313 124.77340346094741 124.99147995315093 125.33769786434914 125.75962776766792 126.06884091859321
184.28875842609168 183.89973827990846 183.97712779752766 184.14193457099043 184.4002732563529 184.75867273316859 184.7182731551369 185.32158354140523 186.04850614664139 186.90739490761348 187.90697333653691 189.05620498745085 190.31057231654745 191.78664492323119 193.43689939392331 194.64988056989716 196.74300577034498 198.71054972519164 200.80577221719221 201.87303739936917 200.59834060262833 199.21997909337557 195.364713760863 191.74907029489248 186.79036996001267 189.17714364251844 189.4750462290136 170.84983353430846 169.00229625005318 166.19800286434381 162.77451770047253 159.01392202155779 155.16340516703005 138.4070937029413 132.55047382810159 132.40516781421206 130.37580780281371 125.32999108318987 125.41967037032646 125.66561103234153 125.97661956219888 126.40584711768693 126.81825638978547
185.1267783461642 184.72441390933128 184.7941069374491 184.94945904835654 185.19614557776003 185.5401231744267 185.98759692385349 186.54495807572667 186.73598993546719 187.55824821972334 188.51053031161933 189.59775920488616 190.75775089039382 192.12001475390798 193.60986628817844 195.20085730007227 196.24341298771662 197.56645037250985 198.75981840193336 198.66651480246261 197.31458362831361 195.94000686906944 192.50783909569211 189.41227672940451 185.63607635093371 185.51933802311194 184.5684622310518 168.7846713108774 167.09044341175121 164.67905139646177 161.7774240126904 158.54775622852517 155.17719926093338 138.53447286599152 132.55789638413762 132.37281273862297 130.47306686801932 125.7019738332454 125.92446744590235 126.16533193408284 126.43719491898563 126.82776814474623 127.21794956162324
185.89821690021469 185.47453125230194 185.52748736266889 185.6629286017257 185.8858128334175 186.20117750341242 186.61403613864243 187.12921491296865 187.75109448123229 188.48319862694089 188.8696980140204 189.85337898116794 190.86719309752729 192.05363378335025 193.30871097282281 194.58086531010804 195.77339454255085 196.11599374918057 196.26962944330523 195.69170605035836 194.30680452798214 192.94222535470928 189.90352658028118 186.90624111744481 183.87351350856594 180.15686321083794 179.9592938831737 180.28231221859798 165.34739109842246 163.2493364501955 160.70030221790441 157.89316142749894 154.92978890991279 151.92964713961712 133.05288567410355 132.30483780915191 126.9094504273493 126.10483431977062 126.27930146047743 126.47784926395043 126.69740672650228 126.97085963983095 127.21467932785191
186.6058316971648 186.54436198951248 186.18133394534956 186.28734230456723 186.4754863186609 186.74963908524734 187.11333361636792 187.56949535267435 188.1200404158258 188.76526574911387 189.50291103673533 189.86519646577977 190.69881766801885 191.67470749358955 192.66367849394831 193.60116217438997 194.38368138883772 194.85432944489133 194.16412301980733 192.94462005006034 191.55364792867201 190.2041037121773 187.5309341157396 184.50766749673144 181.94449731265644 178.78363534054841 175.26258920235486 176.04248149596222 163.76221272449581 161.8751692875725 159.61501185571842 157.14110373990971 154.51368971093976 151.82655285026823 133.04109253106998 132.20173838449645 126.95213404428223 126.38477065127286 126.49126229728869 126.6152840517765 126.7462064902645 126.86497353118277 126.89511206237233
188.34945831167605 188.23247728058055 186.76108685206231 186.82934944280021 186.97336391963961 187.19570917597068 187.49831062893713 187.88208745837014 188.34644384540775 188.88853012289488 189.50216273672535 190.17623865689808 190.77215565696036 191.07238420802318 191.79592085525266 192.42241670947553 192.85775714697263 192.97772476404774 192.63836670507922 190.96898550595802 189.03540567161832 187.70484386844942 185.37112482189053 182.27500198254978 180.02876409297414 177.28235667190762 174.19144756338866 170.90075971521586 162.32164093632761 160.59639726573585 158.55847080113904 156.34767853509956 153.99396466664112 151.56997626845489 149.14054152805656 132.6528176860445 126.94683193996043 126.55626301500877 126.58007255961344 126.60877752431669 126.62474567916291 126.58921121741628 126.4120124464732
188.97721949435478 188.8271587828693 188.22282670041625 187.2968596513044 187.38910324300849 187.55126598824376 187.78368733190217 188.08537463686031 188.45344035458507 188.88232104237912 189.36269593295236 189.88000148435759 190.27598857078871 190.79035450189198 191.24380807334205 191.15708819193637 191.31063864093753 191.16891743798601 190.63387303717772 189.57498121329868 187.12200801911868 185.42541748472522 183.40695873515713 180.21821856452601 178.19877509510096 175.76463596760263 173.0202900582284 170.07280021467298 167.01691179730196 159.41420835598632 157.54980153390969 155.54770839046196 153.4158728370754 151.21034801264378 148.9830850380275 132.5461982486253 127.51336673763345 126.63874085618545 126.57223673507674 126.4971700839472 126.39205382344947 126.220932004373 125.57287025496818
189.55517451181595 189.36745255316112 189.23752121631441 188.65727914004358 187.73326840541071 187.82912827179103 187.98509543174734 188.19850437402278 188.46456852536403 188.77563458394397 189.12020815186037 189.48170856654849 189.68386697169021 189.99893933420032 190.23472154594191 190.33839168755043 190.24671700085898 189.46776111407297 188.79453267164956 187.66511384351494 185.85319068392909 183.34847224987703 181.62296220260089 178.33318566886757 176.48334941394577 174.28902188198288 171.82252382427797 169.1629640781006 166.38553158914365 158.32617168904784 156.63575689507167 154.76318413415984 152.81105309144553 150.78572500804074 148.72841723767576 132.42193659832412 127.49021856248719 126.6532653689479 126.49527511667836 126.31747037033109 126.09766955341195 125.76957979345316 124.47333580109186
190.08877532261249 189.85978621829958 189.68298196540033 189.03751916820886 188.98566302576185 188.98559667151775 188.11821221367245 188.24028108263883 188.40237217970119 188.59541425197571 188.80667442094136 189.01880669160235 189.03878854577343 189.17387861322447 189.22019250350399 189.13331566659966 188.86315349456248 188.35774172295473 187.56955055950394 185.93319535285866 184.49350349135699 182.77721704971449 180.00518606762216 176.77953389274703 174.89236608242857 172.88571781516973 170.64282473213399 168.22266688325558 165.68428761358336 163.0818444441239 155.74872710007699 154.00825615680137 152.20186795676346 150.32481204704231 148.40961532886442 146.48549622304293 127.57062557271672 127.29565084159117 126.37392570805277 126.10012238092817 125.77768207780055 124.79736695920073 124.0237468015924
190.5836884025706 190.31078058208931 190.08443851183509 189.90447153469228 189.25581613421539 189.18426287769677 189.15306096741375 188.22835211393985 188.28746465427832 188.36554723497224 188.4494172548977 188.52191070854846 188.37408533907299 188.34958361445729 188.23304216102284 187.98780178774848 187.57443879613132 186.95391161615214 186.09200779413447 184.85046777695482 183.39533014671602 181.5598609307406 179.75517611939765 175.40641987676759 173.42700607429472 171.56965634739186 169.50795111470879 167.28641422650847 164.95134371193618 162.54695064416291 154.92586427960984 153.29215452057784 151.6042904239026 149.84928162810203 148.05273878485994 146.2380365855322 127.63392976123218 127.28458552017881 126.91875461343004 125.86808265493271 125.12395071669029 124.13051442129708 123.96037517062601
192.91393369717099 190.72704182144892 190.44954297933032 190.21229480519821 189.48713516702887 189.34367428805029 189.23228850015434 189.14733756527002 189.08118276063973 188.10644586136237 188.0709487616391 188.01517956102066 187.71474136451653 187.55027974164085 187.29460740534228 186.91775114045359 186.38869682534494 185.67784344261429 184.76011787342631 183.47896739678305 182.01961838650462 180.73528098930299 178.76419957840383 176.05215710785592 172.0843387046711 170.34737088390222 168.43358975106943 166.37704509705762 164.21415036723508 161.98077128869789 159.71011931758662 152.64663731359508 151.02979267854573 149.37547938544645 147.67813361346364 145.95639790517799 127.6753126423457 127.257076994683 126.81835375275014 125.51779273260213 124.30888448146142 124.11284414020376 123.87777525332039
193.39723669582926 192.98816612101433 190.78564218017974 190.49078912160533 190.22824137005566 189.47477542522134 189.28504613303971 189.11404922113323 188.95396135049887 188.79484339217285 187.68927798349955 187.51713332849133 187.07895456785525 186.79251430333514 186.41822995040386 185.931691414825 185.30842709788166 184.52576967048486 183.56504574330685 182.2475059890115 180.78365683148806 179.52647978447439 177.55016711652215 175.09549930319642 172.8510824673138 169.30933218304409 167.5162244987726 165.50946195640614 163.49220649015859 161.40582154827874 159.27787681250712 152.02329865466058 150.48659200420312 148.91567001793373 147.30152195812173 145.65901430487315 127.70532032926825 127.2243020228872 126.72043450695087 125.63075740904267 124.35047041155384 124.12134751127793 123.60824484438629
193.85884198043632 193.40368960431545 191.09962613449449 190.74772443814405 190.42242357690304 189.58735518294196 189.32217627563307 189.06924268445042 188.82081238713585 188.56733461685107 188.29727409217512 187.99700596823635 186.47960474971703 186.08718582332187 185.61174921612633 185.0334270505607 184.33281791430471 183.49239107565771 182.49803904242793 181.14589134629654 179.67722699938633 178.44824835199029 177.08606913599445 174.25224426683181 171.88865946501195 170.28657925311708 166.59192319324038 164.78686068164902 162.89204490803417 160.93097403292165 158.83510328710508 156.80877727859155 149.98049251275239 148.47895902219463 146.93490252744584 145.36020235109652 143.76529274876572 127.19478535722281 126.28618001494847 125.47959429392084 125.16906831434228 123.93945392361552 123.35137374507872
194.30372625796207 193.80287140634621 193.3278688159551 190.99013816541492 190.60397226372129 189.68998101842746 189.35297483056206 189.02286282804633 188.69217589341028 188.35192946434421 187.99153427265551 187.59878110323888 186.91087511358378 185.44109586588141 184.87924031563168 184.22373726987664 183.45911827947157 182.57169547299955 181.55067421598648 180.16477956437842 178.69098413681758 177.49107711014574 176.15537633113917 173.51464477469554 171.02886821150872 169.49299696852029 167.8439113982709 164.47931544923873 162.24416322696175 160.39119726606486 158.49436850753668 156.57128717235548 149.53313093921616 148.07198806941798 146.58729090030096 145.07090766813778 143.53132925280423 127.00318251518075 125.99263087892068 125.64304819597625 125.157532219725 124.52730279073361 123.11869178895428
194.73649130784224 194.19080456872214 193.66695600356769 193.16269430714152 190.77968836789222 190.34831335871198 189.38525369046673 188.98306743620736 188.57637898191172 188.15687080640814 187.71494795316289 187.23977955157818 186.45356617477989 185.86873483568326 185.21281654053294 183.50147315161203 182.68346941503711 181.75741994221926 180.71497006408464 179.295597696285 177.83461613754062 176.64629045904042 175.33314043421714 172.87568661162283 170.26591717368336 168.7854134560028 167.2057248322115 165.53953789617736 162.10827236449688 159.88079702468474 158.07746636677311 156.24569856848652 154.39891049430227 147.68472838773451 146.25076970282751 144.78497770053588 143.28770165293702 126.59076842035522 126.20321988562755 125.73826752608943 125.09392472887967 124.41855064950288 122.91512354838407
195.16132446137601 194.57206764109452 194.00105210018535 193.44590475720977 192.90360072750025 190.46458283007789 189.42545318751289 188.95641372187285 188.4799173900131 187.98835740565349 187.47312354032616 186.92467648993645 186.05010942762945 185.39680169381728 184.67817018316322 183.88347340540633 182.00141754118326 181.04331486771702 179.98343193084872 178.5304726191321 177.09168667174455 175.9059588030461 174.61206281488725 173.03815476103279 169.5941945584388 168.1602511428755 166.63909343450737 165.04091852146192 163.37735363657268 159.89544638508278 157.68402480557307 155.93240802524232 154.16268524113954 147.34899081949442 145.95832476466285 144.53632330187935 142.73465552609002 126.57580917648725 126.13763968194387 125.48066236648638 125.04896528840474 124.33425459714866 123.58267470641883
201.96342266171371 201.25112585855999 194.33450264946788 193.73091884221336 193.13694743472769 192.54891825374378 190.04460063808909 188.94806026746622 188.40773303662263 187.85090677789418 187.26991009649046 186.65638344523475 186.00143412463711 184.98929574881362 184.21660492015604 183.37530529241397 182.45735593082637 181.45596975671353 179.34905877621222 177.86216504590266 176.44604340215065 175.26281959376709 173.98539302692851 172.6116166087177 169.14764414070746 167.61374014156229 166.14218136646645 164.60191064683565 163.00238783272215 161.35377286177754 157.83090892271858 156.14346956582943 153.93762883435096 152.22489885412963 145.69955877450431 144.11182081049461 142.48843212067987 126.83549242173486 126.17210494734999 125.47840189363146 124.7620391775439 124.01726657577458 123.2381399361617
202.56148791416774 201.81135008039334 201.07218766892055 194.02164086749048 193.3791213292094 192.73996159151071 190.12783864773496 188.96196659602319 188.36347122046749 187.74767306422922 187.10777300270809 186.43647036018831 185.72610993543577 184.64544543426436 183.82598797779119 182.9447069357802 181.99503662298417 180.97150151069272 179.84574259185797 178.32739636248465 175.89111662204294 174.71020701001154 173.44688775464064 172.10317629982254 169.56104018782077 167.14205737603149 165.71271310042897 164.22193699888177 162.67746280524716 161.08765173005071 159.46109819140756 155.90264310047806 154.25596493956189 152.07605829499295 145.40193382527127 143.70220473023329 142.52061074126439 141.19264967198629 126.22184827227053 125.49540626460603 124.74724177372025 123.97244406212567 123.16603617255369
