codes_tests/data/cartes_pz/Pz_Pliocène_Aout2012_newV3_corr.grd
ncols 211
nrows 221
xllcorner 663900
yllcorner 6152400
cellsize 200
nodata_value 1.7014100000000001E+038
[rows 76 to 94 of 221, columns 43 to 85 of 211]
110.24350529214792 109.03459225703136 107.8565264399424 106.69536281053591 105.55103191517949 104.43456729039407 103.43774750207666 102.35053676987462 101.2788447379713 99.729269033357056 98.706587404711456 97.697650576368076 96.702003468118079 95.719139720216575 94.748501728766257 93.489718755043114 94.446725653985453 93.287551677139149 92.354033900802875 91.426544672703159 90.504137387035613 89.585823237896065 88.67057539512345 87.757331697603817 87.127497560957607 86.208795117251128 85.288411824085927 84.365189073083414 83.437961870361477 82.505566293874878 81.423158999721025 80.612095423988734 79.603338359769197 78.68758005575009 77.720273586826323 76.866196589675866 75.868090059472593 74.855524720051307 73.80495950792367 72.762817626394252 71.704309955845773 70.629022173472421 69.536663665993515
109.94495646916542 108.73746619787504 107.55754408977057 106.39466756651208 105.25959659042857 104.13019199824181 103.0174370300829 102.03364995328361 100.96041286385679 99.434701930626645 98.409888843410442 97.398844173452872 96.401106902894981 95.416167733372461 94.151405597947928 93.199708612431337 94.039598477907916 92.891057668267294 91.95613513255087 91.027418498123922 90.103979019586305 89.18484912636842 88.669974389358174 87.74304062581426 86.706767698282604 85.788796617758777 84.869520177971836 83.947810141420575 83.022532739240475 82.092555913498813 81.022160660924072 80.085937182435984 79.205843672400889 78.29202859293774 77.329594087505555 76.355293496050194 75.481775427856533 74.476471559601649 73.435615630764644 72.402152612063148 71.35308183646805 70.287991722098667 69.206590762026266
109.64859200195492 108.45631065755116 107.2609129779343 106.09652311536048 104.9594402257155 103.82869733475883 102.71465426746738 101.72036285498177 100.645654258584 99.143819035767791 98.116880929647181 97.103713953154227 96.103851515147554 95.116782056338025 93.867191853707794 92.912933678266 91.812567608022533 92.500283256795385 91.563854321131174 90.633800386347801 89.70921324235394 89.175842961150437 88.246594834407787 87.319991459124779 86.291679647119224 85.374332166991721 84.456060016125434 83.53576723421871 82.612352818933331 81.684717596101734 80.626087703802497 79.626808294508251 78.813384229492684 77.86522795347787 76.944035588244731 75.975289856983096 75.10094100661982 74.082180914104683 73.071789383752701 72.047079769470244 71.007536537982261 69.952751109011302 68.88242968726513
109.35747718463122 108.16343646719162 106.96972429130248 105.81398906485494 104.66511787210098 103.53318858567162 102.417981722791 101.41376824998866 100.33765680242793 98.859646403266368 97.830582562659174 96.815269195753132 95.81323594084661 94.823970486951936 93.589250697945729 92.632322618527894 91.539460782928899 90.607691935418245 91.180151462428313 90.248632445834673 89.69460937587219 88.761376918751736 87.832052079945328 86.905650650610838 85.885089395980472 84.968240114814577 84.050852410072622 83.131864581822441 82.21021020859645 81.161932958134884 80.237680283868869 79.24603444585 78.428659118015105 77.484671075542593 76.566267035943895 75.603072035078554 74.607242083752169 73.718447700274865 72.716086262610631 71.700189868087506 70.670249600275085 69.625858992660682 68.566720886486635
109.07480094303033 107.87926448936136 106.69684795632934 105.52976538797998 104.37984420827593 103.24687904984489 102.13062864720109 101.11705998732184 100.03960480495211 98.585296552434372 97.554093782153203 96.536596397123375 95.532331434766832 94.362390910281448 93.320584719734725 92.360860029583719 91.275154767838885 90.340311794883917 90.808021243844777 90.231333950731539 89.292540441459039 88.358829785294077 87.429274133674241 86.502920428101703 85.48985196048892 84.573351737424147 83.656706111414579 82.738889115927563 81.818870406927473 80.78161173532115 79.800035775030949 78.875400408082783 77.944302311118633 77.114453779003313 76.198908151790491 75.220433169386453 74.253439065469806 73.365356374377683 72.371052244828959 71.364012139360824 70.343732783714884 69.309808584778665 68.261938761292711
108.80386837231215 107.60710600913977 106.42569183087605 105.25773176797932 104.10693788455193 102.97308089546638 101.85589796822283 100.75509182595515 99.754763225822856 98.32396148342734 97.290589052238602 96.270850983796421 95.264272853210059 94.104260448732262 93.064248430391146 91.970616384423934 91.022640533050605 90.084542317439031 89.746388287313266 89.845198478197887 88.905528995577953 87.9711562516068 87.041184066471772 86.114692437459084 85.109914110307116 84.192476051266183 83.276401339570441 82.359593333844401 81.441059720187056 80.414443681796683 79.439601276453701 78.517538486846959 77.58963764349609 76.757155410369364 75.79014602986544 74.873281837232426 73.912470227801066 72.941111599913668 72.039152565860505 71.040992528017227 70.030412432427568 69.007006660209385 67.97046933773133
108.54808774420037 107.37271328673657 106.19156083350734 105.00130411065471 103.84980761653622 102.71519253327432 101.59717472190047 100.49543902497018 99.486470968558805 98.421523484809228 97.043303575902414 96.021243479180868 95.012244548904945 93.861782913522418 92.823335669161423 91.736341143770815 90.7849374800372 90.242437481112745 89.457155983822787 88.525784773129288 88.536555503631362 87.60129860089387 86.67068562198132 85.743832584585931 84.745428033934687 83.828384053867083 82.912674797425083 81.996680515291771 81.079448636998052 80.063051548276633 79.094630540122097 78.175010440258745 77.250194807612402 76.392848383639162 75.454947823784622 74.541429536894057 73.58675695508488 72.622338156797483 71.722754519994936 70.733476299462254 69.732612276659509 68.719755162948474 67.694592190099911
108.31096145576001 107.13341141647511 105.95159939826735 104.7639825294729 103.61194219030205 102.47668840668308 101.35791582093971 100.25529159115702 99.238125008085419 98.171777258683193 96.815522828904733 95.791029954505689 94.779470880579609 93.638126137606463 92.485588037576903 91.520145366971832 90.565081891482023 89.986319335031368 89.038774598132349 88.252671364516942 88.18858249076581 87.252174122622705 86.320651119998118 85.393168613907548 84.400700767489155 83.483796354882443 82.568206122934143 81.652790578075482 80.736638911143004 79.681321839903376 78.76763322716873 77.850293562687824 76.928420026910928 75.976727992203081 75.137379446910643 74.227216249920062 73.278613005506898 72.321082918563803 71.353980483608808 70.443689847611211 69.452534356064803 68.450232020232988 67.436461872639939
108.11614120100668 106.91663857319062 105.73439500689446 104.54933881755134 103.39689881966748 102.26110655210981 101.1416368656765 100.03814037457038 98.950244489893791 97.945360394070377 96.610570883046265 95.58349960943292 94.433817926876685 93.436480420708691 92.294395382843902 91.325112615623922 90.711978413414158 89.751909784693979 88.801219172575301 88.001181984619876 87.071135589685085 86.926661322819456 85.993907617301218 85.065476281752282 84.078443358557877 83.161369290541117 82.245604195967815 81.330486240524905 80.415148746021714 79.373280646176639 78.461026606108106 77.545767205835531 76.603219701762868 75.680756394507767 74.839699239030068 73.904071065469751 72.990227926795427 72.039506485010094 71.080064665020444 70.173726565731627 69.192245140602211 68.200477882288226 67.19809283420426
107.92566517773201 106.7260420486092 105.54358510267579 104.36100482058868 103.20828994555261 102.07203712494902 100.95190155587059 99.84751863745052 98.758504683930241 97.745718870344717 96.431800789403425 95.40196490223974 94.260837606407108 93.260049217661859 92.127752701260107 91.47919707648029 90.505756289934368 89.542230681331191 88.588048998023282 87.774212577362903 86.84074479506549 85.914019711486645 85.693228335968129 84.763470987796609 83.781298767071831 82.863686052574849 81.947398289453474 81.032244421023648 80.046135615561099 79.088209007003343 78.177123140024548 77.241335849875114 76.325999081114347 75.4067208988685 74.482728275661202 73.633384692550081 72.723657462539549 71.779631676355521 70.827757827095908 69.867470270449985 68.953661551882561 67.972380634468138 66.981345740507351
107.76481153263593 106.56532325004726 105.38285677308313 104.21709756923866 103.04977248162434 101.91311009789445 100.7923093197069 99.686991689927709 98.596763581457097 97.576322381138979 96.282582386815818 95.249750652987956 94.116578146767083 92.977234874820155 92.292401728709564 91.304853948430576 90.327653132062551 89.360281698580991 88.40220589657568 87.538952681312722 86.637308033302475 85.706867641304868 84.782657343628443 84.489796591206741 83.562441102362058 82.590855787534053 81.676027807950135 80.760445011845263 79.781302742052489 78.828359337527345 77.918123527119235 76.986171341047438 76.0730128008164 75.156677584320391 74.236423810362268 73.386519529531 72.480811526927553 71.543330555113357 70.598896774670052 69.646948516907997 68.738541616719786 67.767667259681659 66.787917275930553
107.63733248965187 106.43822257768508 105.25593428486299 104.09012278000704 102.92503466869351 101.7879833245352 100.66648370259439 99.560144305991713 98.468564125587079 97.391333376765047 96.166293409976916 95.024387440600677 94.004293814573856 93.155959731191146 92.153690054131147 91.162092411218339 90.180698648315811 89.209029558543776 88.24659240273138 87.292880351879319 86.463574252532965 85.528923938495907 84.600685792163247 83.67824952540596 83.317726729170886 82.349757742848865 81.43383553675622 80.517365599876982 79.544435560965582 78.595870225283051 77.667172638547768 76.757531442912054 75.846230234836369 74.932545048864753 74.015765389329403 73.1652857608576 72.239242191466587 71.332320263046512 70.395159233704391 69.451406213796659 68.500553113776334 67.587893653190804 66.619331402400888
107.5470105880259 106.34850821211865 105.16656628347415 104.00081014142506 102.83778391891434 101.70033093449722 100.57806085997552 99.470570706742564 98.377454298814143 97.298301481643037 96.086309278049839 94.95156112693185 94.177501411779886 93.056687907340603 92.05009984030292 91.053977765111043 90.067891616160267 89.09140375555684 88.124068201002515 87.165427651569175 86.322237420833048 85.382811415220104 84.449980664181368 83.523193818314411 82.601880510212638 82.140652249675981 81.223063308190305 80.251004178755977 79.337630053992029 78.375030171382292 77.466262049649558 76.557310935141643 75.647486614572003 74.736101821876318 73.82247772794129 72.905948098298566 72.050446712503117 71.148155660097117 70.218056335393925 69.282313542570151 68.340413188841936 67.434441475171667 66.476934806333546
107.49764357468312 106.29996126239278 105.11851272625152 103.95289337156524 102.80269041014326 101.65383161806024 100.53067819882912 99.421863024880665 98.326976507977662 97.245611255371358 96.045994496398848 95.147314582889436 94.04647678576778 92.996150602055323 91.98473185663839 90.983540868516471 89.992189987738612 89.010288726569328 88.037442026334361 87.073247458679774 86.18703194783123 85.271083553243855 84.33301808773632 83.401244286517326 82.475256308023404 81.965761386015302 81.045848999019086 80.077917310831509 79.143995747974898 78.205343167527602 77.296010325029954 76.387271343181297 75.478478517344158 74.568982440652746 73.658135830867508 72.745299089758703 71.890124103359909 70.992230259020658 70.068933537093528 69.140971086052502 68.207820222823656 67.269002936554273 66.361894177017504
107.49303129513784 106.29636333619104 105.11553221154722 103.95010236752518 102.79963649261167 101.65215602790748 100.52796331851189 99.417600857315833 98.320657856922352 97.236732791450279 96.165433962066501 95.127430194629866 94.029755985270725 92.977485516610059 91.960652263418382 90.953773338307286 89.956508558835466 88.96851985730386 87.989468728729605 87.019013127378543 86.056804033676713 85.196225426542256 84.252199722046939 83.314720048032854 82.383349321569611 81.433859557462426 80.899768783377453 79.939395723886761 79.005554159033423 78.068606138259241 77.158123501092589 76.249045038978366 75.340767576072182 74.432680387348597 73.52416908792965 72.614619799959584 71.703424714370541 70.845525118045856 69.94896970622267 69.028508592635518 68.103858455935978 67.174522957243695 66.275197480296995
107.51370366902641 106.34148307901657 105.16136833036352 103.99615144468909 102.84537018149257 101.69895687591057 100.57352338786522 99.461340935656068 98.362000620162206 97.27510922924553 96.350436231185014 95.154169108154065 94.058749938022189 93.003793454305054 91.980886355872485 90.967621944642644 89.963713208419151 88.968880039601956 87.98284634284046 87.005336249253872 86.036070024016482 85.160650178173483 84.209850544422025 83.265857356932557 82.328308049700752 81.37679682313491 80.411217222653477 79.8222862120804 78.902640423201277 77.966483898458776 77.054184372091626 76.144135890928823 75.235781597808881 74.328550650237361 73.421861986124483 72.515128461932491 71.607761265642324 70.750922482123727 69.859182933854115 68.945891706310476 68.029443962948235 67.109322816259052 66.185046823101018
107.61370289958514 106.43906186966488 105.25973769103797 104.09472634307635 102.94354193723332 101.80571223030883 100.67093381095421 99.55660738809371 98.454472046725769 97.498068466241889 96.305460961580565 95.136596783591202 94.1365987316359 93.078132736671392 92.04841433197771 91.027985900131014 90.01661893982812 89.014098064036233 88.020214876744433 87.034766359496061 86.057548287898726 85.143749419973403 84.208221154311971 83.256813963534867 82.31219747153888 81.357553513421053 80.380776532750232 79.469052221824043 78.836901163398238 77.900530599012242 76.985660373493005 76.073926976482241 75.164821898165187 74.257816048243086 73.352362959934155 72.447901946401231 71.543863301514293 70.639672796283904 69.782453114078919 68.893925775077946 67.985329396493782 67.074106070909494 66.159742637278399
107.76929160426991 106.5928015832248 105.41431630527313 104.24947239736132 103.09776011048233 101.95869171646301 100.82372946695742 99.706882417545202 98.719356676283084 97.619840075756741 96.439552242160886 95.28017400405534 94.266396701427226 93.203515164693258 92.166168158535328 91.137713494583807 90.117988020915789 89.106845988576097 88.104155042782779 87.109790814872753 86.123631366391649 85.145552090893503 84.249490501087749 83.289671589672622 82.337001808632394 81.378012658987643 80.401113808097023 79.471468990383983 78.558421332568031 77.872196736578061 76.953909764175165 76.039687312913401 75.129071364904448 74.221576412555706 73.316691766480844 72.413884222120728 71.512602732704465 70.612283068739387 69.756678867611782 68.87326889006529 67.972116164498871 67.069421358155651 66.164636782600795
107.98431312186388 106.79204703687442 105.62872736750128 104.4639823493422 103.31158250991939 102.17102469319245 101.03539315272565 100.01760548742331 98.90344690880076 97.800016798837007 96.630521430366755 95.479149593928256 94.451187934410683 93.382902350344651 92.337028411273707 91.299600873308975 90.270527817069748 89.249741171120036 88.237190372027158 87.232837094158015 86.236649111075479 85.24859327400182 84.335770379274962 83.366441105441652 82.404631776804663 81.428481721544671 80.461448846157339 79.523853177345472 78.602814688414782 77.671346370433184 76.960192813116535 76.042583255957865 75.129605621593385 74.220819843866309 73.31575236478696 72.413898450427652 71.514725864699429 70.617680124094747 69.722189560306916 68.880246243629713 67.990263940490252 67.09567275675586 66.200081618591227
