codes_tests/data/cartes_pz/Pz_Quat_Avril2013_fromProf.grd
ncols 211
nrows 221
xllcorner 663900
yllcorner 6152400
cellsize 200
nodata_value 1.7014100000000001E+038
[rows 95 to 113 of 221, columns 129 to 171 of 211]
32.726819056212442 32.6140845546633 35.05159697986506 33.296345178823785 32.103962859322372 30.00138745933792 29.623861739801299 28.874494900244002 31.556327305210246 34.556173170977502 38.90362072836173 38.013419010431974 37.027539802162231 40.78663838616373 41.095683136746658 44.129090969467931 35.954749126699369 39.837044022420258 44.394857355139195 42.732395316153799 40.243062888508433 38.632757597310146 35.485067116533614 34.421657892925133 34.526059503578104 30.652541826985832 28.441192259891444 25.484749840708741 27.096948223091204 25.099199597036694 23.433472572221817 22.451505296551243 19.178287977670543 21.911762239938863 20.488076706743151 20.428136110197464 22.149968772808343 21.017452122310715 21.146298877992528 18.374529688615631 16.983261993481797 19.075432511564053 27.28943129275628
35.938078041102408 33.089779290982065 36.120840184018704 32.239555219636543 30.735888911535007 29.691766318390641 32.479007695197495 35.18309461528073 38.481190767789599 43.787583781297229 43.060412604736733 42.507206542107198 42.249998819583638 40.402176833800894 40.941526108312189 40.400314784309629 38.596077852724399 39.752327327284625 41.573258694342805 42.206018021027774 42.172229531473967 39.610679641042992 35.924963963074937 34.532175379949337 35.907909984338986 33.752993656781193 35.020508145004463 30.97337963617991 32.01425662865153 38.01715150022924 34.454716132368219 34.735574292356802 33.480609920860147 30.563791883704766 26.068166351528966 27.085523896629887 25.7995869473868 21.697642201830256 20.493643828688114 19.064390021921504 19.093589217435149 24.991713872477355 26.431826729814592
35.925114017937588 30.183242296912393 33.419036393852437 29.401790561114773 29.450618536135746 31.665837495157866 34.595533573689252 41.421472221147347 58.93717227037255 57.204394280265205 51.320633531275817 45.714836509978561 44.867929908650588 42.917622879696609 39.651178348452135 40.347452790196712 35.839303612952158 36.91346606013655 36.684735127590166 37.109152090008827 36.043756879431889 37.331191047640388 37.181007465178332 34.430281656018387 31.609362710239406 32.040253748197074 36.536177833863533 42.731162585419241 39.046065188979242 36.590815253995224 34.851319957443181 33.481552527348647 28.15132673848704 28.264459437934015 29.921075323205592 31.668317593461222 31.545039777443108 25.580832614727946 25.230663761714986 24.858455591110896 22.716332396512762 15.301564758814264 12.712805332498299
32.850841040832165 35.82335437353386 35.763070077808479 32.227064585850535 31.51641635373851 31.441557460040691 34.391696793141783 37.05201436734918 44.144414942993031 50.971372531874749 47.895610754589384 44.752948345914234 44.21749536988127 40.67617181655563 34.334122469765575 36.135727624286069 35.915360492219961 34.829573508540115 35.729896475468436 35.594404813686126 33.968618583412578 40.145426809167361 35.108102380006159 36.078344489451297 35.232895956152916 32.546736459632861 32.837920159082621 39.977060078649828 35.530508493115605 34.8973230904123 37.057120353659187 35.341559588116006 32.979693770954746 26.097881780743322 24.624753116325238 27.792998430857914 27.265860217975614 27.908722211047042 26.236958026190415 20.155487183867272 17.59109164988493 16.023881831028952 23.757440328673376
34.2598949416859 34.750603329649294 33.524860779170474 34.620212972253235 33.117609798090029 34.05248561766328 34.008359226195331 35.965742247849384 37.572490738147813 45.289303729857807 49.503186848043981 44.289418625568779 39.812842502746456 43.526754723106862 39.919279839311827 35.135112981307344 36.056308433636694 35.90994097305196 35.073556303210651 36.746252333895598 38.357016612115544 38.274994283575928 38.204107987946387 37.909235791835918 40.947488430250587 40.54212542793222 39.443402200532631 41.689177377122249 41.763650897201835 39.602054833738954 38.638769353140781 36.9990252834789 35.100281219534764 33.648755728981399 27.276791776193942 23.5898205280117 21.915391981708506 19.945208622008387 20.300969854102512 22.888903590406663 25.615872102172769 22.999506884787376 22.910128733487348
37.364166913015097 36.159642988030249 35.338757122421669 33.438151037155272 37.167867416547359 40.667582847128131 38.924956463258653 37.441788213872748 37.919182145634075 39.997611685037938 46.302266273427193 44.577795560077469 41.471554705377812 40.034849573047808 39.140252056705684 35.735488710881981 36.106055468980109 37.543299182598091 39.637271814109198 38.800254422640272 36.540544917377495 34.268486207130344 34.250328172511338 34.01593748942841 34.514696477866835 44.269773848152994 41.993043483014759 41.846005475395792 38.999297355876521 38.45269294883142 38.464110225644475 37.570120539946629 35.599663295458122 31.765914544100369 29.029890803861022 23.614362844233085 28.945558890692716 30.709750435767432 31.299308380036795 29.052233577898999 25.182969197216583 25.358233743847158 16.854339026178494
37.424727159150606 37.249480948940061 35.218534421588394 35.182169830151437 37.26190836476561 49.423691155952213 50.689169164329137 45.34914355049839 42.456112680619924 41.836074684507061 45.325154691139353 47.084672689817644 42.694617722940471 41.06714774158737 40.215641687446499 44.995119849677984 44.669401564282694 42.901051962266223 39.211536176917328 38.762606781025752 34.85373008398868 31.419940480967341 29.1090699147863 29.877547410253047 33.867222521097766 40.843936527514444 43.018980545456799 40.290951984688277 39.753759008461842 37.075894976026198 34.263619697485311 34.402219833532342 34.006795631873651 33.468986354352587 32.693795765394221 34.926613339530192 33.817718326954328 30.902314153675498 30.980791946050331 28.138755901025981 28.283480808810616 27.065074085339255 17.959866787300935
39.143700460265222 36.999580052387898 36.05439697653744 35.870845581018308 37.668204290176774 54.508730864032202 58.789618684871051 51.425046985497758 54.622996970629714 48.889564627272826 46.115052297924173 53.26387809920714 51.285318789364972 48.093709641223484 40.245793652634283 39.338092231872153 39.498108022504226 40.563007523615944 36.001769434139163 34.123909836550197 37.476150653726094 35.118671154248212 30.976642450334865 38.553260350040929 33.314514093682959 35.743327132446069 44.953837062550356 40.183028047823917 40.107172890267158 37.423972728958262 36.458167719918016 34.730770163288398 35.628062833953372 33.869269813965275 33.828485368751984 32.107634367197257 32.858283704080414 30.230084079394203 30.326690519594088 29.520860823464297 26.006939478162316 20.63539995608447 20.714716026578785
37.03471891650846 37.767489628260435 36.046472270582804 36.793063304747847 37.81517476117061 41.947134461923596 55.23471553325561 60.296795265637549 58.916279584567164 52.334481792493676 49.648868953073297 52.419968537339109 52.80376396800439 45.220770904907425 38.416224442696659 36.39208750107958 35.005009175522687 32.500145485719635 31.892231264464129 32.315111207776276 35.61882299704321 43.680273632079299 40.258561154742345 43.085765927217167 40.100172632578598 30.52823967312375 41.747977030572144 39.337904297241273 34.848669977324029 39.054074843464107 36.169678064545188 36.388819281936932 31.611615208363641 30.809260035435049 27.580188386533742 30.651846943420495 25.097134543599353 29.189116422424302 27.994459380141826 20.612621190021393 20.975471625391162 18.539788226114478 13.284279734550452
38.463168093762107 37.016650684964716 37.903442822017084 37.733097599390177 40.694992220424375 46.863497034752697 47.796801804469595 48.817891429326053 52.321422317453795 62.210806134573538 59.383921652248056 52.473947513938562 70.700311673339627 58.785277183891147 38.324631893183636 35.257285923953148 34.111209270252729 32.100869868956948 33.237433892970103 34.981513661725742 35.321521306175846 41.040040380143147 42.455586023735918 45.494877948847069 35.744648462724854 28.346821701304684 31.104543304415436 38.027375368976237 31.887237348449752 32.76421705495094 37.880318547496884 36.686404274525458 35.701654186452679 33.247987387068733 36.909305863045361 30.698006345142893 18.901944756006401 16.90728625101162 19.562657557666732 19.831372543452531 12.733139232417283 15.66300265012805 14.377230584268329
40.056813528637228 38.148244431491605 39.771720661538765 38.838722743599071 41.931055144763285 52.427811029283575 47.576974396323706 45.088364747279613 45.102058109647523 46.912728119413089 51.657205124558487 63.848792395564821 53.520737121949701 49.583311587891089 41.402663865464582 37.195789894354846 32.871058977934062 32.127708189467832 32.85765045212095 35.672502166441788 48.241234941940377 37.937176221496166 37.270786731585119 35.572671153092237 36.221687260172629 28.481724955179281 26.16829556726745 26.847687392726542 25.831936824579874 24.95633514895481 31.135806765965558 31.273299107936623 30.55758972957776 29.112277227390805 26.860281813694762 28.887597591737077 20.282002877982762 16.183165185388042 13.128354961231839 10.68113438824825 12.68407829411786 13.875382964687724 13.770608497455601
55.566718383553372 50.249823069617563 43.287093746846097 43.167871839427626 40.650067376686778 46.098215665576411 46.404960106436505 44.276386860383248 41.073283090607426 41.811592622946954 42.962840193976085 42.098753073124634 42.007050539531065 41.565309282879454 41.788068196753983 43.164991663796087 39.707906981944824 36.029637506126655 34.911123184745293 32.396547253092372 38.360798971708761 31.534912758396946 30.671587214082098 31.026643456936693 29.882139940620494 24.722715756532338 22.438765744455573 22.749170735554642 22.770496906026363 22.478484194716405 31.516658953029701 25.706373673881359 21.340251466012969 19.41409831889311 19.651936274553286 18.333134988939506 15.563679122080252 13.471342080670428 12.896510757037213 11.054941941268041 7.5396534954803309 9.2107514775599757 11.891935177921994
51.981294786292594 65.208843945669315 57.788723598077034 49.782577832529888 44.997037366421743 41.60930715675466 43.806428404139851 37.107991089520063 36.016641995439784 39.731030756566639 42.583949357711539 41.734804175631439 39.844983026999579 41.266840932225897 42.264967498574066 41.407659039000158 41.534590507193549 39.273643154456892 37.248908997793642 33.307015474722448 32.605783428284411 29.201915282898796 27.514861621984604 28.17178342810012 28.93097547262558 29.878091163667072 23.841947278333301 24.336186805592384 24.154156365982303 20.355849973752953 19.828493819069124 20.893596913672987 21.778187472221997 21.582920989756317 18.243360673703581 16.377551498246874 13.355382391726526 12.785983323948226 11.594840387324435 10.886270312575466 9.6910497338808579 6.3723696867489874 3.6092388228073009
62.135964215011114 64.336639079306835 73.391637593008682 63.613588282761732 54.448230534701096 47.67190577945761 40.766243403743644 38.756008243878838 37.633740951311843 38.142824048186455 39.965243367145128 40.629242092022245 40.792915231595927 47.024949291331325 53.769028357797289 45.734201384834094 40.219427242194605 34.55449573929176 32.604593643008712 30.372228525871805 28.697415543851037 28.423405567500545 26.329043356418396 24.52044791029595 23.157220523379802 24.431505826670865 26.852826049451231 22.894545013675749 24.180011514468589 21.971867999521535 18.573910375563255 15.538448204652934 22.556965482105689 22.10624833527358 17.328711506314868 15.418932317258278 13.630716935789016 11.615314051546617 9.7036470449123264 8.8258564497600851 6.1882310972141488 4.4327381171289026 5.180061850246461
72.629072071805751 92.938711008889129 85.014948552220005 77.289521154887041 65.475046130724223 52.067068811526788 46.391182187483729 43.245619791704861 39.994323870195004 38.235639859453784 37.984058608846766 38.060436272421853 38.577304041380692 40.130755574872758 44.705476438724112 50.974276313092147 47.431357432656334 35.442642608109608 30.503312709294931 29.722878422883095 28.546429674218814 25.612583301553226 24.713484696509081 24.43764105493922 23.151499747998741 20.865221504514658 18.634324407143005 18.694011130965965 19.095951023076719 18.22216366704248 19.183493826794866 19.902922922761967 14.005905446553786 14.050524551745063 14.722672188463237 14.585877129184105 12.593364751337113 10.895350708385433 9.664706957747276 8.2099269182820791 7.9369662911760468 6.8917521191858775 3.8322790335065315
67.235478268878069 69.703128353669896 61.19060007691315 62.244958743769999 60.543063465276497 64.72128398395931 57.179675059157987 56.318440376688741 49.551339133286092 42.958393926389938 43.42385042733406 43.107752021093212 41.642961259155747 37.896242960200098 36.068389065350864 36.231598210234836 36.077156533600579 32.759988763721196 29.726051763276317 27.880778131799886 27.66152320963635 24.962092653142125 22.660864443385705 21.505869926992734 21.576010793548122 21.140010332091681 18.686420483745387 18.020241857743578 18.136269345353007 17.136812972773143 14.155394582524107 14.500109678585957 15.463549077302545 14.278157294521245 11.839366551845654 13.001147455024054 12.81397615122664 10.914175446015356 10.060043431561308 7.1471236397308253 6.1714251026270821 4.2523584665089738 3.687186650384521
61.947811872544065 59.052126743241296 59.005031505356904 57.995590810657077 55.164563846591292 56.059372957970261 63.674590594874211 63.740418408404523 54.874524140527924 48.134096918248972 45.227575888397283 46.821868045661432 50.781680298255736 47.565160026817324 32.975614734241347 34.153268787575954 33.07671733121046 31.710838743803428 28.432582679237594 26.783026924422124 26.696111929981747 24.813327631425093 23.682222688171851 21.646471553814983 21.509999396719159 19.382832028981124 19.384999629746943 18.681275944971489 17.41541781606125 15.853113085244532 13.92663006144679 11.371827986438257 10.199309322681877 9.3775232289917572 8.3228505976015832 8.1347449204701689 9.264645744717118 9.2261611537657302 9.3383533265716263 7.4904508806881696 5.544366510049171 4.5963565674386766 3.4657001935892762
57.776706497338516 56.597565203610344 52.741911016318859 53.158977266999599 53.079393441490751 54.285998248233696 65.641006704547621 62.583652566603526 54.247106845306732 52.841395697706069 46.980810254788295 47.253865346833578 44.735208601242832 40.876438359918062 36.004604047850925 32.743059315158305 31.026555793165677 29.860448519115373 28.069624792502943 26.147498644158976 25.884627983830782 23.15321420978605 22.940427716734689 21.749756832049322 20.579320174860023 18.407406061696207 18.040344735595667 16.815625487071824 15.693553072385416 14.899692248945328 14.957730947218582 14.048886092157534 13.523091405283513 13.974053090483654 11.820351760794551 7.8537540410634952 7.1889060454625016 6.147444496560297 3.5273594073615833 3.7450753515174195 1.7488894820487637 4.3374412535926163 1.3532219078886785
62.483889845628667 52.166166109682258 50.952191662655672 48.9968925030485 50.314020559583071 54.552519452057467 66.173016095697733 64.030456307164684 58.009948214790995 60.35044855311191 57.512101917730632 44.871323314436481 39.890699468424266 37.004210577143624 32.253866067391058 32.482273992826919 31.064017616198829 29.054078267636239 27.065633408593236 26.154834093847093 25.089086466617367 24.132129261965254 24.058925743925133 21.861908615701935 20.566058541335991 21.236744814565466 19.057815257147102 17.439619795767264 18.539298958032287 16.213758450877148 13.460438145103726 14.439343257912686 12.705587869949181 11.016730542804332 11.049407089727884 9.9947871025394655 11.260152649523761 13.096119810896173 8.771559740831016 5.9980988539208191 3.9778876432892112 4.6105912290671798 4.4358653171256508
