codes_tests/data/cartes_pz/Pz_Quat_Avril2013_fromProf.grd
ncols 211
nrows 221
xllcorner 663900
yllcorner 6152400
cellsize 200
nodata_value 1.7014100000000001E+038
[rows 19 to 37 of 221, columns 0 to 42 of 211]
321.98971301882352 329.81304528838439 276.95654746567152 291.95943103199829 286.82172227895097 300.29512162454455 267.53471338369081 283.02931237849248 262.80163932321449 266.76117683163932 297.63116823540327 322.36975570588379 340.71516666147659 352.39509061987559 387.49888533032697 433.60765525739691 431.09322893585761 392.443272236094 365.88745422264492 346.54930355894402 315.82142174319364 320.1295706180818 324.17452957375224 336.03089923042631 356.26681996046136 364.96108679772158 369.62195504715061 372.9256234819735 363.40784595982012 335.71474550207722 314.44915689478694 304.0121002208769 273.95997230835894 253.17410570992479 301.21163818641941 330.55229986992617 375.75131796030058 423.24551605769267 378.41211611547732 444.82024774411866 445.43916812050838 423.33418632482761 337.72088901666837
286.54186511246888 250.91507774037098 277.13518615886034 263.09652626931086 257.23056118512102 270.87252945471175 286.93540240884164 238.76096870204501 284.34621669709492 250.7641175208299 281.59153217119075 268.46855283738262 289.43826642033389 300.68167584771197 322.2752107534821 342.93654546625049 359.89778743843834 325.93113628988584 304.5061382055581 280.3187892404182 252.03593293058714 258.24852723244021 275.11423191250577 266.48794582353082 313.77768486729946 295.69335665544008 299.34384765990012 303.80302793921635 281.58603851629061 290.63337638804768 262.07797098752718 237.92164141212862 224.64667250645149 222.35409606029489 222.80733394272761 251.05272433962099 264.92934887928641 286.11943947545205 277.23231151182733 289.60722972399623 307.68075429290826 302.71445131321411 268.37503756777301
301.90358771557595 241.90655009933067 236.71300290922977 251.0073110792965 286.3947760521973 253.88901194652294 220.14319709674484 231.75092979633089 282.23308133711936 236.89272862940976 303.48477113965509 262.58156166901523 253.42759758038244 271.66379834185068 283.02658703187643 304.6539854053043 335.50337686176249 313.22873828103604 263.62131906228132 251.42669917656909 222.6946731447608 290.49786529541996 248.5135117489146 278.00314553165776 308.58874718905992 245.57810288358033 253.17579802738939 267.72553945830464 278.11652546959175 321.29160686100869 271.53753241212712 309.06485850570743 263.45767968284918 220.57622335136361 201.4802393679559 208.50551857531499 255.45024651964735 233.29486255198654 236.89657536189861 287.87489260338486 261.03912938871071 297.76284830083472 268.93708677678387
249.69212114944852 238.25607786834038 237.50859804292472 220.54487128047717 246.69271160458547 285.17161140438799 247.53999813359715 226.58590664014224 239.92302623883904 217.62494060017491 249.48976825823291 252.50064250576892 256.18786909581195 284.02093520346108 297.98240899679524 288.22977048828011 293.35990727064109 315.89169209315912 255.04174344354871 235.23179529105749 218.50726880145365 262.79392084474404 228.57527629428091 265.54191948916286 277.10700633202572 270.62982880951188 271.36352713777347 235.93316859683912 333.0043157828506 278.6280131336805 250.8238229988107 324.91513878938076 301.24078739348391 281.19043889113897 221.46751462451618 191.0935240037044 251.28620609990276 244.64429540639435 224.8595482163492 233.68339396890417 230.31085640753525 233.33440336987749 239.26860881325038
259.59218881275922 252.83372953605837 238.58785724793563 216.61318569970123 239.21891773823455 217.73170879880905 238.56761680855584 223.22367914779753 205.08013848589897 217.74429291269396 214.98747292837217 218.50256825461739 248.37136200408492 243.5513459804173 258.79057300108411 293.6718783614769 248.68504989075686 314.10799577727545 310.7957615804973 248.36401995031181 218.67494598139379 223.51677473906605 231.88578536545859 221.46947183998793 245.44719195305456 249.84917383910508 236.42321848926704 248.2683340518995 259.51884165838482 275.2360065705841 207.30671074533356 280.19515435654171 214.51590796000065 292.46266466417552 242.87434341255857 211.29472051870485 194.46226768194097 208.16525807481054 193.16369664320362 234.31922110797237 202.4087855173523 205.93845012738922 231.0780641003407
278.1460767314864 281.39174238777889 264.99775378980229 233.74363754793308 207.37352888443874 203.74846579687781 202.07756591633623 196.9103286740673 207.29172387119792 234.0469650849256 210.94415265500365 225.7344191314796 218.01755378809 231.22894274570251 252.61600697218125 260.23024265237552 246.71824867198592 295.84966880521603 230.15054005196694 248.27283427145994 193.39887412614971 192.95407917633906 216.37071506753261 218.40351245804763 227.89177078677884 202.8596437862679 246.85303719877942 261.96046837054701 220.37393180851785 232.02473332912794 246.18439782990149 199.48642961167906 194.41198903089023 252.40872743665241 275.75880387184799 257.77417194396281 200.97605781379909 177.65810023092172 205.50165533737976 220.94321823565565 183.81885389040406 267.40935206842448 291.37888398729336
239.68993984978127 225.57610629238542 236.47655714089839 252.76794212965575 275.8168144333884 221.78216416747222 226.95320390117004 183.55283212949729 197.55825489207888 218.44761234558035 206.41693297060925 199.83608820497366 200.69711292141039 218.55569185483856 245.58381718194619 235.20449493340368 213.94646491275282 243.63579941041598 238.79361039370113 236.43899524355243 212.60092550436835 192.00557725113202 212.82170699151976 218.50267160987633 195.26723698420975 239.10729311884958 205.59823266487814 254.9559183063769 251.31972896265154 212.62111803835268 209.77606657799402 210.98612348718916 186.13427074159975 229.42801781378972 295.74033722255427 226.46880267548153 194.93627419208275 179.96428223263231 174.51883739180931 186.21219174752599 182.56277595390065 205.18668360848767 227.19565375640488
244.19500967650899 254.68040272326431 248.78204064939155 234.96179628351453 217.25078013656082 259.75263694890884 208.08441157879275 206.21948906047345 176.61067229640594 201.94939222006388 198.71352646734812 203.24095714700692 185.7083940057839 232.97269865225775 263.04483382252994 238.50782448434003 206.30966151697643 191.74474086333066 225.07774954216785 186.43779773101829 202.00434144458507 180.6295660656514 184.04289887579492 242.88752239525715 185.00701348759455 209.29634665706618 194.99109896878801 238.78682779417863 220.89513611411437 200.44478278413939 177.9803810038423 212.72002943671316 177.01042092715363 201.41955439694451 225.2860566336694 259.43652521712232 219.36933938431088 185.29240166741434 165.19397229388341 165.66983312158141 165.80183416767341 174.94647620775916 208.31972585799861
221.62955328649718 243.75697294789489 247.07451508467668 208.64746231165444 212.89292636146988 193.98241517507398 230.52007907630878 191.80739077821897 173.80732609739013 194.48311018807584 186.68373474513248 182.32151126369186 181.36361926552891 189.87764457802592 203.90267310952837 253.93548923760147 259.98689891092999 222.53603702385908 186.69210771994463 178.4583326497962 199.18470370273317 169.25973019258615 209.51973104781709 213.40620901511787 192.39507552030256 184.5702045596079 200.427953013913 245.05937973932947 251.99911915834798 203.73599290128354 188.71490372637598 181.8898805175057 160.60960917893763 180.2163289156814 175.80143836946371 201.18136441424085 213.41353122039274 196.73719255307591 188.9425526235699 164.25622139019427 156.32804500813967 160.79141579561454 175.21237800287446
194.55596102062131 192.46986655443084 207.36435018148754 212.02941850870619 209.33681263387075 184.91138472900232 192.50232255624496 212.05421984450277 174.25224993258291 179.31214241894139 191.18449135015146 174.89537157074025 174.14929265414608 182.33486156246968 185.70826357382967 190.39400439295849 197.25138913568415 194.1472616224452 208.02893585339979 218.97893868169092 183.46832059471279 157.9817901734215 202.90219977291682 193.98325292327496 166.10341351871682 243.91679051028294 259.58959998968919 251.61944940137207 249.58244349841763 204.28555410662844 183.90370989020971 166.76604774406769 155.07684684243696 158.21794824324613 174.72958532119651 187.30676869064408 171.14676996076858 165.38504126503145 155.25284061917094 156.23824348622338 154.09520546395228 146.66591357333215 154.51862291815056
203.92968800921554 191.51706561441657 179.91741269303893 192.49145611425826 209.96283290809376 181.64151623056833 171.7601050148464 179.51483086464003 191.11092089606004 176.45810944654531 196.27829232240202 181.54409383988889 169.04511887785173 202.08452750454356 188.85224056106205 173.3386044745173 174.52880887707687 184.2141588299416 178.77482116514608 175.05430738344003 166.34572037823574 151.15737992049921 166.27191371682343 170.35438283722809 156.48234248300619 184.85934861884246 190.43725906471886 186.18889538364479 185.72456923095962 179.50117207091472 166.56069278995926 162.29390186355931 157.73306271852849 167.29514613654501 153.8284562152343 164.54057944922465 170.22373070439977 156.2488736868041 144.98187341390849 144.73045212204454 147.62673500311209 150.9616669264696 143.10201313326897
200.11160502457793 198.684227352969 189.79450269030724 176.43374921315265 181.34804825190011 206.24060264839738 175.28112048025034 166.88900292629785 172.21671535519479 171.45281100205139 183.27632550540855 188.81640458568262 158.55848631540456 185.38225426909727 175.68542577130026 174.07586889390726 182.90768412197826 175.73704466968013 171.5753322624019 162.55076835204852 156.88008917570346 162.41516944256281 149.87995695621117 154.93189790208393 163.13670893660054 165.67550681079621 167.29363860749999 162.02057438776868 166.16849999104147 164.88005683672279 155.47800978111175 152.97553606520478 149.33975982823983 139.97287667338128 141.81374317251942 144.26909234569561 144.57126515478973 140.60519729669264 136.08925263629709 130.18582587230983 136.97302539012398 144.12925572329135 150.50143549534059
198.31412940426986 185.8728025810029 185.85933473098811 169.00090743120785 159.69914334020623 167.06536802009433 176.98635305808625 175.70169598961496 161.65036431133265 157.98910216085625 156.27606072605997 178.33531580575507 179.29150358111352 158.95005667321811 169.16230399441048 160.32084951646058 182.21381454961787 165.58546382717685 178.30107381016171 185.39914589410461 168.58725257278076 147.91691535395353 141.3584819434657 144.3833325300092 150.89041225605493 172.28459447289637 180.46888090447558 164.6152411858923 150.57612532335833 167.03649422105372 167.26503927374026 151.62094910040443 147.36896556465521 146.45750163228649 136.67505440358255 142.33234467724412 141.19193197328966 137.33451962699559 132.99597855080432 134.98625638534941 123.78093517221149 128.63651369373798 144.96861235218412
172.62118072347081 167.00904731235673 171.58534947242316 177.18079768291827 171.74339584491921 162.92141295188409 152.43927140326605 157.50611822145783 156.18951688787871 152.0147703681429 148.71735082871973 152.89549537143924 152.51519677170214 141.87216305617397 141.15671932478062 139.80609172838638 140.38342605128045 140.79305003148073 141.86732817666174 151.03467996378032 172.06372105246476 165.75634460290266 168.47646715788048 142.21980866278392 203.82764958448726 187.43025679844519 157.27925042044654 179.17756910466846 140.46631380098839 185.97244229585559 213.51082810155077 198.71254272734936 175.21035148638282 167.62433158122025 155.52892794987739 127.23390822424471 137.40192214632495 147.62430716126693 138.04659283503463 137.92275386657221 119.26417063865864 134.69510690624409 135.87309010472967
201.35957933069747 194.82933626082232 196.21257059012689 204.90820049432722 203.35214329018262 206.11089996178916 178.92155428803761 177.51535993328909 179.37593439570387 176.22188071658525 171.52620912118422 166.70847445602001 163.59586974986374 163.0379095650639 163.79979166190586 154.10196011542516 149.75994027963475 135.90954927594103 136.98828294814658 138.60949249841497 128.44774743563391 134.75334140275095 133.76741316886267 132.9026839343945 144.67253245821647 143.35077151355077 141.87768201886794 137.33246864128282 133.07766547613093 145.37449179165642 167.18567096528793 159.27675256162019 176.33042001636488 168.50244376629027 189.64954462220206 157.15851430748589 123.18620840119229 145.42022506193553 154.26493740972816 120.15491996517265 113.32324155533581 120.76807091826748 139.81097513017156
224.58334351442204 206.46047463301943 221.43584021058663 250.93472800734185 252.94003110671198 240.13237347079314 218.06202627304509 206.15286785236151 214.12905149208311 214.06795776678058 230.31964269804735 226.87197455318116 189.58334664003939 196.24188900206329 188.66718888125251 193.15746285158849 181.22370217816768 170.58238902683641 151.10566715365451 143.239701874839 135.06460114332265 126.73902460151336 127.17105614624437 127.0057429136296 127.96426327704452 129.99530707230707 126.40930434521449 126.33494191782842 126.05264421567657 133.34738791893918 140.20115969180051 143.99959292423932 139.23009975755906 141.35265168047061 132.33927830430397 143.68695599842522 129.31533093033411 124.01565543116628 125.53691092735087 113.61955856812618 111.87988994345514 118.26164216141693 123.95768178495399
233.93536214325815 244.41826651376701 289.64907584954653 330.92270245562599 325.97616007161037 327.31470215041321 280.54993570351644 294.47765330352729 268.85917090542057 295.69350541889582 261.47946036491885 243.38208725167547 249.8112746732815 246.18238198031085 248.80928732130641 240.57492513818477 235.60083853290709 217.21437227899403 225.10836223409936 197.84395243714744 176.29701994592739 162.95339072431574 142.55160197035306 132.38168034837227 121.86359878870077 119.40008258868906 119.22509129627373 119.25206743742314 120.10856440881791 117.97715439645712 107.93485760391897 110.54190423811886 117.62374019570225 127.94149769937948 126.33874348700807 118.41647874446535 122.17870138487028 114.70394864396027 115.69399792641934 112.42755573379715 106.60390584493676 117.14787648886174 120.41316750587362
282.71994687506208 290.59338401044715 338.06197654776372 408.76235644353153 435.53305268630311 475.53270772110312 400.95887250938131 368.3051206695111 359.44087725833174 367.2317529164535 347.75000144116098 311.91959676503546 319.05188196902265 334.57577852155327 346.51242046533162 304.50796563654671 305.4599594564072 308.76087910713079 306.61695009480576 222.39851945911579 216.34548021185807 199.78617030707028 177.28721754952591 166.41697951537472 154.01327893644407 149.22379338725767 141.0221565480262 129.20442727049476 123.62818272849672 115.04420791071976 112.24569262046624 115.87939088290507 114.5313013027849 106.44068825572064 112.94925154560688 114.81949085777801 113.07047090613946 124.89939199590528 107.82349274486808 109.82920888169262 108.47081537634766 109.01686189889375 121.2947758051239
359.9170133689509 353.53535922038708 367.55420458895605 383.72964624365534 357.04739025601378 382.16717637788787 382.4244075353364 347.60596881941223 384.76180897479725 355.50799671094876 414.57700146707577 403.16823824187486 438.82804121100065 507.30162091856926 464.74470775666151 390.92600533662886 419.55524903314665 391.13905039781906 316.18795904213533 298.49446891678474 273.40003229346888 275.76173198244749 241.95022427455717 230.21394978169994 204.83642016179209 213.92669150424038 191.27739580338408 152.01215403752929 138.24015089976055 132.58283495855224 120.21761300320581 119.92435866378965 115.53256652873064 110.77845994601053 107.0565253380791 107.87405109220721 105.24371230511167 110.0701189004715 114.60373529025476 104.88776995633924 101.77240725575706 97.392423286095621 103.53135523568338
