codes_tests/data/cartes_pz/Pz_Quat_Avril2013_fromProf.grd
ncols 211
nrows 221
xllcorner 663900
yllcorner 6152400
cellsize 200
nodata_value 1.7014100000000001E+038
[rows 76 to 94 of 221, columns 0 to 42 of 211]
368.08569919623642 308.23452152145131 319.35957287131509 338.69824688134713 382.76960962829321 365.96263037222104 296.41861556186029 327.5980349952705 323.08063207430229 326.24380526891019 306.12787493095931 253.24148395290388 217.81514281710599 240.27797992031617 310.33692348718046 351.04047431803565 367.0301748091415 372.04338516123647 349.34356969031813 378.78683298722956 419.65554061806125 455.78987394228375 451.24279540637838 449.51407702239555 455.87627291060181 474.5827768426384 506.41822358584278 490.27922916433545 477.67171542571714 468.17289179531724 490.40794576250465 454.68373578376458 418.16196451575667 389.99313052846412 346.09799507852779 295.18867984762301 268.60783487830639 285.59035800410771 276.72417462367855 252.1731505458244 239.81864837696608 213.5395140461959 205.65858109701148
434.18573690236349 341.99668433103574 412.43026068896035 352.41629565256142 378.45166081251466 336.29669396415716 348.27470871441585 367.97905712522902 337.52283600084644 346.25459447219976 330.78469765237867 283.19514711568337 267.54864300309032 262.53789779510157 311.61448639898276 327.69513937697099 387.06649319854392 435.9343994042282 426.10451463347061 436.75796828427116 441.28478797597347 439.89694562990525 441.90124336111444 422.3784661553795 453.00011093298616 459.36979602199517 496.88397242995683 469.98782762026514 445.88092190051049 451.00239620238546 466.0821834306505 443.5574341323786 415.07849376551007 379.21566902689989 350.80481859801182 301.41352008956454 309.57960622410008 297.46300885900916 261.7745333412301 249.89827839992131 250.58459216699902 229.03039650362376 252.54113335502331
447.57817648914408 392.31446362417518 490.69613079372527 418.74142011784954 428.89442746302018 429.0282531276859 410.41886060773822 390.85731025322235 370.47166390098965 353.51450988028699 324.866836741474 350.55945701919268 317.66377991645794 330.07858397922462 290.96668470042897 336.98127076477618 402.48914881844252 435.406738415174 444.15122965700476 442.91843999740939 433.5113112061149 418.56714039960809 437.59799641589103 402.7614062529338 433.63885411743627 450.21981491847436 464.15260077257756 448.30695351999356 403.57558182871759 433.7480477541273 436.52566019880658 409.55261059693021 408.77459961624737 389.6818525274752 358.47594657097665 305.33671928439855 317.17857190267699 281.3914213737649 270.88249481350664 270.79119264351965 256.07664681362962 246.06061787452253 260.34386370408464
450.6557702596059 442.63876328809806 544.86956280967252 514.62682036391072 424.54938380703283 491.58699811047421 501.07032009206313 456.35630067895607 376.69624963303158 367.52000744141151 367.82497270444196 358.34488667245898 330.10082684533393 362.73089670830524 329.25904737515447 351.8343305181458 419.71179937261815 424.91939937132202 439.60915336645439 436.13197441824406 446.2791943777147 412.77872162429117 428.10110952532671 403.43467727913685 389.54926669317666 450.64822529818451 440.6274368250514 415.74410669002492 386.59664983594263 421.10642658947734 422.79992520920723 404.36680863508997 383.1853978290527 362.42492238579786 331.15746506068274 331.21359337861861 319.87330179768702 286.80456016810518 288.61728919282768 272.60770045421452 265.77833356340966 265.58771918478516 269.15296597249147
539.49705210416994 541.99736097268249 608.80462036870495 502.54964594978742 493.3787845556709 508.70938753128411 541.1552406782248 478.54825419537104 450.16563428704899 444.33156277910871 402.05613713773892 386.96492167146681 372.01319023890375 375.963383817058 370.11407444136273 356.96588813427303 412.91664125851383 418.46909666102033 425.19935410905447 420.46619662437433 424.06478439318943 411.7284783684072 405.79570581948894 412.20639945186861 375.66500488212642 403.87710566166936 405.46916912404635 368.21376110144223 401.89642078803269 423.32817171754164 410.98045846740854 392.40269798849465 365.88935556734401 344.11269006935117 332.48319388916804 338.94308030541924 302.54832530464745 291.58264635798679 288.65738573145984 280.54885255011402 276.76322322377609 271.76636048148612 267.88654975210022
626.13658824345475 617.41338581151149 604.97685679147912 598.01064900879271 572.20250374450654 548.39654087683255 530.41726405923032 458.60600889834825 425.78772096898228 392.64453265987657 370.84183279325896 384.12987981156311 406.55261694540593 403.09306848295114 403.16656245019635 399.66570795718053 402.80142234242606 405.31407891087599 400.76940858278846 399.34000230000311 402.94194821746487 390.87592593286314 376.43734748997827 380.40397758395068 364.10928141497777 377.99306674313021 394.42583885737145 366.34296642614009 404.88994281383322 395.8746126300569 391.88693854306712 371.46058190739654 352.79697104579026 335.15713143567297 328.28379237877795 304.82309702309834 288.51874314174665 295.02482810370969 292.70106787841195 282.70123943864962 272.60553576849128 262.48759501728199 246.81460939150466
597.76159192918203 567.66605268109345 586.91520611201929 542.68853706820153 550.42574196872397 527.9921132708572 497.50872481636037 507.03960667242484 427.09157460088176 380.64230262877032 360.13617649998622 371.1360632225153 440.35253875617093 428.72241839724052 412.14481873522016 421.92870850913152 439.29645284795515 410.72400249816781 373.79108100443818 363.82604604024448 365.56785926887812 357.59160941823177 354.24509311387237 372.61768221371818 367.49072368178616 368.17665600930525 354.76988122569963 376.36004613982328 383.76093227401481 366.49097001220275 366.80386743795759 354.63697380339545 355.72246572931363 344.26867384169589 313.65622489077373 271.09287532437583 274.65593033746626 290.80634079942337 293.72755126099707 276.47186502422215 268.98063309807418 267.42967643856065 235.97340877221029
547.19620192191815 548.24075838983686 548.08868764128601 500.29996046081902 528.68680054081062 501.59855661395585 497.74055796120064 460.90894505440525 412.22529621312719 377.35067782309886 352.9417304276285 356.07212375425758 407.83056558261592 393.18055285005084 400.94772513154868 402.38339634459419 398.07605162238281 420.10363122801402 395.10318958545753 367.10488181431407 333.31841439261927 341.46571793433731 362.06287237153157 357.6348140877929 346.03481131173038 348.10875853946084 348.33189500902142 363.1247699622408 374.53704166032912 365.0857770959488 344.1989035547366 354.90580329904458 340.70165363025637 334.77040861360615 302.19563511830398 279.91565658187898 248.24513184926025 271.5244334023418 290.56068829465067 273.71502697681257 245.75896899068823 254.8278637766559 246.83949838016139
549.89295656158492 508.22500676189509 503.16256284639866 478.67754718642976 483.47272640606667 461.50821396211438 447.27368277424694 420.37239948267478 398.19147733081218 370.74765549406163 345.54966391499522 341.05278271417484 356.04943081072412 340.70003592179728 362.64491582997476 396.63835357465069 370.09133785543889 377.61804093542844 385.24406210550688 348.86196414320881 324.27261279873096 385.56870128852159 387.31824006435471 343.02170317825318 329.15425482963627 335.29743323859554 359.67760952260249 362.43176958612605 363.64108779448532 335.41500672776715 332.32756410228728 320.56012521665758 331.90030684858505 331.74651692857282 307.19121058745759 293.38658240011648 275.35218863506327 238.48060728344822 261.68355617746505 266.66754874294037 236.46580552336988 224.83262037416299 232.87705335550172
544.39643650081598 508.73602097491914 454.82534202765606 447.84258913130873 452.17703351888059 451.89173508001733 417.71823064802993 400.96027363188125 449.34929234109535 432.51446623797574 380.19650007162488 328.94655585338637 340.56349366912497 354.49018858478848 406.28326362596619 421.95674882274704 380.42531127302243 350.60537029897 360.69927461255458 377.66842865034806 327.11134228869571 345.98044619355704 349.44927666274441 331.44146386372819 346.69809935005054 392.83134673235145 358.65523460354103 366.343351576457 372.87489066645611 334.59130437477893 284.63396533247953 286.45939113883537 329.73422406796902 339.93943737592872 329.71193442474561 295.74046569236339 292.26493480639681 264.41240477009774 221.14376048971187 258.08376828739239 251.05961174139651 219.52053385100774 209.6626974778371
522.36125650396093 490.94618639403893 493.28209989637224 443.83194278287482 455.62981581827484 463.63693348887142 441.51486757473953 392.80057307229254 394.57819533054737 361.8520577792566 310.96808151065477 311.56382477853998 309.26650893320317 345.2257050780953 376.94254914560156 367.63515933141343 381.01593023110723 369.44710184070385 336.10609024346843 354.97404809590898 335.82808517349588 314.9428033144618 317.97334211356969 315.96290432008328 333.02532915364117 349.83948765563764 315.29734604222864 348.45166338450713 378.59587307335238 327.69295950241627 291.62839770512949 298.41308210107712 363.51017242118866 380.01896892761312 357.43684679860263 279.15750473214314 260.79656243542127 257.21041418128812 236.35077805406274 219.98821876596071 225.59622361508789 233.1823430110901 225.07867076635731
473.57973377863243 468.3667790028872 444.81363135069597 441.79506335817268 417.55476669905374 399.5010707816777 408.59991874635836 381.96663005003757 349.35194179544288 339.58983549034008 318.25083351346854 334.85908930763634 332.31255357883407 293.09910175998664 337.0988829786678 339.52765217518697 309.9209768388107 319.02482340726021 308.97004191496865 338.79774362157656 314.25291084401937 319.37048467667614 321.64315436461806 343.36628022429272 356.74552802037044 304.50752171032042 294.79619295983684 302.12002869199506 312.15331334088484 309.26559977139254 262.96253033482543 297.59450232342499 315.02855774487148 318.229480819272 300.41967621260272 294.20925616116955 284.10634375052757 247.39552141088032 250.54694706936323 237.56318962343354 208.26641582725347 201.75932376001069 208.02523670841092
452.16362657927885 437.91641915300113 412.87611669708213 410.14260560338874 405.24771129811546 388.67546192413414 398.42976261519266 400.09524181337838 369.09232806148231 333.15643830954451 348.96058270574537 340.36402276970256 311.12280071703066 302.58992516572954 310.18562337954853 303.49640804330136 291.70316395254497 269.27716569341442 305.60882044166914 312.74750052824135 293.63128330143712 311.34601168661334 348.36133341194176 370.5708061784357 335.24560173861812 312.52635064409981 305.97391398173761 271.70566930357762 282.07177174431934 289.19974832934446 274.06222571242415 279.45086501166395 279.24445339899495 281.07955489866606 274.6841010495429 277.12151036583276 279.9881677861103 260.86834442480483 231.97095566012339 253.42161095624542 240.82980552717891 197.06701748811477 182.36390923672556
429.08508013191181 400.3099209381507 410.54141301854128 384.13576472789703 388.95641731509795 369.70290248984884 377.87901297740143 380.07687964183305 360.7911305480518 339.26591737440532 361.65476172269626 350.04711892954492 319.6586125184437 294.500705060386 288.19581920592304 281.46492131783339 287.19065116147488 281.9748714865953 281.70789759140592 293.83627887423432 291.24250318151877 303.79439010811342 310.87619619206112 342.7924635786714 362.24005984761556 339.23585310838303 308.422053073114 288.93100881265508 253.98820199481921 258.11860023419626 246.64838923822734 234.95770538575144 250.86811872795869 246.94388344912392 258.97769963530703 245.18834646071576 234.10972954616224 235.54619304627076 227.46754018324305 217.91364768313974 225.75261798428073 206.2618199002944 169.20220426544518
401.55226712315221 379.3944612284231 367.69053399235361 367.73028719109629 362.62858376598643 360.59967560761953 359.13269024649924 351.48994272736945 350.86869093994534 366.4227820222971 367.39857035693353 332.77583011238931 318.85740306022461 324.80680913457712 316.06703675478093 327.90550498334585 333.81655222543611 295.5603041745282 254.56341203428963 266.43909213808115 283.33030708303124 276.0706451506282 291.93793883934563 304.59830102998654 317.46068246244477 333.85601252764053 318.56019864190574 311.2579060973236 305.44589295584984 259.60157112525712 223.1640054647593 213.73077305650014 231.61444592276729 217.02136756397982 221.73869680563192 231.20086794222848 235.3754810469438 211.74642856866998 199.40822288025362 191.11460289707489 183.53484716249312 168.16819441523174 173.8033199884452
419.68878874233195 401.60122993515137 383.20247216703638 376.79057593298427 387.02629316949037 388.06691405543449 394.67171452117549 401.198320597936 392.90384872712463 384.16444610070681 361.44942223882089 346.25073038363814 345.06456030193362 334.04204202898717 338.89782903646034 334.40924557222939 326.18608561326596 301.12583130203797 305.25922981623114 280.21045310730858 249.96686215118791 240.09213588772369 263.47031047863953 291.96442574789376 296.23513371570095 300.00493227357799 301.68631040446348 299.38767528633122 290.1661443048971 277.7465596776504 263.58412508237177 242.05553746184387 207.27932806385209 209.66912555626482 224.30842528078199 205.71628397010841 192.03494145110005 195.75412083597905 187.89290292280265 158.79451838023937 174.4857743670853 138.68453803632508 157.74532856417497
433.8043796687586 415.28104066038532 400.89906345371821 401.99536814818288 398.68548802350722 402.37899703521572 399.50582814046788 407.46722735352029 402.61824421234667 382.93417741436787 368.33430949064729 391.00521607236755 363.46277928685782 363.60512113571849 379.31776903871952 338.87740046882732 321.68727443069577 327.70926482326928 333.38055677380436 325.85133457255108 303.96124533876343 253.93992490467653 240.52260711675569 275.96264068859062 272.60375602167233 290.79321137130404 292.76667908269479 302.23669261573826 300.1401924093056 253.85443161703833 231.06353476547153 224.29093507495392 217.14880402191926 222.02963914722301 192.9778878799963 198.50387266213588 184.28209407007668 173.95461012671956 166.89508978199001 168.06237185843628 140.22618068831477 126.80258603083098 124.12118473576297
437.48659386529044 422.91477522788296 419.15799214154237 423.36477609358161 429.45861536567082 429.0185757860022 423.16346668629666 398.43389532091396 395.76849806596363 368.10915022084657 371.69092964830384 385.21683665101824 383.80640632844637 391.80636172292293 385.05429018383802 386.89234708191537 364.07447462164805 351.75903500284687 314.02094957484235 289.71622898525374 272.80319132958516 265.01079243743084 257.09770321837397 222.2764591551215 257.79288492135441 278.5127619474024 276.61900597204078 285.90216484966618 285.52247244265624 251.55449471560064 226.39320687311954 214.98601956036384 212.93042379951132 216.79975093829711 187.63675209953593 159.27709296706101 146.64195624739818 132.85374193605981 149.77976674586884 160.44675304116461 118.16654141799729 113.9377327085283 109.52466445903333
441.7317726127834 440.33281316745956 442.18252271698566 437.37856561141513 429.33778138173631 428.81315482694288 422.41005141097878 424.189654512201 421.60847075338694 409.70875988832171 401.95257020449026 387.0724696520644 406.03500489456081 404.67384816556722 403.73008466861705 403.17935858171063 399.04721920410321 381.59281569840476 345.59326882007497 320.69345553421624 293.31213436034244 287.97359214739998 278.24840346851147 263.47443042488493 242.14314131033748 240.15788822457301 272.92518172704496 298.35122115327647 293.27681793737406 282.54140688665541 252.41318138121187 225.03591472594746 200.18293986520359 199.57226608203203 197.82990686352863 154.12108234101754 133.00175321490667 122.64787859990528 130.69997453769196 115.13130865646902 116.02910423720864 110.27176507838578 109.04259215813379
