codes_tests/data/cartes_pz/Pz_Quat_Aout2012_fromProf_V2.grd
ncols 211
nrows 221
xllcorner 663900
yllcorner 6152400
cellsize 200
nodata_value 1.7014100000000001E+038
[rows 114 to 132 of 221, columns 43 to 85 of 211]
141.33822959575787 141.66352278615736 141.88904442919306 138.96477920468158 138.97669639328421 140.076033258596 140.20269640088551 138.28021871103695 136.17677655077279 135.04575168257253 132.20837205095944 129.81032742127488 126.70912529834104 124.87191005301406 122.27599934921663 120.04446975594625 118.74793842270789 116.64772650513815 115.38232805221459 113.31054843280101 112.89227300334053 111.28582170345243 109.11454357719624 106.99545768147591 104.21125200807158 103.06560953736907 102.11793390869147 100.63832136598326 98.559670522746828 96.822026562380131 95.498866745757141 93.591569650458808 92.007870053657896 92.045212001283801 91.424656522869114 90.609937912828002 88.566671092151907 87.590928711075094 86.858759663018645 84.004042449766672 83.862623530511897 82.736389201165565 83.923065293781832
147.27014530331076 146.37018978590484 145.75351416716197 143.68588849725148 142.87253411928683 142.92538123324431 141.9264920671088 138.96781598424317 139.85473028226036 137.93516109426633 134.88731628862004 131.74123781599499 129.59673333937116 126.71608361324627 124.45961190146116 122.27863800738309 120.81366322214437 118.78981894757722 118.39995296785916 117.22485302934747 116.88675628065397 114.72895987622869 111.6628725778433 109.54070870232474 108.25613876523855 106.34225497600514 104.70022357357664 102.82418983261955 100.92282289836297 99.139578369056181 96.489708030171116 96.523481460796205 95.78421796028401 95.315411394182618 95.1271422266489 92.492969455363109 90.637449804951999 88.622576237726818 86.847395939485835 86.979545970564374 86.665773546930922 87.516330821391094 84.836392593784467
153.44909954227649 154.30171562939589 150.5435848229661 147.500231414843 147.50739745404576 145.73384809516025 143.90327787165964 143.90597766978087 142.94666153032725 139.73830275767514 135.01657535091189 131.9625286310602 129.83090302567658 130.40977950958944 126.28769404219409 124.05635244046957 122.85587860244213 121.6475842698941 121.4934028199127 120.47448733657609 119.3109117660355 116.13671407533994 114.5611168736375 112.53461953293959 109.74501455608805 108.58993720017648 105.9005479911018 104.05925152449603 102.06094433382538 99.356935348783807 98.617376889917338 97.802942716450772 95.990965395678245 94.346136091088823 94.29873297124395 93.493159951020303 90.490706351381689 89.365057693530559 88.559484458757311 89.554547030560613 88.51214434598927 86.623103513563791 85.7254039085946
159.46087825888418 158.28181022970432 155.46654004881859 154.43035904666638 155.33165729281797 152.25921894071948 157.50484469384753 155.47839175715356 145.10993733024992 141.56993481278005 135.67878845760052 132.8537780261538 130.76954323607055 130.68709122947334 128.50182995778459 126.15162589267551 123.89729872834017 123.67308639674718 122.83438502994483 124.35108070600265 121.14727282272008 118.22675803919122 115.01630171008428 113.91252433324242 111.88501607855474 108.94749835512779 107.00769532455365 104.22566422188467 102.23126868814501 100.51879406224108 100.49887305204578 99.755953886648925 98.078121651800231 95.974129366863394 96.220114610617983 92.571058743138551 91.194659163021797 90.271839800631881 90.43441194752937 90.37372097615048 88.5618303922422 87.562376923892288 87.592015266595297
167.90624597673795 161.44023534191075 159.57230501803707 170.5167968158047 188.55931663070155 145.19244748258419 217.22955066085322 226.45710019405104 207.80122517987382 169.92142654152255 136.23489999327987 133.88851417193175 132.6987716979483 132.37159138509389 131.29242747168681 129.11671725999835 127.94964811547698 126.7925271498198 127.65905457090388 126.43501187049451 123.30744757339224 120.14015098695214 117.26991234707677 115.17650104239948 113.17580985225389 110.27043719072751 108.04209505312737 105.28148459922318 102.49001386312109 102.3560721294445 100.64062165679221 98.951492935996143 97.102900713035666 95.367287932372321 94.54547832164684 93.142252570649958 91.451367617967378 91.186953284283476 90.54295847301313 89.573654662939234 88.442616914516009 87.476081995351564 86.709757419807417
171.62572640304816 182.77369278393945 176.94475353573196 162.14659278596241 155.70708595934389 162.45016946132944 274.67570284748479 252.48099442280198 211.56696966227307 163.91964603866347 141.96258187392723 135.54117335712385 136.25086826866254 136.31325818228629 134.30699472341837 133.22343910879187 132.86464363050493 129.87396411544336 128.04694304916566 124.73229263845187 124.67019559342296 121.52509499768509 118.35269594348917 115.39094492313178 113.1331660339948 111.31776701175667 108.39121804256696 104.72996334220603 103.50980541231563 101.78565402505902 100.73960844792957 98.876586795957451 97.843642563563748 96.073734629303459 95.271053837734698 93.35291485500403 92.365127698955249 92.156554557415859 90.479149816464471 89.498393452749355 88.400390899022739 87.261075762841386 86.270886016929168
196.35901325253928 164.32579217165892 160.50331582634661 159.01750024049556 159.09325014875469 174.74734603560208 221.8830185957386 230.85050454026327 221.65939821347826 197.09009934677889 161.8205158686811 141.57671168535276 142.44591340489885 140.27778719465056 138.3428379515185 137.04830012916312 137.08675805962864 133.79587835728969 128.52538019603278 128.93808332603243 125.71946598813354 121.74556193296745 119.4684260576467 117.27997058722083 115.55454958070077 112.34409273551346 108.6285608275919 105.72137982934348 103.77354408015049 102.59566019152746 100.96372622414529 99.074995579854644 98.200512877176664 97.275104324819381 95.194612402125486 94.020001379946592 93.235482479755476 92.27567455293736 91.303893718625417 90.147436096235708 88.352663284866324 87.334228430104872 86.30518771210798
212.77204086460159 165.3446164985817 173.46183696288534 181.21520839087819 187.12272911660858 191.35794525451917 206.74160526934898 231.65102244713304 238.27704375605066 199.30501088608437 183.15238282812592 155.86864976360764 150.24174148347404 143.24841475306624 142.3475082494557 142.96866854445631 139.17929330491566 135.79776146753269 132.80148712107561 130.01352885678804 126.60767011903893 123.56399588946209 121.62862847144397 119.67024109295122 115.59971294059217 111.68018010726982 107.97226207655046 104.73570649116797 103.76747055410678 101.98294516875337 101.00569460597093 99.121249870924345 98.23500446888319 97.203140948528031 95.340720417086274 94.393092213619397 93.353126104607284 92.381820061720319 91.412959323667025 90.356275657091231 89.169737107503636 88.259341464156336 87.233866498036889
188.07834752487724 193.62311021007309 226.90424423224522 225.18363876783638 249.9885250175723 269.72062270617096 238.1973883352413 200.61813552936539 187.46603499870099 176.09401092113455 164.00185205834913 156.23837741189649 157.44946277409394 155.50070923941652 148.23988194850298 145.59273310552021 136.28586999104587 140.98014819882761 135.87273750423333 132.07124877834005 128.68536066966269 125.95897997656174 122.54483763210385 118.805434088529 114.57471021565094 110.78481032728713 108.82935787573925 104.11643705588021 103.19884707652059 102.78392937250732 101.13843714868131 100.22513164077893 98.262424421810209 97.329676940539315 96.24849512657299 94.40090004939654 93.345892460770642 92.350487524768226 91.347563719877414 90.23807724113658 89.274709886292626 88.253644852806715 87.226513472513815
215.46458360841572 184.12251317649535 254.82057383354848 270.40838194495808 289.28818921734506 252.51939497520408 255.65918594359823 245.25993017805177 206.51403932737162 181.8749335306162 173.91192782128226 161.7712926323012 176.52310639876291 162.92990562234669 151.48818812986465 144.54150041944965 145.23141861090261 144.93617483694646 138.94295029312551 134.88588377301949 131.81679107058383 128.75680383698875 124.89851685440193 119.92756980401899 116.83487943484715 113.66404492694664 108.93830341161697 104.75870295243631 104.11543947829902 103.1928536797944 101.19558222651887 100.27356273869539 99.326365611203741 98.056669246689694 96.124038421256756 94.403826145586606 93.323500298413535 93.062367733682393 92.325922561243999 91.263231692363476 90.283312645344637 89.214794804093415 87.903937337262349
227.05202546414935 187.26277725577046 238.63286945741359 311.54059376513658 285.09866525751869 288.34236478524588 269.6358981668177 231.57537769466975 231.33258872121974 216.10754396407833 207.41642423401103 198.82345236130669 199.96868418226154 164.13292526466898 152.10395559271439 146.64414512722473 150.13250873306924 147.11340536296777 141.25811680110917 137.9870044602975 133.24314947880367 130.88937684954823 126.04896333111395 121.81887793865691 118.1840623125748 114.02562172356085 110.86472029953801 106.97745172394934 105.27874784754363 103.98594493128122 102.27748439398684 100.33843632413362 100.2690640620426 98.365566600858273 97.27338086378299 94.405341028726426 94.347085555064652 93.30919374496878 93.035696583395776 91.196341551988439 90.197749634361756 89.242440394243516 88.16678360238015
251.07455198526239 192.17851326074162 236.51552181427687 315.49701729946906 299.45766208285983 274.5665502150797 261.22143278504882 252.88080178840997 237.49575157498626 219.33176871386641 199.43194790255558 187.47793969567275 172.39759636114744 156.36035276068728 156.89459596455552 151.0421044252291 153.29914641260254 151.90115717115597 144.04746786551038 142.12367514720492 139.24545159296386 132.25408320099928 127.85413614304284 122.96680456288051 120.00246088977387 117.13568780568448 112.93480265607649 110.22907833808938 106.03059640818489 104.23221281118956 103.10050820883836 102.40635686265195 101.3212705265798 99.404998378210749 97.313845930921474 96.183372179955768 94.334824251807248 94.34218056258409 93.329127515540335 91.951048216291682 90.211714862482893 89.264880713764001 88.192822386008757
211.11764338746963 235.82542721246 267.92866922566577 307.04659735648733 245.38175885780223 214.11025023965112 204.44844166570488 195.64825620749471 188.10523177861978 178.19898842876069 174.93173239396512 166.39313262907316 174.06377712326488 174.66398406169137 153.64737640059732 166.68663347005645 172.46289062321554 164.090255448471 166.17614801284716 154.15298696617589 151.38801308492629 140.4346147248591 133.36576472038513 126.84571984843767 125.08604612321294 122.71734176956853 115.0344759654116 112.20012887467425 108.22376853596633 104.44240814503422 104.52118089574914 103.4960061097462 102.48589788655579 100.39686874405652 98.469324238034247 97.500781107476385 96.415842242597179 95.277314582827046 93.385558416500672 92.273318383468464 91.197634483003526 90.153287918954788 88.949920583536311
214.07096154849827 283.15152087204945 312.48859696990633 297.36184964644997 276.47846136977211 272.07570449552566 211.14250059982109 232.08482051967181 194.31622058869468 214.97513255115663 193.94796556334109 194.06549327451015 205.86039244715747 184.46022026130248 156.490995805886 215.64411674104375 218.87914490228482 191.76790963397394 213.61656360412849 188.94701833989325 200.10251099861441 195.62181054554247 169.68766252560803 144.29068449725457 140.17670889131895 134.39910581623292 127.58503802325207 119.65541527003873 112.85463432796938 108.05508145901966 108.06104351301411 105.22562256675441 102.45700988063564 98.744331109384319 95.902104916183617 95.780702698289659 94.333007427946299 93.360375111541146 93.371556946563985 92.265442696073634 91.218370822642612 90.111178481314298 89.25478025284842
261.63461471509322 322.8185446644539 352.4118237307257 282.92510206144215 322.53986362584777 270.72798624949553 225.86632289686722 255.91454703420459 213.66296868668718 230.16471725804456 207.68210416456077 204.5083348400008 195.40989090451811 170.26110540243644 162.54527511666782 203.1491627828787 251.20325869147464 243.07727572553875 236.64782012002794 256.08035087090019 241.12517414782224 242.79206612095646 222.70243834287149 164.15585805398769 177.62311388202377 179.83825901587483 151.65718244427595 132.67354891897133 124.54730773790307 118.15601855236534 112.58865509951018 107.44774426477139 101.50598167408003 98.559585612531137 94.583723085920468 94.564007819226774 94.260766949304553 94.427564703709493 94.278493357830115 93.307346144528751 92.251417762384321 91.144050934099639 90.183247408910532
345.51622434931096 399.01289396018353 371.47093888107059 333.99192750426363 351.56215413559528 327.04512740398877 258.43648835239441 271.53020984021259 223.81923087473993 261.68912862287584 206.95220170748101 205.32980745801765 187.4942134882383 209.82305078102334 164.56599705164442 210.71703382469559 249.1671577908325 284.96203853227149 273.13352939132011 271.15446840983873 254.5517175013064 229.21642266426076 217.2413994079034 230.04884329259977 213.00031941220115 184.80014336650157 161.15744272367854 144.54073406265803 131.34677561244655 124.17614228442416 118.40501891308625 113.63142540060775 110.51866822775602 102.13185110136143 98.93304393193047 95.80220682391338 98.101753595491545 96.155003190259151 94.431019761875291 93.646939853070876 93.255506732902091 92.077327944284107 89.380691099667374
389.76257343259209 425.71057242931306 387.35738933088913 357.61766890098875 370.48109228767663 335.35191372098132 306.17972873927232 266.51452775652558 243.64644698305906 237.59935423224726 231.63026172773056 232.90622222722587 211.23823078902583 215.55840692089359 175.01554787075253 197.25652239670163 257.05136987556421 291.98600995896453 298.85535504593628 278.97023819119784 262.01941978453573 243.25231028573805 252.66326380620032 241.33186504212608 199.81526363028905 169.67435609613656 156.97479961537803 146.49484551455853 134.64038265603151 132.67042387813979 139.5453195991422 137.03123502744288 128.84357473763757 120.23108643744503 109.90554622056682 103.28341790417295 103.48793894385045 101.98683877196629 97.798238500854538 92.468750061667606 93.331372126434218 91.246584836609827 89.684757694557646
401.01027891946813 417.34955291760872 420.24225069999983 386.33758301362508 348.96035975183986 312.42605896052925 339.59298337052775 287.98810699317681 279.38034461176807 295.38894402138533 271.63666403742292 267.96190619240531 242.62338260320379 212.55899046600896 188.74039059869509 198.05287604876884 253.31932937432668 307.72437692643564 315.10535365232249 298.24639110479592 280.19577272902836 256.54036110253872 261.20065284181226 244.07081847243424 228.90622729373774 194.95171941446367 165.7746050772995 160.6613849749321 146.89090598384192 146.39926297341168 134.6828120192165 125.92998696837756 124.4789906840825 116.42857589408503 115.82514288159011 110.36526680536836 108.57349845128641 105.70566358563252 100.43816055337687 96.371090338491427 93.410229944229258 92.308629631061422 91.022365844828443
383.18310795799562 411.29766676357895 425.27218896228317 413.59708086932238 352.51310141982424 348.84850664984094 341.48925454311706 300.8950998968956 310.85500412470702 270.13370910748529 294.66443047574558 258.1901108363237 229.37740136933371 228.92245371939953 184.90386387636738 206.96161314290239 241.51451628813885 291.57571276191771 306.90990645359011 291.92732011476681 281.3967590275239 275.37422590157593 269.35548529636912 258.4923679674331 239.14008145588645 223.3381786119896 198.23370579606009 176.3384486606931 160.26894906139529 146.044650663824 138.92889975889466 133.54243231700303 129.70699523046989 124.73869626557655 118.79211699474995 113.82490684639953 108.66465238398987 103.73900420645835 99.786941069109702 97.861080890865907 92.373386033387192 92.316401728300178 93.074912158996057
