codes_tests/data/cartes_pz/Pz_Quat_Aout2012_fromProf_V2.grd
ncols 211
nrows 221
xllcorner 663900
yllcorner 6152400
cellsize 200
nodata_value 1.7014100000000001E+038
[rows 190 to 208 of 221, columns 43 to 85 of 211]
536.71380141554619 582.0238116700674 601.18581241229333 560.5565274782266 546.95166075753082 485.79920122925733 435.08845676184063 393.67330147759412 420.36724504005451 467.4392423444246 494.28366879026811 433.88688863108678 424.30468005966975 348.57271573916137 373.85540188241953 459.12619649781379 476.45425282300863 440.89735698898352 394.82749171056668 340.29374682149711 286.6272092564538 293.64850585659644 274.2758759764348 306.37895227064473 298.79504460264292 294.9303747541548 322.71104792465013 353.79116656389971 310.69017999612265 289.92528807846639 288.44459207656399 298.86543660695145 282.27774026545512 258.54916705915576 242.35438851651335 191.96910761579744 200.98663430920971 186.50543499254388 187.48304615672211 174.77803383256906 200.24340652977506 199.32956847070776 178.36706693840171
578.75923450495236 604.48791030215898 637.57521261845591 629.7009872908244 598.90220508657285 536.06741868940833 488.31680073859894 403.66524051167102 364.00462304100887 381.52065473769704 403.33500240933165 393.30316343381668 431.18289449273493 337.76852987333461 371.72620036279449 451.03216690501915 436.58421240533903 399.80009495945239 402.17546747296518 361.35670852548526 321.80370521700888 299.92624651677164 249.63294331397273 252.16857240028031 271.96269051274879 323.75667640842744 344.77042964397788 362.95154933632159 324.24289440837873 275.5414529520516 270.93764549600456 248.59599822072624 252.23911738289158 251.01575127656213 237.73757212952387 217.40439817597314 191.19017290894723 167.15158920261646 163.26535782449056 160.175426695097 163.19972666420543 180.94950387082255 212.16824008823073
563.09082363342475 604.66850182140126 642.46548121813305 657.74271424663527 615.93462939018286 562.65777382337399 500.22241273368076 482.02110300474652 441.62810668668624 395.65067757595324 354.25313708015597 330.38583613203843 390.37512539154733 327.11266204738524 353.03944453692043 405.12505539757933 467.47634856205309 422.95501342188675 378.38858598305154 395.22041839672994 367.01324375874742 334.40944884600543 285.94549757014778 230.67032385929815 302.70032316077049 276.10991047302616 311.41522057191753 348.49861351060684 309.19729673127591 272.50704386704763 235.63629868227363 263.05489392180607 215.38000615529901 214.34414771896186 215.73678263901206 196.20949559088601 178.40061392916888 182.84798427132694 184.76146069466287 167.17915864946124 156.0205895662734 147.34260322923603 171.76499159522723
528.15936646998716 567.38580509150677 609.96905477978976 636.03452796857005 631.58999593987062 593.35692447998849 556.89384872248957 537.61900998500539 496.07805881126961 489.07665536123551 443.92307917205841 365.08348857401421 305.82224377372808 320.54783653835301 338.82093526585732 404.84088238020712 433.94088555971035 424.19016484114428 359.81636275539779 400.57225742508808 393.54683569847248 332.08919028352955 309.80525790396268 248.0098061868261 269.67371527136913 272.08842765703139 304.6263085776327 295.73484296519905 320.91812343333521 290.11068621246079 259.62573821444852 223.98059200820913 208.89160160351372 217.86465748599451 202.69270871426775 174.10260164807133 166.11946534572851 164.14321997722149 160.07426662908085 197.82887642256077 193.040559279023 142.37051163783696 157.95169907387435
491.53659961632815 521.29308014692515 548.87253792973138 599.00237507159829 634.03786736205734 626.85299418240788 599.16538079805639 568.97462768598325 541.9914263668494 532.64893686278958 481.86537662547846 427.59167155690284 322.63010170374775 288.92504635389764 265.24735148381427 318.39621262028879 396.81872159125078 397.03456357917634 339.43878891749466 397.11862382747017 373.12284365986102 336.2371479370297 301.56093897136049 280.20453771799527 217.88804738216453 272.15184974470901 277.07807341500512 284.34596898194053 276.08761606139285 261.68964249433407 269.06929432135684 271.60357793866928 251.49829584331434 237.16766983908772 210.8890635765637 195.30896065772649 204.9030734216102 178.85550827192316 160.40107929521795 148.15344998916297 145.70913453107491 141.81708534001703 136.57941228714003
413.67320949409867 486.1680734704982 516.11066784310128 550.50205809968509 603.34956238042207 627.46186050053859 596.09816406101049 533.88879678732167 488.68527909532764 479.86884461463399 445.96882670814438 388.77075357826459 337.55754088004932 371.28548107520544 291.1208387724439 270.36738532405417 363.24364886683435 385.34980196028954 333.38787362153323 419.26851831640153 380.21232475495691 357.14876788404592 299.07333668367602 270.36917165496061 227.89334440035105 269.08220304103008 243.54091720923293 265.74887045181805 250.23911823240806 239.55460967868638 256.97753296022643 259.53596031288077 286.27923229305992 227.49249857388631 232.72013287824183 225.8042106323046 221.13869514571354 218.04091256194079 203.13890546654397 195.8648403506177 191.71480366578623 174.64682306342587 138.13719491710106
422.6372580174247 444.12539056179997 471.63283630920699 506.07630233213627 552.58888612661087 601.76557969649048 587.97459896481848 536.26146767044293 456.87874692651945 412.22971416191609 404.64275902169402 391.78741454229583 396.84108119052087 366.99622795648509 285.4392113353025 276.76841240078562 338.69044640476329 314.9028167585804 359.99789713892358 418.46513246801652 430.5202257504107 400.82010630973213 338.40583138309194 265.1557414896759 238.31554756287184 216.81857961989724 220.10069386422481 273.35813427424824 260.12718001331393 251.06452296364222 240.48544173276363 234.94557550548214 238.23831182343957 231.84932600408399 187.68391162634009 184.9286545389908 176.63186196237237 161.92665725718874 154.37667894840291 149.40766784549106 144.74336115053237 139.25434252255465 140.20644932179019
354.29149975972751 395.27877458583987 426.83412859893821 470.46388166316325 542.56899137934977 591.76947371938036 586.91808780548115 537.57650714878196 497.85908253199841 465.05130347904225 459.84444807832125 423.9750888599072 374.75653735211796 356.45666191667141 298.74584912021726 232.74681204525695 294.5567795415526 293.82249134895181 337.84979478768815 335.21825996161289 360.06927907383294 386.74244921243678 352.00795216453605 305.95998852818849 260.60375001673054 225.01207672155743 207.84749806609395 267.07011060798294 257.66783985678859 250.02639461824594 201.97934832034014 238.1965566222982 237.02794242105176 210.67787180796046 217.58845038876186 213.28465615873304 199.31982268394052 215.59019776309239 192.57443142562221 171.01804069484422 166.84986934293974 150.16711626084987 134.03623448427331
324.51627315401885 366.35636280355584 421.48460664830384 484.49079481655514 538.52494520876849 555.71727133997251 579.03797355515974 567.41317639479507 538.86633308767807 518.76873717476997 488.07587636023595 458.51599695612902 398.95085280928555 342.20065942074228 301.0571399329807 245.16722703314909 259.25949571756939 311.65739457727449 274.41457785235662 277.09024892067134 319.39200889217119 315.52011981292179 318.65043139054791 275.3873008677071 254.93055938725121 252.07357795321624 193.34668614678219 254.99686256891877 273.0966242689347 252.55822194107105 228.67756304907704 183.51458730940695 205.02027245449844 232.52263848840664 241.90389411749908 231.91481562089496 231.55193510597198 210.28883023465801 194.98515373354516 169.32352326017457 140.11693173358995 133.77053292488387 132.97601712619158
306.76412277149672 403.51723216032912 444.88891478655808 481.08433833551754 488.42026301982452 500.76299967124601 534.13605108988759 569.02000408362596 515.61796107538999 504.99565919804371 503.04053278037054 468.93984799330639 427.29190964662871 387.32377465099552 330.44685628906245 270.43958888271396 225.4964755602243 285.36671595142388 288.29340792482293 283.77910364655918 310.45999432988378 259.7725992731057 296.13234199714566 280.08056316528337 259.87408725644269 197.17469725896984 212.27675677948869 264.51268774203567 278.41421857974763 258.53636991410417 209.5773259324632 216.23577355012711 173.17622521491549 189.734258544309 237.17490291858783 204.67362946645608 172.50437560170741 159.85823839053793 142.74926188362849 137.0608460319194 135.22223506958596 134.49694964412137 131.38546556991636
306.56510255152267 373.84629591889234 431.43905873523994 423.79269390141667 424.42723211514993 446.29655842357698 485.06420808531556 514.59551913969415 485.83372902560785 438.17721577156072 454.69577494688696 487.7770932434031 455.7448995083779 408.64316584276804 344.65187210086759 289.78937073851756 232.63094219317784 226.64672558212655 269.41910190484657 263.69638691350769 240.53445162354484 239.77952965521041 224.78421428291637 246.94222966909712 238.69978705190712 182.63618534948012 222.54939154078696 247.41733167279034 244.26083435135203 236.26424455690912 237.61720375037763 186.10791493854344 217.27845589679924 170.32246274100356 178.41006330629796 163.11832024407457 149.32738833732495 144.48707209753113 140.48054984588123 136.14963933463997 134.37568154952271 132.57494941977657 130.04520170476184
354.36569086286062 349.20494373170271 369.96485388482074 388.83189202302282 369.97205492383449 416.91917763696307 452.91541950962738 475.40703351659153 416.98224844960248 363.82318008869618 411.6860466786307 458.14302434266824 462.91879417052292 420.13858262120391 369.9248581457702 300.09557411964335 260.14671422402427 225.6047585766969 202.91236854169807 252.87787752814774 262.34385704087225 280.31173347346402 256.24793725636187 226.33899643618739 205.42868952929788 190.2302374145587 194.35065356125116 208.9594837699639 218.87409215451814 205.43583651267502 227.66931987989329 200.01091017766188 195.15881429587472 212.18399678038904 161.8915976856394 151.26778397971199 145.97916936612913 142.15372998891584 138.06985847507019 134.41147727235855 132.32053283358451 130.87294972861486 128.05195926858244
264.79411361278005 276.44659296504329 305.10336535593814 333.44429800053257 328.95413798475903 372.11587456660493 387.92831001065611 408.41121398468562 395.38145014052395 311.40852384006888 389.51485016177151 419.51280405947523 410.90571298153753 407.30517056220242 387.80399350304651 330.63069525288608 292.79501057132973 269.28990789305453 233.05962480296421 198.06530691490914 231.92134694554002 268.73300272712578 294.53809923496084 253.5641192925118 233.83103534038173 199.63487870330755 184.36702989647088 170.72543667817374 163.38478510253231 180.09431917314748 190.4132307668219 212.1531749772368 183.79687461087786 160.78026537847248 152.35119946310792 146.61401182751518 145.30073598395916 142.27926414140231 137.19358723608835 134.19749017814928 131.51568313970051 128.41421678057807 121.20449661851214
242.35905621521866 234.36915429327678 229.23781443975534 279.49721650275649 282.98676847558698 277.85118148571701 307.37546591928287 373.15427451857596 395.01818203268118 293.31744881161859 338.32655115240817 338.89212516866786 374.23841324684247 338.57731998878364 358.85134236535475 315.84481575171674 259.07812399029541 224.23717751552996 237.00414089913954 215.44285346257359 182.51512762694963 220.20313474248167 287.30136253994124 275.90647549885949 260.01231171342152 213.74117249390076 180.6622742300801 203.07327554901323 188.73048065399172 157.6229122808715 171.65972760380603 185.11292167240612 214.99054761343587 162.60800546359488 147.95636686935583 144.7517713270438 143.68970047314079 141.62749835612919 137.54434081847572 135.45585218019809 132.55690858874252 132.10881644727795 126.79302266472897
300.99841609090271 305.59500480505523 251.55130762268712 219.97960565194819 219.09472284214303 221.1928016154348 285.14046795397479 354.60392333752867 347.99325343835102 283.25444881153311 269.97935332913084 268.42750198764787 305.70386164092997 322.49139713226612 276.4199534084832 272.95347842816528 225.2690882949565 205.47856224382409 210.34047703679863 244.1617458750836 225.35325579454977 198.06188029193197 265.79705385358261 242.63596961469517 236.42659154559149 235.08007630690577 208.4761330522029 231.18664616421026 238.29203878592054 215.02727780850134 179.79246259811455 170.16039768293302 200.45395637004918 149.08797421440192 145.01914984463244 143.25722213552004 142.16290772199631 139.64161525350363 136.94936521818425 134.19423447139604 131.96635203515021 131.01692525961099 125.81732614391871
366.43069168265907 345.20628557481569 297.36621548285291 276.65583349267001 240.16331926686789 209.05251421647037 270.62561715937187 286.32998179411049 287.11218579703512 282.20589912100678 249.32172011160966 217.17768696362538 246.77060199807789 251.04474288640105 268.91302179929812 220.46167058414957 197.35592381321567 189.66079777791526 181.8202056935443 186.87144455475158 195.03169867194632 201.19893991713192 205.33055927585937 237.7589797237967 206.71625318623589 189.42304942156858 172.27801182478825 176.35543852958378 221.89325716191152 208.7418332000257 180.13942159813976 143.05883018064969 156.08004837860344 145.07578488504737 144.03211959453384 134.27413248519804 130.23691810221789 122.82688523747171 121.76816034649785 138.02902274641548 133.90272160636158 130.19208698887954 123.23809488498711
416.35662925167765 391.78472233286101 359.57182349809727 342.05356603557163 263.32084543154303 215.4759722117056 221.48740953665228 207.16939617698338 200.1503366689173 195.05960823290343 222.54839756711337 216.51858175389091 178.23548392884754 203.2331363822459 244.39947588698809 227.58324077108227 158.16448916198672 154.27190857038855 161.21021398884702 162.11896787807842 163.43399733157389 167.4811116757829 173.56517776549975 175.57812863203273 181.82716983631153 168.9001829797003 155.50754220326627 153.25534832934969 151.76090321614993 133.73253103657311 127.31946752183295 154.08920851392014 145.71951147192343 145.12708533266402 131.29928666758789 124.34108734893522 121.03922626824111 117.93636932926437 116.53922349922992 116.74105021460861 117.59241947882322 119.76177104336004 112.58286486626811
475.84825119400239 442.20823290152163 418.25274101847106 377.89524818859513 324.5671547093005 246.59728656968309 259.07676651745606 258.80686320712806 249.36711364981406 247.56703413751376 201.11847363008241 188.393447875954 196.23508972210064 183.81770414015895 191.39127738250059 211.42832210697719 171.64609153334678 181.8606062387484 165.04603142217448 161.94254949838617 157.69212754640617 156.64219678343136 154.43962242024423 140.6465749305795 152.24098290528465 149.00073344290152 156.93830211633829 145.69898650882243 138.27169289076684 145.39831376737502 152.38599693132946 141.96889464014632 137.69372567248925 131.16541357833611 128.28416461140125 123.83613786309192 121.30425773319961 122.94764525459728 120.81846218669367 116.84898978339884 112.65884920200922 112.32916882100669 110.21307847326736
495.52524237097703 436.04263491674175 393.8995500273424 336.43653376564754 280.21087043019679 292.543479389048 331.30978527650581 333.27640875820447 329.39844588474313 301.74519387409913 266.87546562439201 240.81480372935582 242.67089205590341 225.22581324943428 201.72050205807062 167.03133345060655 185.85298234666786 237.97129517156213 205.05030545959193 185.51392666392661 174.26770583539937 170.77105913166938 185.76819128743935 157.3109381693304 166.44491490642457 184.6272591751065 173.45370002160968 163.1283154547171 158.11646859298065 155.32201665965863 153.25606981157821 154.09821065714868 143.8672502172804 133.81240409108926 128.90279162582087 126.343093377591 131.29027665267543 135.58430432018719 133.35309124452283 136.63227414882468 133.18767161056238 139.67425522435613 142.13335387986248
