codes_tests/data/cartes_pz/Pz_Quat_Avril2013_fromProf.grd
ncols 211
nrows 221
xllcorner 663900
yllcorner 6152400
cellsize 200
nodata_value 1.7014100000000001E+038
[rows 152 to 170 of 221, columns 43 to 85 of 211]
371.18962646261951 356.06629561639124 353.06216139153059 366.45031190895901 331.76373213393532 287.29526217127597 335.32939254144486 316.85769472196273 301.32168088601674 263.17452403835068 272.0686811149065 258.40992207052341 259.67243035430909 230.26249928872423 242.42816484401285 239.12714715153513 232.5694060068823 260.52572317231716 245.04934740074185 241.98592514949161 235.87317216897557 241.08241544706365 213.64225409593121 194.81529893114447 226.1483562944656 199.49521059072461 209.96195029960649 214.20807707844651 197.83024603959359 206.80184822538121 195.6470276351227 186.25558452196853 182.64295131909748 177.15658732066461 173.82932786052385 172.39418705090441 167.02347543252728 165.05230419078421 158.19542350384435 153.04610228547782 146.35631157230574 140.32081691314713 129.68248472361867
431.39329434168542 406.45898983144707 390.42734245514578 343.12236168995071 338.75922059957679 341.00992004507202 342.75929882324499 320.27157558331197 303.95127132167096 297.0811712125377 278.64050896836807 293.07784919546134 258.88177957985761 260.7812827582315 226.02276883911753 254.33420812071856 233.26084161348501 226.39099555362708 223.48508516492103 212.29244472349095 196.8472903299689 197.55302157173693 201.7485496859729 197.61618623397905 224.35323714867653 223.47050078791426 217.6829900602248 222.34799910102947 213.98547911979867 207.63590663746885 201.3805440352663 194.62785054333784 179.94937644912079 179.86069788781936 168.82668181022848 168.93361894007174 168.83546117579641 161.87019299314096 161.40451116993364 157.15600215780077 150.36865265158951 140.07322217076052 134.4341953613044
457.06101467288198 428.32704788170281 424.51460398605155 393.62667698338987 338.32785871238406 325.90645958843794 313.35984317127031 288.3258425750397 276.89952442173075 268.67900178440789 267.2493275175832 255.17799316046236 241.94960327004651 254.80367932224269 278.97693047581726 259.95399275286388 238.99556778611881 222.34530111120972 218.29897885409201 208.04432307378096 240.60440325955221 254.19762965260003 215.90860837422616 206.35127494790481 207.17133417933732 238.27543609387106 218.52514871806846 217.82790484055906 200.1829621488906 189.72549203856568 179.2239611182554 176.74826834601205 168.43973260201639 163.74527092105797 158.20300888513231 157.81526945232184 152.46261040957828 148.03906446832616 147.88276450359595 151.52255042408373 143.54155582471469 139.63339459483007 137.58370678077119
497.993349348376 440.94739392827915 387.56093171711126 362.87730480902803 372.60097708144042 344.72620296333486 337.79987880775565 310.34114095093452 320.05499258000356 300.725865212977 304.71781224757899 274.10946150479907 274.4928351637555 286.08673843413231 285.98066566182791 268.91666257214263 245.25869575531661 243.83898500161979 225.40533474005028 212.48391083390274 216.6285858093834 245.37778552164949 226.94607899882686 225.358717205668 222.65691091423852 232.63450357662961 218.70811380172876 201.13253920797808 213.49457981172401 202.20315456248551 202.10205163138565 188.79676727719686 185.2443333241313 178.83940154471472 175.90227268213729 168.4195847789 160.29034882903781 162.54200613152975 152.71642980064536 143.88788100965451 138.06124509329447 134.40809635914513 129.61422612420856
472.24868857963219 455.53921290120348 420.96597738983314 417.09820832695044 411.40464619802748 373.21011021115413 344.81771328041731 336.49796382986921 323.27523245241758 290.49644468518613 325.23658374246116 320.60820684391723 307.60110311456714 277.37174330881101 258.02337868964867 269.44280730120107 257.39242106563586 243.87854210183127 228.14624207580667 241.92140863915273 217.33004601528046 242.33220076351779 221.11594452845819 240.27762959827146 239.71264626428481 232.84415210729651 212.49916265517109 229.64164251571336 242.57213624263474 229.00175333652641 197.15627265377188 176.57170851103078 173.71076853108914 171.73558832243594 180.72903315356567 184.07486285896428 175.65204445743876 169.76609518305369 169.93984818570698 156.84303478976707 143.80123962532656 137.14493121484168 134.27716725359303
563.29676452372905 504.58038305362982 466.79898052708268 485.04162749264384 457.07078860889874 410.95039734836627 361.49945558976248 353.64689276538854 321.70845507799197 339.32619369099342 317.95744975712199 292.39637374226555 304.9758286571456 291.24392434955621 281.02156969020257 248.26076696491734 265.49926939011795 244.15114160730849 259.08244694550075 248.14473330303821 232.04131607837456 247.55711119828192 238.96215055225477 234.86085180632924 241.12282646427209 219.86259775341225 222.61403661563395 241.06263770532911 221.47197594984411 180.10092990736177 159.99866866601238 159.14436185895934 155.18961326688716 154.98364265964329 152.76885128595208 153.57695001640414 156.72660045442618 154.56236899129667 152.03771263405741 158.59565997367528 151.05022883708119 140.45222229461444 134.16551235497775
611.19529803374462 558.61885515838969 551.52899237784902 510.90009892775402 444.94341635453077 403.67142868007107 382.04691915086789 373.92546126123824 353.80294509837944 343.96093315437014 329.22976230397245 297.71962268879963 278.11988782575014 283.53572751447797 272.88021683074618 274.25325571528441 254.04129746690751 256.35440162935851 255.13592817037105 238.62961401809463 234.11916966817435 250.45962817319111 257.44283318176019 250.62307729012906 245.56307947447627 239.64012978931234 226.25300978377632 211.95533929714657 192.00540435632385 168.95835465487534 176.15085380382169 181.25093226191959 174.62902095815019 171.62498400149804 165.19926363281846 155.02215470005285 146.16057672893584 146.2117785052063 143.51858888103507 138.67093359832958 138.26678244299953 137.00315948309395 136.83960037880786
653.30623707245672 634.08929403086472 605.42587908397229 531.62647213450543 454.96254324338923 403.07775786384832 385.13929894129751 366.78028541158147 361.38080347799217 348.84206810111107 308.94932255230998 294.97134199095063 314.01193222060073 297.95879906693648 279.93601998039725 278.82863227650836 282.77332817604594 262.77529278192799 259.76412171253929 229.14268937871921 254.77287642669577 249.00124273333867 239.56092341652769 234.36583049631381 257.19796694218667 238.36971878741383 215.36323163420073 196.40756087857685 188.58346363380252 177.76584699684312 195.34266291879294 185.903120538693 175.15799056459232 168.75897863811812 168.10549063616045 158.54267790123274 164.64685847194139 161.8184675345608 153.40324702632296 149.41858578240721 145.31410798235834 145.37537277273276 137.32076695448902
688.99746152967498 613.10805585203627 553.11836692536929 525.81587982972565 512.83668061088133 484.96556791684276 455.85403867811607 422.99704528933995 369.49923346323141 359.64693552492417 344.61872981936853 339.75891920659586 315.88686736700328 304.89530042084243 302.66862355244012 290.66468267397448 273.78780276580284 252.1410356425213 241.50997085066723 239.12339778579732 258.31562891213144 245.81989593479153 230.92928557340304 204.94235269792892 210.41376741468181 202.9246524205964 211.66753168423165 215.10944931670434 174.77639205256838 182.79840313245535 207.1249998615221 191.69760634247274 196.88258149529926 189.59879695879357 178.33009107185694 169.40193676654206 160.93319707798261 153.06656751700314 148.06368272184082 145.63330737677748 142.49244704822692 143.47611946274736 134.80850906530301
711.05926132503248 680.24536577021115 641.4415798646362 611.59667189570803 557.92586543562106 499.95609626459787 467.07914288129149 418.09620683135415 372.03542347378635 332.2624888520877 332.61637695281536 339.11111599072365 330.84593308661965 305.28819718947597 299.1374253206971 292.77024370373016 286.18913550827909 277.19584579841387 247.80169084061637 245.2974289598254 268.37061352841857 270.7578985040397 250.07454725607485 239.92260738906648 210.33942868826227 196.56305515276566 208.56266638539032 191.1353473579608 208.25717098369702 211.73313048346273 203.34423378507566 215.89629883127162 218.92433925640125 202.43333036622562 180.85410888509591 171.25209969016899 156.01678717141252 161.26359277099809 161.47573323623459 151.59242811497916 145.90346636792322 138.37782719179117 139.18679542798856
749.73756568707483 694.94871583618124 636.90423988288001 589.81121926254605 546.92494648387662 494.82416636710792 438.23131852734474 375.11055892280115 395.75299733112337 358.72580214146876 320.71837356815564 323.85258137228271 318.49094114997922 309.61913201947937 274.85777841868764 261.57568606317767 243.11899470648481 235.35864765055985 231.96215073135639 237.88131790907377 239.83133924132378 245.09172740208109 250.41361970427144 226.61446159949111 199.61608437717734 214.9314425799904 227.70178176396809 216.16883695905608 265.40202338852254 267.3521991367744 222.0948815729401 234.49129398650143 234.3055230040946 208.69030205853616 195.68020843947258 159.33477031964392 161.01224133554314 172.64272691479607 163.25969118166927 149.3056416036514 149.32737369061809 147.26818548783606 141.14998372283415
699.72490596546174 640.73931619119014 573.57787342849485 531.45463833680833 469.61092832081005 431.54434337385828 413.70215579209594 417.39968815178668 362.97970992290203 371.82267380845531 328.73196817606515 311.98490104267546 278.73650817223711 289.1047497501167 253.97763022558939 261.10582539354067 285.17331939723783 265.26270155546706 241.77164155630894 270.08226379061369 261.94438685260207 225.17330498364058 215.43733204369056 199.7699542780247 216.31932748261988 220.82307244013353 251.97247559807494 284.87568943468557 300.37460854679205 288.08136656766089 220.8669969741012 256.01404639967427 224.52451020341155 201.22313462289682 175.5759554454047 159.62336801054991 170.88702279078012 165.80943025251693 159.97536937983284 168.10539806994007 157.0031794525724 151.9229551667346 148.23734514764806
723.82346904346412 676.74196367600848 629.65880701862704 611.2744946244153 515.41608794673721 443.95154516347037 393.28956014095741 365.84159157770046 370.58260303315637 332.0112676991759 345.93303675818839 320.98107651222881 299.39244563120576 277.86899213878962 280.05841491655661 314.97236333595544 266.51151614039844 251.21569726862555 289.84099924521672 283.87624273634009 251.26326539301681 234.07287507871376 225.21075796471004 250.69258280786241 205.45499843593535 246.29370126884658 311.50213085534847 323.85278248732158 287.3464587070344 221.675416357816 262.47024087269898 268.35696792988057 205.45920786540503 183.85545009404012 171.00441152764191 165.01718314012606 185.86503523022233 176.24510667255623 174.85795485524909 170.02460346802746 156.39449512283832 159.09697487499483 150.34589014106174
671.53552178142365 663.55931459060093 641.2175856666131 607.50443444424297 568.05827568343602 499.07164268404449 446.07608959666555 419.01468961313873 350.38443354119954 339.71573673306506 303.4444241982381 302.44020381117758 295.06113837225587 258.72279892376764 305.75314716459474 293.36123189649089 305.22461313467568 266.46686604055964 283.1371982492123 272.70484188442231 256.03943061949616 257.86329570544331 251.14123899192691 212.80986576693189 237.2490978208078 285.09423566859857 320.40273480678928 319.94377284496363 245.79435428510061 262.78567309507775 275.55872858743686 269.91784394563041 234.95725206680825 193.71138424645073 186.61154800824667 172.23016765663704 202.07397089488549 192.67294780182183 177.05749558673341 161.62490611855057 165.53966198801871 161.00171717104587 156.33657781118455
588.84569501662622 592.31881600538384 573.72785372206124 539.14261915668294 504.274101422738 478.38361668094149 442.52987958332182 439.50886490735155 393.63915035622853 337.68418108551651 299.194517417589 309.61460834316892 287.10032142259848 281.12139236903079 323.75671828619471 328.8809380059422 310.82299481217564 283.42548702553825 291.62462119925135 266.04362045528507 252.35082570460381 261.84309021435058 218.42338241362322 243.66634669257664 268.34614472267612 308.50724169368794 329.23389974663974 301.30873517879263 248.43297053407827 259.09240866428382 297.28155638082404 271.48763459432018 220.138293226191 213.85248572732439 197.63376581577958 183.46274686301948 192.60097164664478 199.72248563356331 182.38342992432399 167.98982470012223 171.06696817256409 158.23032536844551 161.93446904138517
616.42155462980588 562.68135018706721 537.54318265521897 486.13523336557887 433.02574666342207 471.06807242103588 416.59571315184178 388.77007662365799 357.08151058841162 361.3331532569515 352.87294554488017 312.75058313793113 269.89200116069247 322.94663816815807 345.65683548088123 331.09454836510241 289.20091890030221 292.34131602729536 318.91462671574357 279.32052318831859 267.15260686933772 228.63649600261905 252.75169706084725 289.05328718899375 277.67596930059244 319.62828442028655 311.62467541515161 297.59730934016261 284.13289321455341 252.26292816904689 291.76737411577341 267.86759840180832 247.37252691434097 212.69313715069782 194.37173146640819 186.59664098493161 192.24754078848557 190.57544375110862 175.52982425737574 177.23329143301694 169.02366063385114 169.91364713758989 168.09587097547114
678.73874558529383 597.79805932426871 497.9593901194927 455.2728232218202 412.50315235047555 390.06958578310542 382.04886885130094 418.92933068134863 438.16277180089747 418.83728297593456 353.7844284195607 279.88268148544728 287.23791750306066 332.92123501645096 337.58106649308957 321.38477429165266 319.64050758797288 331.63233859684249 317.91669177804243 307.36444628287597 280.15678201912647 257.6919172769874 292.18362869794367 311.86876345436434 288.64833222396499 307.83713792795589 344.388908059887 321.61513796899703 247.05673476620441 307.17072558442726 270.76666557429229 235.81367252245968 217.05955891632811 230.0486346997175 220.61261009771718 215.25606719617139 197.51243403926293 196.44400887347302 177.7545609527466 180.48276226601385 170.15773334942537 172.72781922595229 173.59651618370515
640.69358179001324 620.23414934393202 558.37819878734706 488.76723698748839 430.68887432915824 405.51029015083208 426.12508132868606 394.11060397831932 375.36154258042211 356.5739553266248 295.28649932629128 315.15171048412429 321.29176219104744 321.66569706650364 340.27016006900999 358.91453530200187 340.91696925246913 317.92373453313184 330.68474198460945 313.56417556184095 287.4865192129875 267.95697829641136 309.83929964226002 357.79338174069682 341.50651228333919 307.5247618788523 325.31575689534787 252.03865181453611 293.502584071081 352.82915851193798 326.73850148041703 280.69938707596776 220.24163196145921 246.12208566666129 238.7656566512463 200.64904863360067 215.67516518490197 193.47095200433711 198.1627628289344 177.22919199103842 177.018172221009 179.93083362566011 180.28969424485982
636.180754755968 563.03270349932563 557.10269149357646 484.89210953161222 439.27405734202944 426.11537398762124 415.79548295106179 370.70089636689391 328.08645666607725 295.84790485496978 312.82993587238718 366.40827578615733 362.52941147457 371.80080337387864 367.71421138755693 338.41439207348026 317.31000851941218 319.58524081209686 271.71748874665258 299.01722044710129 284.77590434912418 276.17836979394997 322.60116419894666 355.21642157940715 377.85811940656345 328.66799704790401 309.569572081888 277.19970409570794 335.08516172561582 360.60012944876706 312.31240343468068 262.79571487343469 242.41201934221465 259.61154352007378 239.60885688624887 201.49118288088923 223.02301995860799 196.86658440561413 198.71518245694239 180.35240934366581 187.52860820452511 191.23955524795031 172.75938965899158
