codes_tests/data/cartes_pz/Pz_Quat_Aout2012_fromProf_V2.grd
ncols 211
nrows 221
xllcorner 663900
yllcorner 6152400
cellsize 200
nodata_value 1.7014100000000001E+038
[rows 57 to 75 of 221, columns 129 to 171 of 211]
19.507660450274972 18.22722066881402 18.136358597553272 16.590174869336455 16.489770457062683 15.937387210830808 15.608408062970623 17.3988820709653 14.512871025463728 13.856640619745848 13.730297910899669 13.908489312858102 14.343446308315036 14.110015667786016 15.348787402048247 14.16371007305856 14.644212369464906 13.360126429349936 13.263558091464802 13.143693289420746 11.964219481928323 10.734634197489067 10.727565199839654 10.654828325718572 10.569145334732283 9.4038905306272333 9.3103325628056961 9.4730757758272741 1.8223483389494515 7.765260193941673 5.4935986963983039 6.7425129421344927 6.5425485746840373 4.3293975039268382 5.5351202698720154 4.7499765847959639 4.9264444863196761 5.0564593435936267 5.1885414863958879 5.3507353405280744 4.4495364671556281 4.5739212439640111 4.7208381862613269
19.343766022068472 19.403714698266601 16.827220318847438 16.031004742430387 16.16243090223993 16.075931412803449 14.318313181293671 17.155171563168487 15.038199672936853 13.243967878344932 13.293188289187986 13.096054304981026 13.218495655971255 12.901626002893458 14.186631531843609 14.642754253245624 14.869739650328825 13.758682954008515 13.660059553735669 13.486460637712062 13.159423921388711 11.917564111042175 11.971619725882356 11.011376249684082 10.920870709054128 10.486455346048983 9.6409017231564071 8.4366816769866944 8.1974474137727498 7.0877792546137588 6.9061198013448477 7.0092403788907154 6.9643813825936602 6.6197246372581739 6.5121020145113047 4.8975146611196418 5.1825205095484677 5.3392941882992835 5.4616401971357629 5.600398717429055 5.7829658037418126 5.9548278412936178 6.115112160735741
19.232940536433119 18.490282992714189 17.658857302280722 16.823879052243953 15.874891472660622 15.996159049397534 12.292393681948761 16.626339900237355 13.641174871448811 12.82414708813914 12.350423806518736 11.580823463651013 12.042293804595504 11.65987800309702 12.874087969377083 13.584444965945899 14.384175001584909 14.741958152255961 14.928829824381198 14.295851866983353 14.703501623328663 13.162723160323635 13.348596875672802 12.180389376183957 11.28266530505088 11.153426679398461 10.009670143115271 8.7321084963166271 8.3890807912686274 8.1628386437993203 7.2885877141380009 7.3049102219287834 7.3004579412976609 7.7924182915154319 6.9339272792199758 6.2412358617047676 5.4117962414127794 5.6340246149982098 5.7942918036869457 5.9170859147164627 6.1288400719894307 5.397705494790336 4.5390807738012846
19.958343322015249 19.336593608619452 18.192926771509672 16.250574282332856 15.644406915941026 14.864230245974976 11.741000170342851 16.488893644219996 13.538283108310976 12.589064574107315 11.86669430548463 11.389713395742167 10.729190745510865 10.254712128120991 11.779135535717399 12.850134483440049 14.061410439510171 14.239567695674184 15.420616204502537 15.745846788015793 16.611855607710044 11.844249871427067 9.7536975729869617 9.660404051969806 12.268991866808131 11.580234893173458 10.348177731836381 9.9859210766482853 8.2563592884431642 8.5874364161054419 7.8612171595386764 7.607993664161647 8.4854138172791238 8.4430100224171074 7.1247800656760889 6.4875826148760742 6.7357605287007374 7.129020400307752 7.8905863838148127 7.0828230768661591 8.2910937709885921 7.7947398916670796 8.6246994742429059
31.43152173673818 27.340052010535008 27.013962573346035 26.099667925679004 19.420803331287424 13.615973931611242 11.274122631314979 14.466002845750179 13.187658370318115 11.521129434088488 10.861892804635433 10.172175531915872 9.5979122349503783 8.9805169277687327 8.8641153042873295 11.353384331082696 9.7541278824977002 10.96073106521283 13.184432791281132 12.991716320823969 13.441301096981974 14.998311164535785 14.5396481568567 13.748771613974551 12.79943821399416 9.682949932140362 12.413440203254606 10.202418232914431 10.081080197837814 9.9174286625235979 9.7308596566300789 8.9563009666123268 8.8069278991062934 8.8538690586880779 7.6448811976125164 7.715771139209239 8.0888875317836444 8.3492190974716571 8.5862800007150835 9.6289858675394573 5.2892955590228645 6.0037519932856984 6.7229205861104848
32.029635257264445 30.865964903434893 27.320102880126957 31.443840418762491 27.097702690169442 24.318593753203871 22.409192472384952 12.853203957288407 13.198228972768243 12.539557656572828 10.801029242007774 8.2536147078548403 9.3506884715843022 9.6372788589356784 9.8832168316375366 10.064548223423762 10.206732100553504 10.054646211591564 11.466502081657614 12.678408130900872 12.974402135203942 12.983392473134078 11.751274917006828 11.04390706385661 11.177373308719456 12.446318587713357 12.989332369029276 11.680372018778199 11.308661266133068 10.401680548601675 11.165517730643408 10.279964590546127 9.0709597645129261 9.0180416920058359 8.3321586629367062 7.9565237862798099 8.3422805564037539 9.8110176986435267 5.1823811514436215 9.1897827015127405 5.3301475509611045 6.4052905105299214 6.1350100852522607
30.879718558054655 29.95442764889652 29.130988605651496 30.235052998719645 27.160270491762752 24.160106232637808 24.44303805309999 17.981319993604622 13.868532157095977 13.240115584552193 10.707753949699613 9.8898456352050452 9.1766542384822856 9.3738642699989896 9.5519245113520839 9.6883658891481463 9.8113585804666315 9.9747248728184559 10.278636610566711 11.543088825953484 10.445503299834144 11.449406678397407 10.720706668792461 10.558226921420815 10.756043422960323 11.152133176255946 12.365767446465737 9.7259999831391539 13.086464625818149 11.767066793952154 12.704664255123863 10.644990170809345 10.285008738013964 10.423506376589826 8.3999798242517567 9.4798467815405001 9.4873202373018586 8.7932120742475064 9.5556894027294597 7.2983374430795891 6.1746123978423348 6.0175841898521307 5.0220598659256339
30.981346309536399 30.249510455566373 30.120330781864556 27.32281081703562 25.160040232016065 24.163935980716676 23.05992230951907 19.248042432084702 22.794436222388523 20.39497594277973 10.229278084342669 9.7834043760220215 7.1422335113805691 9.147751982077013 8.4297922907629612 8.3343756603297727 8.4723197776658239 8.5928309143255603 9.7837605675727808 9.9341098970522559 10.014934839756533 10.024973885797824 10.050011511597297 10.117968096286399 10.432087730123296 10.648346187109718 10.784728367893955 12.779338463082796 11.046607360178939 8.4531781830286921 12.37644038022494 13.715517624847818 13.800459249282584 9.8113130069107228 11.245027893517957 9.9833908996585716 9.2324473391375452 9.4728214860648308 7.9847258833734216 7.8419430371922694 5.7256920536628719 4.6376542480655685 4.5324522832345551
30.991499507454904 31.051358749543208 28.955416632248568 26.89024390946107 25.038577365173623 24.891845947148404 21.240228948097425 19.308350206000267 22.490612745755392 22.167877898348351 18.747755490370558 11.33135907764378 10.279940793240993 7.8252476443772725 8.8944076926675493 8.0911678506227442 8.1732946723992264 8.2928182214538158 8.5575714252006083 9.5755290091238336 8.9087127993948769 9.6308558160694826 9.602250973852744 8.8259348257926078 9.0177957936031667 9.3988145909146397 10.119764082009809 9.9678012184121751 9.2232492909969785 11.932424641289122 12.013640770289287 9.8454705758384335 12.096034304036317 12.395433972993141 10.195945030730716 9.3618919577705704 9.3224604325995291 8.1468205100455098 6.8925226632719996 6.6600744796728844 5.4549427992394763 4.3022946729677765 4.2764800937447589
31.879995076309037 31.064191346636605 29.92134088488212 27.862434413082084 28.830134057466616 25.106394341332756 22.801931708027602 19.659163428350332 22.084843838519028 20.606603770322803 14.932142855639935 17.346920103844965 16.834807598591858 16.175842371057374 16.022437028843051 8.5208405121715174 7.041425427326093 7.9466644691331041 8.0804344671765875 8.1733843884461397 8.2372848739744509 8.265902574997428 8.3586227716149235 8.5192092839534865 8.6265158500124404 8.6389048287910377 8.5350834409260194 8.3259959865169986 7.9991838975179999 7.5704054338138089 6.7027638259455156 7.2687481502522076 8.1636069900708215 8.4708115317077599 8.5267339591357842 7.6679772896032077 7.8225911107829571 6.7374497680310519 6.5714396359821245 5.3194371852520668 4.0899757991710768 3.1683703230864886 4.2438603550340179
32.908547477330536 30.056189584454891 29.160978259612374 27.760407521032164 19.068113273104643 24.028363568944933 24.402042017595122 19.715354711228606 14.603425330097291 12.715561123151641 18.97808376678336 19.340657660294649 18.482927387739444 16.46619433599793 14.43329114679776 14.104874332177831 12.599326382961152 6.6274746019879629 7.742604912806776 7.8434949146340394 7.9054524636059949 7.9550196177758661 8.0938408809735396 8.2165528474238325 8.2860993197866506 8.2653849507258581 8.1013894136222966 7.8344391551725341 6.3996222023555482 6.1585146414567795 6.0978151548611859 5.6009390393326761 7.2320915495914049 6.5916385298535367 6.9044737402357592 7.0933278473883927 7.4022254765382431 4.838013831956502 4.1887671794482344 5.8738598949638874 5.8926793741378694 4.6719878522465272 3.8330533500032016
31.032985074501916 30.957555512231259 28.859291344029447 21.672409272893614 29.927637907453605 28.396529338695238 26.30008172370319 22.105759102619725 20.189149278019901 20.139742146910464 17.392352063983996 19.3399894239618 18.346730236036489 16.33791765974749 16.401948070836646 16.294936500698757 15.358516560896057 16.133136826148831 14.019560799485927 10.793183457832434 6.5076320234098883 7.7209777452122434 7.0865395388677346 7.2633891525718317 8.0291514763965672 7.9343987703234724 7.7707279448160573 6.4817647949634498 6.1817972403462393 5.9701723789660015 5.927953309332028 6.3031160531426318 6.5198363259676277 7.1431143054622108 6.3678410427571439 7.6560274496601028 6.0091246264518627 6.6953477407297379 6.9250806651877364 5.8274565594631591 5.7194163467959598 4.5670015771113608 3.6162698467451477
30.703822774270943 28.737703881984523 27.257481839715119 28.964839530734157 27.872983582592074 28.22069456539116 23.491948545301362 23.015688190442752 21.421695818549434 21.116510576290828 19.19402580530123 20.244759735065813 19.053474445333578 20.07831703204219 19.197856254454212 17.806855605884969 16.884998895330654 18.068551306259927 15.190088582288045 16.259760279608514 16.136173758737119 14.395828026761492 14.357897367843659 13.010926171302025 8.4427333922894672 6.7646122220660834 6.5058206366529703 6.2992228781201778 5.9639441106836051 4.9938049465715988 5.1950481484901054 6.2074662749197023 6.4547118519360343 6.5727407695416993 6.9942339348321756 6.4409004200928912 6.4605602082541171 6.5557844666174905 6.5896807333724876 5.5350157251520677 5.4813500549860166 5.0497004044692275 4.5400378442773093
32.962029448351714 26.888033101249526 29.917036200198666 30.134204100820927 29.143580328478777 28.046889194006024 23.368042159943279 22.349623481161991 22.187642972683207 21.956755585662037 21.195224587961139 20.904297288747518 20.025319625821538 19.112405275340866 19.071187236571983 17.946352145966401 17.914779101186962 16.967508327123376 16.765531073151973 15.042150946678792 15.139889334593597 13.591866378593512 12.74778159955877 12.796341307914503 10.525671109803898 8.5929478760737368 8.2059790673501194 7.2760641196381926 7.2004749602030715 6.9855183945937522 6.8444735032817299 6.8802748572183861 6.2394755704350784 7.4404307166499786 6.517921593760521 6.9379172259252524 6.8476689466883709 6.2350692875244924 6.2777133971895749 5.2693223141161596 5.2240306356762227 5.170817546832442 4.3905244384830686
35.806167737021816 30.80184227258 31.131726586642763 30.157783904644067 30.996603890118859 28.186620476360758 24.147478860836273 23.129174281344259 22.943558851680969 22.108439014210813 22.12126088363279 21.962148182232177 18.949303028429576 19.870218966587103 18.888152151000696 18.89852838135522 18.031939632748678 17.801643957747395 15.768217500589223 14.998122744341785 14.04012839063034 12.34041357585795 11.661259840484078 11.525305851044685 10.431053496444846 9.3076270110484529 9.342313950403895 8.3200578486924712 7.9808617230137342 7.0541633474002658 7.1408305024016441 7.2054959113169224 7.2810516455289616 7.3968376790192369 7.5094060476847666 6.7365237020625788 6.8793977950130314 6.9651367680133403 6.0222396087671139 6.0399385621025417 5.8104600729009244 5.9873601062718 5.2695239278985095
38.176780687267915 33.020388048571064 32.185640715054284 32.248714573686037 30.085935920876821 26.178406444865786 25.126316725646721 24.144021166165683 23.129525649844673 23.106903375507386 22.045261537730951 21.010476061597707 18.80115812860998 19.971550762350915 18.981682784309378 18.911917058162281 17.872386402584475 17.887434218765932 14.905820985669127 14.924803331068132 13.373339698223353 13.207137265464988 10.574377098426446 10.461164092547248 10.510496321025354 10.462621898206741 9.4029620937175178 8.4102114432379409 8.3483244694548233 8.2190477855055164 7.2547547423630361 7.2927523971415127 7.3470154460534012 7.4270834210126235 7.4014605213664311 7.3195564263087425 6.6840509448129879 6.6391504401899155 5.8047596647749913 4.9897570504818063 4.0034737592990943 3.7999572482756099 5.1329340167589539
38.174905471617805 35.911137550728689 33.183833106354413 32.16599965776912 28.920134703572568 24.946466904747741 25.158756172251167 25.029460923771936 25.074813168210412 23.049321836927533 23.020444010355142 21.84685417075676 20.868966339365468 19.945379414195013 19.111373007658486 17.957041124255504 16.198056518632409 16.949515865878965 13.89465404688891 12.076113276879617 12.219200242338164 12.544141171610736 12.091864519483174 11.454185546605117 11.512406765194731 10.460454561727218 10.508945306185172 9.4505533820166008 8.684840039767785 8.3112020101222903 8.2409337182510338 8.4149709561796655 8.3212729538629304 7.4898095939661085 7.314681144647194 7.4195685254101118 7.5828133176589194 6.5998540648354531 4.8805202487686925 4.6169246142297071 5.4258111229738475 5.4984742914902274 4.5905305617250063
38.180029035960601 36.439178576150127 33.30480460434844 29.391633468468342 27.862040658818003 25.428967054954626 25.947418783740495 25.13831357128711 25.104004441071819 23.882530695134587 22.970895732528415 22.931370553128396 20.788829755920712 19.937666247489076 18.838631527611291 15.958122629788395 14.98908926704679 15.00119076416874 13.059844177229213 13.175912169160394 12.295543630162189 12.379705664404927 12.448383028408173 12.473000003190815 11.514774091334672 10.523865236773034 10.580883986721553 10.604590964379437 10.599400391279513 9.4839032428980357 8.5399695874197956 8.5584244646071799 7.5471962739476179 7.6094689458999332 6.2773937435401814 6.3265911278968785 6.4013646511834938 6.4642578907902752 6.250921101583832 5.2255265171115335 4.7273417564916214 5.1232138728233858 4.4088673156657006
38.244666322017409 37.178579698195293 32.186466060837532 29.355389744920508 27.111292066939523 26.400315863899486 26.902425356187624 26.188741807649766 25.113744623314545 24.26242672115184 23.867208748366942 22.924184643782937 20.621329782879226 19.952546676988064 18.924476548582284 16.030756076947164 15.052155647414111 15.119061932477099 13.174399753577209 13.268910938490937 13.252625231507363 12.452996054829587 12.521265257745389 12.555158812531811 12.560928008627073 11.656592976552037 10.719266228268005 10.738694229668711 10.426140045890399 9.6360993418264869 8.7256304037351988 7.6030853948913713 6.6229602968821002 6.6349491405608303 7.0986955784526664 7.3726830675711783 7.3596396593985913 7.0785832381596334 6.3651206417161603 6.217774879331027 5.2823743526804368 5.2549435047721831 5.3018253914459885
