codes_tests/data/cartes_pz/Pz_Quat_Aout2012_fromProf_V2.grd
ncols 211
nrows 221
xllcorner 663900
yllcorner 6152400
cellsize 200
nodata_value 1.7014100000000001E+038
[rows 152 to 170 of 221, columns 43 to 85 of 211]
370.47992156034041 355.36474111309309 352.3702098573259 365.77856362776458 331.10324229351136 286.65399396365672 334.70493072349984 316.20624593680481 300.68615724268034 262.56823228470489 271.49262554410984 257.86861575741671 259.17050418095073 229.80511878898878 242.02104671991333 238.76959203506462 232.27618741834826 260.30285205309087 244.90008008109004 241.88905468294595 235.77555790173614 240.97827775031047 213.6054750461478 194.80636258456491 226.10201127354875 199.39131725207133 209.79363383019029 214.05017979491561 197.66786100139129 206.59987667661721 195.39685388791764 185.96225095547049 182.33356351511932 176.82222664588789 173.5074430453322 172.10604978391427 166.75324233222989 164.80288592174065 157.97275423274633 152.83760719663925 146.15855194055052 140.13581671260971 129.50186982494964
430.68438207784669 405.7580722511687 389.73586109473439 342.45089116446945 338.10039221218256 340.36414787744076 342.13463432600093 319.61969020283698 303.31485467436602 296.4753771513179 278.06383380526069 292.53615923827056 258.37987902055198 260.32459791523235 225.61742866556858 253.98051534908683 232.97460698409517 226.18114393122741 223.36277258925094 212.26704986246838 196.84086322449306 197.53921606615637 201.74647562772728 197.53281085448444 224.22535801876288 223.29438192782851 217.46020051262897 222.10583270304815 213.74522484306272 207.37464903780955 201.08849821615757 194.30035699628633 179.59218824870914 179.49098883641943 168.45832474764924 168.59864770183361 168.52142157832785 161.57929514514817 161.14440224647146 156.92025858070747 150.15168797877294 139.8839333296454 134.27052547875059
456.35233188451832 427.62614709664945 423.82289649414753 392.95469586817779 337.66822046814275 325.26106470250335 312.73367826178901 287.67181122578796 276.26872752352915 268.06980384059511 266.67137812561845 254.63979496163785 241.4422285053264 254.34042438927946 278.56353703702177 259.59500510897141 238.69572738622495 222.1155677880262 218.14287105778078 207.9408158009312 240.51005747181262 254.11090190672189 215.80840077390391 206.22144955117281 206.97892703520037 238.0310820332345 218.24446100110862 217.51071772377037 199.87067207743212 189.40271919384614 178.88353162672595 176.38364087673261 168.05150116225266 163.3381473513993 157.79713148488798 157.43725554669038 152.1079548679586 147.70868451835062 147.58658656149606 151.25815937969597 143.30747458996962 139.43279009616055 137.42767230115103
497.3111816887498 440.2739640845632 386.86833493802277 362.20405723305265 371.9396445734298 344.07861981380739 337.17253789698236 309.68369788694963 319.41956392252979 300.11876759733229 304.13120132340953 273.56274788416385 273.98239592162656 285.61011669559878 285.55020367430666 268.53515328150866 244.92804226048713 243.56522633933707 225.18442023128554 212.29238829727518 216.44424053555559 245.20037875064529 226.75540414965974 225.15285443261735 222.41253329047663 232.32464924868628 218.36943746205114 200.75078528817951 213.11689486396213 201.82132288482188 201.71185703523216 188.39129303269274 184.82332839378836 178.39374755998384 175.45607465971054 168.00093818091045 159.89656524237643 162.17244898204953 152.38300456272884 143.59049949354434 137.8009050215137 134.18594711625386 129.44435647360177
471.56580747580614 454.86323848379965 420.29815528516423 416.42299343240956 410.74079873549925 372.55936578363531 344.18648297229782 335.83521180121488 322.63368971349462 289.88156997158177 324.64851343959816 320.04210410929704 307.07581527663257 276.88343175787833 257.56892385703594 269.03021075781515 257.02081747267988 243.55084401179019 227.85680862788968 241.65097311551307 217.06579878313056 242.07423841199875 220.8442767497942 239.99602566883632 239.40710626236702 232.50411350342003 212.10705376227486 229.22328983145167 242.13625159569131 228.56471118585509 196.71738523388109 176.12419057145289 173.25416880691341 171.27161009185758 180.24426522293655 183.61696506960968 175.21110491135684 169.35676247095901 169.56652718132864 156.50677050505635 143.50414711372827 136.88513282701075 134.06343331951615
562.61275388297042 503.90290151575232 466.12919791717167 484.38974044136899 456.42919045646119 410.29563056411632 360.80697150338824 352.97751038260878 321.05885301106247 338.70200551435539 317.35754444635711 291.81527714202394 304.42673519721484 290.73317696633779 280.54566759941792 247.81246418181823 265.08272909652055 243.76815466918924 258.72841285998487 247.80399683081751 231.70610597650463 247.21697987555496 238.6182385813436 234.50938299116254 240.75601827072671 219.47150061684076 222.19784772887999 240.59844731867716 220.98670915414527 179.61275869530783 159.51320443604973 158.65502967369662 154.69604236391862 154.48717515718479 152.24676268010487 153.08053799888677 156.24565741533712 154.11188309947028 151.62150069595185 158.21477815193327 150.70639871137564 140.14460885929131 133.89099864817649
610.5097987477252 557.93946349580438 550.86580928034755 510.24520361290547 444.29809478895777 403.03708916464774 381.34799953065539 373.24837330062326 353.14402205108019 343.32562984311875 328.61667613135398 297.13095998740772 277.54878443246145 282.99476067968862 272.37425562419241 273.77449497069779 253.58472746867926 255.91855892390677 254.72296587295813 238.22644488422478 233.72090694755241 250.05361003493158 257.03442268629925 250.20831862254914 245.13827706171065 239.19817593307562 225.79364719392723 211.45768925569141 191.46947271056405 168.43356159379556 175.62129847691932 180.72077958675865 174.09806100819188 171.09433681344163 164.67737462223843 154.48766824542054 145.63926546201128 145.7189120063158 143.05704420654087 138.24115069554259 137.86959797595296 136.63651243772358 136.49357613728009
652.62388832847068 633.40765827616451 604.75991616323074 530.9681475182623 454.31301882839927 402.438294782909 384.45587420701463 366.11657049700062 360.71164572578408 348.19464166975428 308.32163536937958 294.36510244527136 313.42865394057452 297.39050150237387 279.3940861303617 278.3136605622405 282.28089736142869 262.2969368208328 259.29807687842725 228.6840750680243 254.31855898029687 248.53652440780888 239.09487212867353 233.89406877795801 256.71953372572057 237.87908189937113 214.86106312371419 195.88821139666163 188.0294875461754 177.19591509888383 194.77567972812707 185.33353646135822 174.58986027370395 168.20018911906598 167.55082307338535 157.97052557007424 164.08505510856287 161.28251981310896 152.89496837999766 148.93759938893254 144.86042081364923 144.94669886930262 136.90883906778268
688.30221316406426 612.42391351749973 552.44933597498266 525.1538053251852 512.18259665401501 484.32058554501634 455.1631836864014 422.32453783269074 368.84091573606031 359.00729453380382 343.9758910610305 339.13464840558828 315.28220385985895 304.30123366312114 302.09664488441229 290.10961448847507 273.25611312402555 251.61869725226214 241.00321028166721 238.61552229980148 257.81144679628801 245.30283736570939 230.41166668528263 204.42113169331526 209.88626153850697 202.39290874159701 211.12411853002936 214.5528907218677 174.18790027103881 182.18882247067387 206.51877844813225 191.09455192039451 196.27793205041041 189.00530519480833 177.74151189345574 168.7926626385478 160.3306151317347 152.4875121432045 147.50840023673788 145.10072850966495 141.98186340935479 142.98572455184689 134.3477433498208
710.36159074419538 679.55260392256287 640.76927597486076 610.9306266960491 557.26698617095599 499.30534675941539 466.38057460267794 417.40912431391132 371.36635600532566 331.61032165006918 331.97864569303226 338.48871355684219 330.22027530671323 304.67938420879108 298.53530442196819 292.18255404003156 285.61574468814484 276.63965615274725 247.24803868614768 244.75307997845911 267.822042598991 270.19412963633226 249.51074199001474 239.35567911514372 209.76724526858334 195.9893701355852 207.98017972171792 190.54274120028688 207.6541489268597 211.10625226226097 202.70155581849144 215.25976878475592 218.28873985671038 201.80815399737605 180.2311615945699 170.63172822501809 155.37528153221908 160.64204728132441 160.87403495886116 151.00915459946685 145.33739808850316 137.8379768679182 138.67829722696581
749.00825732016619 694.25291299478658 636.2230863890486 589.14107758817306 546.26114997716616 494.16753891635443 437.52493521268769 374.4142571509791 395.07318624844015 358.06122243397164 320.06611618946869 323.21326722298443 317.86495380302028 309.00652651818984 274.2393382183015 260.95621222871353 242.51251339388369 234.7612427740975 231.37082992337508 237.29863655046665 239.25105552779442 244.4936191976802 249.80816038691381 226.00648357421085 199.00331649975701 214.31910512248763 227.08265593757307 215.54178991944423 264.76670569977244 266.71483723563421 221.4179484179248 233.81760425062606 233.63828644663417 208.03337516983592 195.02591281799758 158.67909376711049 160.33286941515172 171.97982246449931 162.61292862119794 148.67347699614703 148.7130926872095 146.68486234015094 140.59213623340781
698.99294374915576 640.01139736203811 572.86519365334948 530.78352106467048 468.94219559048815 430.88184885096916 412.98801357651627 416.69429057763222 362.28937376872858 371.14603496091684 328.06572110466112 311.32945607414422 278.09205707201443 288.47119806224924 253.35452954160638 260.45994785590921 284.52584512867486 264.63331841536211 241.14044778727927 269.4595134165786 261.32941107828793 224.53843217917884 214.80316430939547 199.12502009597696 215.66972195043039 220.17523269079703 251.31920832951857 284.21603561409853 299.70820963463621 287.41461882942855 220.17303472584268 255.30782057238363 223.82128898201816 200.53355392338463 174.89014689800854 158.93570915474828 170.17102316893337 165.10664679723516 159.28535173245712 167.42822463993971 156.35025134788771 151.29447003366323 147.63136917490729
723.08884581457244 676.01087487539269 628.94238746835185 610.56270482794946 514.7199205874989 443.25776352773943 392.56784722077595 365.1273717788668 369.87645793200414 331.32362590509956 345.25352382403389 320.31046659831929 298.73079431611905 277.21611135342164 279.41382738475534 314.33526807062668 265.86517928330687 250.5759454678965 289.17720234601023 283.22279061726078 250.58706743814946 233.40511361941415 224.54352173917903 250.02254887973237 204.77522290078255 245.6133076483695 310.8171709778905 323.16244456067972 286.65039179790875 220.9802177546164 261.76990695178313 267.61986411562555 204.72445539411066 183.13363624348784 170.28602632791984 164.29743099459142 185.1174274374782 175.50411465436764 174.12669603933398 169.30899105933946 155.70080902493754 158.42529043972149 149.68900347371084
670.79827781538836 662.82511344193358 640.49750727420303 606.78832763463663 567.34664027356575 498.30854664379012 445.31906111173771 418.26424281740265 349.66856272287254 339.01720947561847 302.75249190405771 301.75550360604143 294.38363051966218 258.05223924992032 305.0890570324147 292.70287849818902 304.56670944121703 265.80070979474397 282.47481490648494 272.04250933721204 255.32471851254664 257.15889299192537 250.44427499537326 212.11019371120304 236.5478389971795 284.39298365453959 319.68842166360344 319.22467531211265 245.07013137028054 262.06313376919491 274.83138467704879 269.16339985603713 234.19236618850169 192.95899762004655 185.86092335901222 171.47732115152613 201.3228004485417 191.89912840907058 176.29119664080221 160.87745867432139 164.80949040110951 160.28451858155586 155.63048659433207
588.10591194324263 591.58160705039438 573.00424984174333 538.42236721071117 503.55761151956506 477.60396645964323 441.76574581462654 438.75021946120228 392.88633923156993 336.9498843195359 298.46590605828732 308.91694449508481 286.40832118240166 280.4347796080059 323.07502730986397 328.20350309480006 310.14448169624416 282.74940882609076 290.93755452381055 265.3575923088394 251.63712185553103 261.12957922529318 217.68281355763943 242.93090479211676 267.61788922459584 307.77909767794449 328.50174467211548 300.5719711398138 247.68213406319165 258.34373765499316 296.52813050840228 270.72988573877529 219.34466688594074 213.07074749639614 196.84720510756722 182.68068753184349 191.81620703675833 198.91876999375665 181.59228446210301 167.21084646550236 170.29691810149188 157.46892506648683 161.18125235154289
615.67934932421622 561.9412774643331 536.81623007994699 485.41105597351446 432.30467528207237 470.28240263244606 415.81456600712846 388.00378922412136 356.31997013632832 360.57653759189799 352.13347448557067 312.01578713459196 269.16172909946044 322.22059296813279 344.95933701298964 330.40004605627621 288.50402426110236 291.64584345895673 318.21956703683117 278.61164943267437 266.41617048935063 227.89958581885233 252.01427617500744 288.31297652421398 276.94135966068734 318.86966767189784 310.85820553902346 296.83584437940004 283.36648964101471 251.48937767937852 290.98888714544353 267.08444127324725 246.57219927503883 211.88327337743615 193.55559459587727 185.77990344465246 191.43332221513992 189.74653851489455 174.70981138872168 176.41772283056335 168.21749112398575 169.10966928859213 167.29753628201047
677.99426431224265 597.0659938888956 497.22930068579859 454.54497773458064 411.77781219000582 389.27831884864037 381.26131061962866 418.15865367124553 437.39321872074447 418.07160994999657 353.03508784354705 279.13686791081079 286.49544634139488 332.18180043096896 336.84423360726782 320.64997761092712 318.90240771090873 330.89486218497831 317.20364113646394 306.64491294268754 279.3976618402034 256.93401117159414 291.42474382227817 311.1067442108058 287.88374185472549 307.08405091374976 343.62814344309948 320.82099095876754 246.25729540302117 306.37371567547001 269.97384534931649 235.00600783415777 216.25806597554478 229.21183838928491 219.76805889214435 214.4094766604731 196.66484549189852 195.58656959399491 176.90328932087635 179.63520551907592 169.3119904737261 171.88637293149733 172.75485898656768
639.9469948121324 619.49961383915627 557.64521186868251 488.03600950594966 429.95960725669238 404.71388146836557 425.33165142788744 393.32030521775249 374.58734872925254 355.80008287606211 294.52826527295662 314.39600512096951 320.5383764914107 320.91432069189523 339.52037675489009 358.16582319975055 340.16392740183358 317.17050741617555 329.93055050877354 312.81662020193357 286.68293336711253 267.17784480565217 309.06106844551016 357.01168632310907 340.72191534221622 306.74342279232076 324.52574122391349 251.25199063241772 292.71033797847525 352.03905082450677 325.91327847859702 279.86830391518373 219.40666207829187 245.2909182860474 237.89380124611742 199.77472711613186 214.80141312421085 192.58379003991962 197.27888592964723 176.34999623750113 176.13941852274399 179.04837304424404 179.40986351724518
635.43225154774996 562.29591878082488 556.36706753594979 484.15780739205792 438.54122573447114 425.31430105001363 414.99673923120787 369.90457547294915 327.29260594937489 295.06930523955384 312.05832791393448 365.64375869587383 361.76632744476342 371.03883890561218 366.95296484000181 337.65337496892073 316.54865142749344 318.81807588855554 270.94870027827744 298.25472539864086 283.95550928884296 275.35567919814758 321.77996093869029 354.39252065210985 377.03794913659817 327.84307898967558 308.76440776107597 276.38467891806204 334.27276562089816 359.78949843656903 311.49509713098001 261.9716219462843 241.58659546265346 258.75639909212691 238.70778979442642 200.58960537350205 222.11863923406847 195.96287227820483 197.79773163430553 179.43914610998263 186.61379834453979 190.32253959137705 171.83762708957138
