codes_flopy/data/T&K/Benoit/Log_Plio_profCrepines_000_50m.grd
ncols 85
nrows 89
xllcorner 663750
yllcorner 6152250
cellsize 500
nodata_value 1.7014100000000001E+038
[rows 38 to 56 of 89, columns 42 to 83 of 85]
-4.103457965895676 -4.1250160812282504 -4.1489439470445877 -4.1764620571566535 -4.2084605356615352 -4.2453740878777708 -4.2871597450264289 -4.3334991651197523 -4.3841997359330085 -4.4392408480961745 -4.4972953056028668 -4.5514565796541522 -4.581783689970754 -4.5527720685035167 -4.4378204670873771 -4.3097206220719686 -4.2202361609624752 -4.1736620173660688 -4.1536335711545904 -4.149538352598185 -4.1565554789242078 -4.1728024202853646 -4.1977764963679416 -4.2313029391111474 -4.2711346069612279 -4.3139596923108465 -4.3485367874254059 -4.3705393552888872 -4.3880329817336108 -4.4048423762196407 -4.4120465784628831 -4.3858232105089847 -4.3292193379537673 -4.2318452764306462 -4.1669209308016484 -4.1135075903488829 -4.0718513814012827 -4.0405652831978758 -4.0179622777841519 -4.0126313800185205 -4.0030519406786738 -3.9976106186331801
-4.1006574997658394 -4.1230147259159917 -4.1487765066434399 -4.1796451663400678 -4.2169293241775723 -4.2612654702181985 -4.3124452351264466 -4.3696882268212587 -4.4328255122552589 -4.5037995145203844 -4.5859643454099004 -4.6787737439034807 -4.7630124602699482 -4.7627699173734381 -4.5662893430161606 -4.3340661879555435 -4.22710332869182 -4.1864964299166667 -4.1707292087900001 -4.168639928798588 -4.1770611138348119 -4.1952548246431824 -4.2235957754746583 -4.2629828397770879 -4.3128882229270316 -4.3700082126014737 -4.4073507466763964 -4.4047236251499058 -4.3922434028253079 -4.3813674410192975 -4.3688773112748933 -4.3405006928723253 -4.2982830695091945 -4.2148440806016918 -4.164028222193501 -4.1197920692792671 -4.0836211129510804 -4.0552803450761807 -4.0338507297402693 -4.0286033631609239 -4.0180523215961177 -4.0111234398449849
-4.097093948438931 -4.1190718873507182 -4.1456661569458886 -4.1792342760342365 -4.2217007607362032 -4.2740089255673688 -4.3355261353632795 -4.4037595281543442 -4.476359024434454 -4.556422968830784 -4.653965445981969 -4.7805271818606982 -4.9418693269884733 -5.0875016624459173 -4.7188570194096595 -4.2759857710251046 -4.2238506127389828 -4.1993827220881403 -4.1872623008462408 -4.1857019054226789 -4.1940587696416411 -4.2123949166714967 -4.2414998796553229 -4.2829365020237908 -4.338301881262943 -4.4122935384931932 -4.4738693134746832 -4.4223931766728413 -4.3847323848554192 -4.3565784385806552 -4.3339968075531576 -4.3046247158362601 -4.2598369954819066 -4.2214091162347795 -4.1552046667329563 -4.1194366496784465 -4.0890582019921826 -4.0642936009898811 -4.0447428986662057 -4.0402302729589863 -4.0294082448147508 -4.0216490701496435
-4.0921411068748403 -4.1120853072372867 -4.1378383655790252 -4.1727173913759437 -4.2196137827250908 -4.2801047957500113 -4.3534736516956603 -4.4343229225100611 -4.5121127781923516 -4.5875740278390644 -4.6792475675257075 -4.8039891835200681 -4.9698446899579274 -5.1333974361083587 -4.806222703787542 -4.3844652717912602 -4.268992283087476 -4.2267168493805372 -4.2073906423719016 -4.2020756286428522 -4.2079685026426858 -4.2241400583522237 -4.2506325226778801 -4.2880516691470625 -4.3359530254409364 -4.3922645347458769 -4.4235535679468878 -4.3969325546418716 -4.3602845820686742 -4.3281970874759441 -4.3030993838584441 -4.2747801168920034 -4.2345629049640081 -4.2039566368735324 -4.1447249619629467 -4.116056196522619 -4.0910040034044783 -4.069822383752002 -4.0523745049281032 -4.048850563580114 -4.0381282341241871 -4.0299182154553437
-4.0854450877531905 -4.1011882016087418 -4.1235008818216521 -4.1572034773843072 -4.2066761253642158 -4.2741863179675628 -4.3600586319835486 -4.459757932784413 -4.5412413683478494 -4.5911058223622057 -4.6547478064612022 -4.7418657252123886 -4.8340511363645273 -4.8564795266209346 -4.6912801312412675 -4.4636503361019448 -4.3248639540482312 -4.2586024901956545 -4.2279331254543511 -4.2168265018136566 -4.2188979852172457 -4.2313658847104829 -4.2528455674276877 -4.2821496548914535 -4.3156972145117312 -4.3479604650018482 -4.362277998306709 -4.3505690318648451 -4.3251074725878436 -4.2971447061612249 -4.2743400066311139 -4.2488108738934756 -4.2127543339378821 -4.1882106789756826 -4.1348104418962839 -4.1120391282279245 -4.0916389039598791 -4.0737178702234562 -4.0582522138122368 -4.055641140574421 -4.0451042103864747 -4.0365811847200552
-4.0774119163608891 -4.0864179044771891 -4.1014688186277857 -4.1299637516180816 -4.179139246079373 -4.2500911947757185 -4.3414618266785929 -4.4547847615776135 -4.5433392516724709 -4.5547002693987304 -4.5892653514419335 -4.6371818773864906 -4.6752643104080818 -4.6638113702661066 -4.5662859240676106 -4.4417237397812546 -4.3394551494815579 -4.2759309444235516 -4.242064694003906 -4.2277931102142112 -4.2268812003139171 -4.2357053866615839 -4.2518202617411287 -4.2728081731376175 -4.2939749522945778 -4.3117099774454015 -4.3177124667508036 -4.30913544393559 -4.2901768838622907 -4.2669356434454482 -4.2477193815819145 -4.2256259718472187 -4.1937271652314339 -4.1744371305363437 -4.1568239370568962 -4.1089147117194269 -4.0925800694041046 -4.0774702842656687 -4.0636320393603489 -4.0615856054653197 -4.0510729555358331 -4.0421659642288867
-4.0762748947742669 -4.0699807439495732 -4.0727695621707705 -4.0892204676344752 -4.1363844675917205 -4.2076537441801083 -4.2911959608388965 -4.3785231182928017 -4.4425844698898533 -4.4724887897964152 -4.4979384505539883 -4.5240343508025536 -4.5384820581108301 -4.5240356812615987 -4.4604704510255662 -4.3895958107227662 -4.3234029363834816 -4.2755347780234576 -4.2470143988714621 -4.2340134391711253 -4.2324621405549383 -4.2391008024851695 -4.2511941880214605 -4.2659311653646359 -4.278671775810488 -4.2877002945105893 -4.2880038563868759 -4.2784008069355188 -4.2611238954745252 -4.2401217271581473 -4.2234239589181568 -4.2043979956978141 -4.1766992275026311 -4.1624350257416118 -4.1500503548066279 -4.1077266650888271 -4.0950882795832086 -4.0823002980627372 -4.0695379421471767 -4.067452442852888 -4.0565762477486107 -4.0470347679662293
-4.075421605917497 -4.0626601351861353 -4.0462075630265115 -4.0354778544124867 -4.0880670731095972 -4.1588350797345033 -4.2281985448215966 -4.292010140281695 -4.3415366124593309 -4.3744634963773485 -4.3984266866712058 -4.4167007626077659 -4.4247358661538323 -4.4158772189851678 -4.3728936144468484 -4.3334837419258232 -4.2942853229766484 -4.2637216504431157 -4.2447142144261321 -4.2365013268889227 -4.2369030583403795 -4.2434592634635893 -4.2536692632428394 -4.2648210601628538 -4.2725650184972075 -4.2761169589290882 -4.2716069682077036 -4.2585402932384824 -4.2390606788628151 -4.2170022998798444 -4.2006233170837302 -4.1837531450268681 -4.1604540640161494 -4.1515932420471335 -4.144982888713618 -4.1093157912620306 -4.1002834583500007 -4.0892658238736281 -4.0767716524055277 -4.0737506164510435 -4.0618998689294816 -4.0513286586419408
-4.0773298665344804 -4.0641766247015276 -4.0453895712210803 -4.0337860867117419 -4.0677357135972532 -4.1197233483260804 -4.1697225141882752 -4.2143423221057601 -4.2511980391159288 -4.280001800538944 -4.3026660737807489 -4.319782998343924 -4.3292515465610739 -4.3284663126809484 -4.3001624133460314 -4.2815376625678407 -4.2621920594309053 -4.2470870953530069 -4.2387391863470967 -4.2373871624179973 -4.2418887980268236 -4.2504624953470191 -4.2610204492445298 -4.271149525588565 -4.2767145119337044 -4.2769167385366966 -4.2677090796406718 -4.2486708352255835 -4.2228669491472521 -4.1957643932314603 -4.1768734148234268 -4.1611348858198829 -4.142908436605536 -4.1407346465324881 -4.1415201202905827 -4.1415049963374715 -4.10934736888799 -4.0993230947880264 -4.0947808995244532 -4.0806113291586055 -4.0669660022176393 -4.0548925699003711
-4.085913684781417 -4.0738916247416821 -4.0619502531883409 -4.0562821443608676 -4.0674356681459347 -4.0927917754090313 -4.1199505350731602 -4.1455871779112652 -4.1695775579239314 -4.1925065370173131 -4.2142767272411117 -4.2334493930783648 -4.2478030842688854 -4.2557047066511338 -4.2392546412174479 -4.2358491639670746 -4.2317503480289407 -4.22996092809242 -4.2322357430341562 -4.2388819763301138 -4.2490933225792222 -4.2614411125949365 -4.274237397163434 -4.2855355315148067 -4.2914770327633143 -4.2903992483581552 -4.2763986909767384 -4.2478743198314746 -4.2099582281413053 -4.172406429361355 -4.1476055299305923 -4.1322453347212385 -4.1206290214466801 -4.127795270895712 -4.1392668155960006 -4.1481687852930804 -4.1237115053046498 -4.1132306966568946 -4.1050206184171909 -4.0875248865703364 -4.0656149420849923 -4.0487173928138329
-4.0991081207467346 -4.0890655405329301 -4.0796402345481955 -4.0738127918623448 -4.0717040292060611 -4.0721613091993065 -4.0764515194832596 -4.0820139767969827 -4.0922941264405246 -4.1095878570204158 -4.1322551603292421 -4.1560734570818658 -4.177238474233727 -4.1938759416105391 -4.1877768653205898 -4.196391726468482 -4.2046589130901459 -4.2145777209611079 -4.2272695427484788 -4.2427187650207596 -4.2599133537792992 -4.2773214323125792 -4.2935027808473807 -4.3073334950529247 -4.3160084691338492 -4.3168108827620344 -4.2988915291341518 -4.2553397291628858 -4.1956450492702402 -4.139792830381575 -4.1054033911666448 -4.0828261230041658 -4.0883189730605576 -4.1091870471730001 -4.137139714982915 -4.1600471582863152 -4.1451609183854954 -4.1309495285467275 -4.1112035953051222 -4.0879907943930416 -4.0654242253557467 -4.0459597548007125
-4.1123259875080134 -4.1064994469951328 -4.0978499390349459 -4.088537075956614 -4.0770821400152553 -4.059562068479531 -4.0369987365874218 -4.0191784829483268 -4.0135674356152826 -4.027013670172674 -4.0545909640675442 -4.0863148983005946 -4.1157160818325327 -4.1407472194147301 -4.143866021887364 -4.1623080109046082 -4.1810247837042027 -4.2016140069435259 -4.2247717551236814 -4.24997154682403 -4.2754492664984216 -4.2987869444909235 -4.3182126638067695 -4.3328053077872895 -4.3459701778399831 -4.3538452958566669 -4.337774108932801 -4.2695457497585849 -4.1702276954799631 -4.0879049827936935 -4.0393786702400059 -4.0210415508251831 -4.0385744978522276 -4.0785128875889232 -4.1315175179646024 -4.1789438039086733 -4.1728919660230952 -4.1462095970235868 -4.1182517003651791 -4.0867358010906081 -4.0632628844816878 -4.0414988204368942
-4.1293215477448246 -4.1230796085192143 -4.116033455676023 -4.1052912707743623 -4.0871324810359093 -4.0539123567977775 -4.0074820914601847 -3.9542248570786871 -3.9265004078819326 -3.9412726199278323 -3.9817973962624906 -4.0251595404884251 -4.0631210196786061 -4.0952012527044861 -4.1060048752187868 -4.1322727916489956 -4.1599075256095164 -4.1904789851480828 -4.224499229724703 -4.2609157399844815 -4.2966218045902398 -4.3268508182632237 -4.3476958540629269 -4.3590700797470134 -4.3694026091662437 -4.3857181040520477 -4.3950563494113819 -4.2799982046211422 -4.1112860979903676 -3.9913618798836312 -3.9363029087067591 -3.9287779915775412 -3.9629656914595062 -4.023534031652515 -4.1077637809883925 -4.2021254219394288 -4.2072305101677578 -4.1511642428256295 -4.1110813438007314 -4.0818929263200214 -4.0504083967551612 -4.0331406508047039
-4.1486318147051726 -4.1427292040367236 -4.1389948792586591 -4.1310676403416249 -4.1094496615033291 -4.0622294152679039 -3.9875360341682873 -3.8955865972759813 -3.8228192526597273 -3.8574452052834989 -3.9225360537261622 -3.9775533502555507 -4.0210249682330126 -4.0567621119658162 -4.0727040840654851 -4.1044977522674486 -4.1394834084269583 -4.1793367089453657 -4.2247132350380872 -4.2744688032399711 -4.3239703143327777 -4.3637675280295776 -4.3832729427611348 -4.3805221915369694 -4.3687096197662738 -4.3624189527208479 -4.3638306365485136 -4.2012144577334096 -3.9831413783302443 -3.8296021118682786 -3.784383997137537 -3.7996644007775746 -3.8544194997836936 -3.9368240744935932 -4.0390211172125987 -4.1501906119920342 -4.1751329672529698 -4.1238292258716838 -4.0862865092968832 -4.0521980502056483 -4.0323594426669986 -4.0187832330254354
-4.1693200426942614 -4.1632312361281736 -4.1628758467984355 -4.1640810095464618 -4.1526467525977493 -4.0974522055075395 -4.0000255146487094 -3.8799935949395938 -3.7565228014008678 -3.8254245664359328 -3.8953537064882831 -3.9491735316963212 -3.991203239990071 -4.0246699983562451 -4.0420479268110476 -4.0766670979430639 -4.1171901009451624 -4.1651032650490798 -4.2215524910749549 -4.2865841110918375 -4.3557945814417991 -4.4132653803406638 -4.4306478495162578 -4.3983271190833619 -4.3402685482986723 -4.2695702976767578 -4.170033571681202 -3.9990523265297209 -3.7934890223840796 -3.6407896392983181 -3.6011931592892146 -3.6380532087481359 -3.7180263704612972 -3.8186975403953474 -3.9254848248371443 -4.0157868256406024 -4.0605024540482422 -4.0492369220511071 -4.0338204011429433 -4.015840704201695 -4.0054140171699011 -3.9984956484151501
-4.1860257750888552 -4.1819947307164806 -4.186078168590555 -4.1952901119801318 -4.2083949117751374 -4.1481321435961878 -4.0400547696439117 -3.9384804660707928 -3.8712180948192154 -3.8765278170519766 -3.9147077978469262 -3.9445316973613536 -3.971719012364173 -3.9830549101010826 -4.0093115715439716 -4.0439725871976311 -4.0880559613535263 -4.1417477851552515 -4.2066381185670743 -4.285592141906335 -4.3797267995151525 -4.4748764477751219 -4.497874813235736 -4.4121871065740761 -4.2951817954311666 -4.1639065039122327 -4.0004754817503976 -3.7917877299577523 -3.5687817539636222 -3.4090867289733158 -3.3753589730216698 -3.4485768905196061 -3.5650199882674571 -3.6881991195854393 -3.8005355180785028 -3.890363428820693 -3.9488996213529086 -3.9606192405830614 -3.9667013815114993 -3.9699410760619624 -3.9716068161313416 -3.9733611074980129
-4.1955603814408367 -4.1936663894784392 -4.1962463353691639 -4.1999592066269926 -4.1994832835833789 -4.1548546834101785 -4.0779908828070184 -4.0062737991902102 -3.9579974188088061 -3.944940311594288 -3.9525547628933673 -3.9624503568804901 -3.9677883179506601 -3.9581026174207286 -3.9752429513170089 -4.0087454792807193 -4.0552721147018351 -4.1112274831392082 -4.1777993489643386 -4.2601536220328429 -4.3663006952376264 -4.5059374760389606 -4.5676659526166006 -4.3929104617746573 -4.2368691308353652 -4.0723780201574566 -3.8707542388839733 -3.6147592763656329 -3.3224671505957142 -3.0975499878880397 -3.0988016056445487 -3.2481770113787567 -3.4162219583013362 -3.5641699281316099 -3.6857377934722804 -3.7805392526280439 -3.8547134868539716 -3.8721898032544839 -3.9004491900101774 -3.9195997699215619 -3.9337490747820079 -3.9450178194657317
-4.2011290563726282 -4.1968497117935488 -4.1955287459462447 -4.1936337576191267 -4.1808863156124634 -4.1506175913886665 -4.1037650189915738 -4.058536501416584 -4.0261203988948946 -4.0094344471461323 -4.0008169333340327 -3.9886227917089996 -3.966928236432075 -3.937063650040169 -3.9391753031827057 -3.9701185419161895 -4.0204237569589463 -4.0741857887574131 -4.1327600965594051 -4.200780505986808 -4.2829812502927505 -4.3713207691007758 -4.3893437427594195 -4.2917529344263361 -4.1630423924778412 -4.0100718325381308 -3.8056285539213492 -3.5197821336505424 -3.1362309318048371 -2.7091544187133856 -2.8360253069026782 -3.102261528013921 -3.3094166011884179 -3.4677627315873494 -3.5903216222762326 -3.6846643146882987 -3.7639244282040298 -3.7931609066622807 -3.8354390776082012 -3.8682842851928143 -3.8942762729844791 -3.9175717259097773
-4.2300696785597918 -4.2104307498525024 -4.1918205356303488 -4.1859246349457333 -4.1744512731878363 -4.1520363035965655 -4.1256039156238362 -4.0999486290111449 -4.0800965583301894 -4.0681918877134438 -4.0553245402512239 -4.0292278698200388 -3.9811978833819746 -3.9096801498309639 -3.8860892958732447 -3.9407956731078739 -3.9934422462339247 -4.0321751219885673 -4.0741593500619731 -4.1144038673596954 -4.1536761106186404 -4.1840843340222378 -4.187270301491818 -4.1529320931170313 -4.0887767280385878 -3.9907654933484453 -3.8314991779237002 -3.5758273415208155 -3.2110875520370366 -2.8391675268794874 -2.8902334312360138 -3.1015342967611028 -3.2756535423061774 -3.4097208715542546 -3.5144375490281443 -3.599682030250511 -3.6827223856476166 -3.7187378153142676 -3.7725458744691731 -3.8176860239208956 -3.8572108373025742 -3.8876276086175348
