codes_flopy/data/T&K/Benoit/Log_Plio_profCrepines_125_150m.grd
ncols 85
nrows 89
xllcorner 663750
yllcorner 6152250
cellsize 500
nodata_value 1.7014100000000001E+038
[rows 19 to 37 of 89, columns 0 to 41 of 85]
-4.4276005458592342 -4.4245080619743131 -4.4245102148889108 -4.3655898777845321 -4.3656160170512006 -4.3656445356282827 -4.3716960157376272 -4.3296331217113959 -4.32970271433277 -4.3004629766971219 -4.3507890026310045 -4.3508396010687029 -4.3508907526762917 -4.3966890038839157 -4.3966605372008596 -4.422512142178137 -4.4268923220477943 -4.4540175317751407 -4.4377018911076656 -4.4375148777121227 -4.4924065694922373 -4.4927222174593089 -4.4744797772469278 -4.4702667281327928 -4.4698480124739328 -4.4741549276739407 -4.4643874539624822 -4.4639486988333568 -4.4463784006756999 -4.4452673252221082 -4.4584831832529481 -4.4581611133037926 -4.4511063912050659 -4.4510517358690223 -4.4508971868391978 -4.4511764482903553 -4.4654947281368784 -4.463973070266225 -4.4831515143772425 -4.4727735608467487 -4.4738784862994194 -4.4798555994958527
-4.4245059139137304 -4.4245076701685253 -4.3655893789071927 -4.3656168798496777 -4.3656472079030912 -4.3633166765013591 -4.3717319353848643 -4.3514464700577307 -4.3074080130997556 -4.3075028464192817 -4.3508660311552996 -4.350924079516731 -4.3967169037336751 -4.396691414404402 -4.3966576939590585 -4.4224317731487846 -4.4465737764800739 -4.4537912140727407 -4.4374998490551736 -4.4923200286011813 -4.4918789667690486 -4.4743471549284815 -4.4497660477868113 -4.4469584260455006 -4.4577699119642613 -4.4640068135912117 -4.4634625931094378 -4.473378280748614 -4.4453149994793524 -4.4172476634605315 -4.4569918836397937 -4.4564822075347683 -4.4492906956540992 -4.442109013458742 -4.4590797886945825 -4.4626425634801112 -4.4561187755065683 -4.4795548801566438 -4.4683869501204878 -4.4788939283303382 -4.4741243789265699 -4.4747910757002716
-4.4245053175844014 -4.4245070580987091 -4.3656147620978567 -4.3656463834008132 -4.3633172262208015 -4.3717323530503931 -4.351455071140883 -4.3556237259290373 -4.3075383716398283 -4.3076507226196288 -4.3509555013908425 -4.3510230414046909 -4.3967292545725787 -4.3967009506846804 -4.4224698123185071 -4.4268170527174791 -4.4538080720452875 -4.4375191974572159 -4.4372866543604914 -4.4644822963245563 -4.4651145825973302 -4.4492894380158949 -4.4468444024575513 -4.4463993803070903 -4.4570394228112882 -4.4631163460890146 -4.4624429316939445 -4.4721256226338433 -4.444134962151991 -4.4279194095888119 -4.455324264700451 -4.4472049031430254 -4.4403040982405066 -4.4608193913721976 -4.4601775277595106 -4.4596599109680346 -4.452937575509452 -4.4752900402372013 -4.4748088629677572 -4.4745427208116864 -4.4695558706440632 -4.4789766080395559
-4.4245045144067694 -4.3656098503590455 -4.365642222386616 -4.3633136675072608 -4.363355992114081 -4.3904181024774136 -4.3556321795198274 -4.3075603823876563 -4.3076841368791863 -4.3079702022336486 -4.351058789644199 -4.3632569625896709 -4.3967492518399514 -4.3967192477738193 -4.4224053838710145 -4.4267220490517101 -4.453586526255731 -4.4120819410250043 -4.4183677281862215 -4.4640724692669647 -4.4646362153210077 -4.4463487080222261 -4.4463308064853235 -4.456904075463564 -4.4470474178783395 -4.4621443414267867 -4.461326312575987 -4.4707465478685364 -4.4532495387973361 -4.4265799963997727 -4.4460704587488236 -4.4451871082743706 -4.459095021883094 -4.458080543620528 -4.4571429593831908 -4.4563236477590493 -4.4615441848747643 -4.4711224848607074 -4.4704157220335921 -4.4648681216093244 -4.474383865146927 -4.4742239667940433
-4.4245034861339123 -4.3656350070339718 -4.3633062888848357 -4.3633495291076292 -4.3904210066363198 -4.3464024902478036 -4.3557023250636258 -4.3077013082058082 -4.3078461979494804 -4.3081556736401287 -4.3511772091865835 -4.3967984127608766 -4.3967782477043231 -4.4118525539440201 -4.4223435976128469 -4.4293169619623836 -4.4266528453332903 -4.4120132530508815 -4.4182405844274353 -4.4646519345761417 -4.4610128556467927 -4.4458871580834129 -4.4568670889911086 -4.456168068964792 -4.4462787031820001 -4.4610907982557375 -4.470384734992618 -4.4692371416883692 -4.4262926318652811 -4.418479796448862 -4.4441113498313713 -4.4641193503502414 -4.4563602435568033 -4.4550210609838921 -4.4537468238035345 -4.4462342907158723 -4.4599143183959038 -4.4665334624401405 -4.4655841605352418 -4.4697688799299744 -4.4693550480394073 -4.4694501518058836
-4.3656251158313601 -4.3632955112208593 -4.3633389106608584 -4.3904209516097668 -4.3913681523248504 -4.3464789636677121 -4.355779252802586 -4.3078562468851214 -4.3080252458812343 -4.3083616548912858 -4.3085592839877815 -4.3968354272346613 -4.3968175848652056 -4.3960051238083739 -4.4006747253317773 -4.4267451341388728 -4.4265388800427008 -4.4183623704608905 -4.4181213760355691 -4.4641750705485128 -4.460487458197969 -4.4454031182032185 -4.4561915453998635 -4.4553839176032675 -4.4454642538031104 -4.4599574925569074 -4.4689522998538589 -4.4774294301678363 -4.4181906113602221 -4.4169778267457858 -4.4631010219205987 -4.4613447807223139 -4.4581659119940102 -4.4504701125789916 -4.4488278822196525 -4.4532071797696373 -4.4540222630368786 -4.4600357277988003 -4.4702741195887556 -4.4641292354929369 -4.463747252241177 -4.4641349787403666
-4.3632818523712285 -4.3633246989073378 -4.3904181775847118 -4.3913674069591764 -4.3464697337501033 -4.3465618342108465 -4.3558630629002879 -4.3080254238588154 -4.3083744569029285 -4.3085888420726652 -4.3088215432862 -4.3968821683478669 -4.3854218828321505 -4.3960606965112614 -4.4101597571041422 -4.4266547736510971 -4.4120963832880964 -4.4182786971196215 -4.4632625784761721 -4.4605885129313956 -4.4599304680081007 -4.4562972418485893 -4.4554783568497562 -4.445573328392074 -4.4446109803832368 -4.4587485075800304 -4.4656718407970297 -4.4696445225196353 -4.4170027874059112 -4.4324862330128321 -4.4355526185959544 -4.4569165544490215 -4.4547260301896063 -4.4466944895437166 -4.4568978937636095 -4.436159842146095 -4.4487378546263212 -4.4642234425423952 -4.4574311205258423 -4.4562982649526077 -4.450925688909539 -4.4505935606310425
-4.363307544459448 -4.3904130030237045 -4.3913637062870166 -4.3913936485146952 -4.3465457931994118 -4.3466509882905768 -4.3080040056826236 -4.3082087697346871 -4.3085881039324461 -4.30883752997517 -4.3369255522385659 -4.3708851340848076 -4.3855232860759763 -4.3961310487256169 -4.4101692547783475 -4.4265693096836163 -4.4120825434727138 -4.4182083178987028 -4.4638071219586593 -4.4600792292245597 -4.4593430628071697 -4.4556520326095344 -4.4535291906829428 -4.4440176823044517 -4.4429276804209259 -4.4656934595078779 -4.4649323842656425 -4.4387633497983021 -4.4541494011817759 -4.4351919331799348 -4.4330878498682562 -4.4535951335630539 -4.4509349251547032 -4.4548009996398275 -4.4456956652020931 -4.451538182119009 -4.4531210166947437 -4.4573914581764047 -4.4502318907778902 -4.4436257741466143 -4.441552722753376 -4.4428664192070837
-4.3904057969438846 -4.3913574283247971 -4.3913876735999899 -4.3465206912319223 -4.3466266849881414 -4.3467461603470881 -4.3081718076701536 -4.3084058603177491 -4.3088188620329602 -4.287217757498647 -4.337158389808029 -4.3710362780048566 -4.3856409525246089 -4.3962173037765151 -4.4101917232028365 -4.4264901791238023 -4.4184044418563779 -4.4181541212436333 -4.4602683296613677 -4.459543641325463 -4.4682556579885091 -4.4537825271167648 -4.4443339928798586 -4.4432684901473491 -4.4420414679321736 -4.4642119388358212 -4.4677494580615518 -4.4542304652413884 -4.451965977245651 -4.4335039504440985 -4.4304525635950673 -4.449981704285987 -4.4467802049177756 -4.4499120166799031 -4.4283208238689689 -4.4557835044514764 -4.4461422759102494 -4.447537220046172 -4.4367623301344912 -4.4348687639365547 -4.4328126734997095 -4.4333834296754748
-4.3913489943397046 -4.3913790164704727 -4.3914130930674009 -4.346592886502652 -4.3467120144948073 -4.3468469145115058 -4.308349833409725 -4.3086158608441396 -4.2871480240977942 -4.2875610430571642 -4.3374107698738378 -4.3376977404685277 -4.3857752917918695 -4.3963202237451897 -4.4102282659299235 -4.4264186713829625 -4.4183784851666648 -4.4181186048183845 -4.4583376066720453 -4.4575532315521107 -4.467483480272044 -4.4645948107105538 -4.4436920040076373 -4.4425178572427431 -4.441155762848223 -4.4547141982217777 -4.4776083028205615 -4.4522912020031598 -4.4542063870342163 -4.4311906990026655 -4.4276689997578762 -4.4460826452476478 -4.454292558275502 -4.44454377824992 -4.4258572609925331 -4.4485804343791404 -4.4328845581225922 -4.4353873695371302 -4.4273883641105458 -4.4230497749211057 -4.421924473412906 -4.421883462855714
-4.3913681838236363 -4.3914016860427996 -4.3914398561387085 -4.3466681360873567 -4.3468012395979949 -4.3469526303153199 -4.3085369301880094 -4.2857930315109529 -4.2874557626880607 -4.2879252742770166 -4.3376814752295081 -4.3547699887063791 -4.3859262260846776 -4.4071249338736713 -4.4290141477062859 -4.4263558880632852 -4.4188692671975067 -4.4174409652711706 -4.4578443525065516 -4.4677731464239407 -4.4666670268059807 -4.4636976377803848 -4.4430527267585633 -4.4417779094956824 -4.4330532123014299 -4.4619039510735004 -4.47944432586847 -4.4547666521681091 -4.4517231502162264 -4.4288220839689521 -4.4247726198986719 -4.4537797325837705 -4.4490567561170327 -4.4440707424409345 -4.4301994986851909 -4.4349551135980061 -4.4243346970229256 -4.4212324633906821 -4.4151436855105528 -4.4114503007797863 -4.4092429061102454 -4.4081935593905746
-4.3913881369004635 -4.391425313416728 -4.3466167416916228 -4.3467458493812066 -4.3468936651793086 -4.3470624935983944 -4.267601967522709 -4.2860655199559892 -4.2877771573908543 -4.2883074742755287 -4.3379685203741651 -4.3550427431748 -4.3553595655435791 -4.4072012199898492 -4.4266821631257525 -4.41319673089858 -4.4188723912302272 -4.4202568480192506 -4.4573302374426973 -4.4670177286800152 -4.4658040141695157 -4.4627547535375101 -4.4424217452943751 -4.4410604890782945 -4.4324219938108085 -4.4695745123641659 -4.4512342018783784 -4.4526387765949726 -4.4491997494231263 -4.4264544857126022 -4.4218154246999948 -4.448974688988895 -4.4434429671537501 -4.4355971719942273 -4.4178760632886176 -4.4264183785433557 -4.4149301918942641 -4.4090086417094936 -4.4034259019127617 -4.3988593490500172 -4.3948179503538771 -4.3999203056798102
-4.3914087244079667 -4.3914497462953914 -4.3466833528090385 -4.3468253168053099 -4.3469884437423234 -4.3137667010317324 -4.2678696894652299 -4.2875860133339323 -4.2881088005442072 -4.3033983911759295 -4.3382690836507853 -4.3553310612653782 -4.3601729664213584 -4.4084581784858825 -4.4266468877088263 -4.413265658501647 -4.4188927386242804 -4.4202594564396991 -4.4567958120843256 -4.4662201719436254 -4.4648909006008415 -4.4617615134884758 -4.4418009690784723 -4.433426103678447 -4.4544556289251851 -4.4675968725381994 -4.4495960894808082 -4.4505471979513702 -4.4467017202070345 -4.442231685013561 -4.4312673933704412 -4.4249886688629712 -4.4374915363167569 -4.4231805994576288 -4.4245784668511554 -4.4171560153802334 -4.4047095582241687 -4.3975609971082887 -4.3906762354219371 -4.3846439659967533 -4.3865207245144706 -4.3917839500398541
-4.391429794549957 -4.3914748040533409 -4.3467505829680304 -4.346905716438962 -4.3136187582474683 -4.2676404571380582 -4.2681400209203204 -4.28786740737723 -4.2884464970992928 -4.3381314403286471 -4.3385794764935559 -4.3601183075459495 -4.3722973944642156 -4.4115477239679963 -4.4266214778595563 -4.4133513380757021 -4.4177956102792857 -4.42028141437694 -4.4667015070240366 -4.4653800879176977 -4.4639232403845464 -4.4524745209651426 -4.4343115444735837 -4.4330103784769772 -4.4646004489279907 -4.4655895661764218 -4.4520990844422528 -4.4485688308706219 -4.4443196694561289 -4.4508906370544725 -4.4278478056071409 -4.4206933035404505 -4.4240700818367102 -4.4146065844153153 -4.4200766074085571 -4.4072008383582686 -4.3921294547159144 -4.3799735645993607 -4.3771236551907267 -4.3703336688764622 -4.3803240931150444 -4.3716123134421867
-4.3914511739786217 -4.3915002789036066 -4.3468176762019501 -4.3134623513431718 -4.3137477652501888 -4.2678639304605639 -4.2684091470678869 -4.2881487241836993 -4.2887853120033963 -4.338393760791452 -4.360009659519597 -4.3604086256329717 -4.3725835435653799 -4.3879655726730711 -4.426607110696275 -4.4191966399117346 -4.417863223044491 -4.420322175490015 -4.4659581280559157 -4.4645001807190079 -4.4628974132765631 -4.4515929040429985 -4.4339232237752473 -4.4506956619305127 -4.4628119114626905 -4.4635718462646539 -4.4505297320053936 -4.4468082017198789 -4.4421768773183068 -4.4475033971831532 -4.4245902775030439 -4.4164501415036161 -4.4180590706749108 -4.4073644933521745 -4.4106531775138418 -4.3965890877561087 -4.3805310012802741 -4.3673562639085359 -4.3637457862262226 -4.372233025489269 -4.361519634031815 -4.3505279681618463
-4.3914726695935897 -4.3915259379583 -4.3468838149469029 -4.313566641609051 -4.3138736003952465 -4.2680823477669048 -4.2686728710550339 -4.2721143086335243 -4.2891196709464907 -4.3443824833682427 -4.3602528171472237 -4.3607020700033257 -4.3612130544180419 -4.3882217046834855 -4.4266052795406923 -4.4192594730961012 -4.4179485809392256 -4.4203819753468565 -4.4652033987410586 -4.4635901983318798 -4.4618151466359102 -4.4434507725598396 -4.4420136123768863 -4.4495133002301612 -4.4642807784555698 -4.4647893114650241 -4.4491977220863426 -4.4454098119132324 -4.450844654549468 -4.4444087439186966 -4.4366934750465221 -4.4180014806230554 -4.4120376611417882 -4.3999460889833006 -4.4007812839055243 -4.3838226026063545 -4.3682456483692489 -4.3541472395119163 -4.3663339497643454 -4.3559611125767423 -4.3437148584927172 -4.3329574963074444
-4.39149407109121 -4.3467808287807879 -4.3133853663856225 -4.3136664408807359 -4.3139942659950927 -4.2682921304866364 -4.2689267312672747 -4.2724162117972169 -4.2988274118623497 -4.3446240697095897 -4.3604930618254194 -4.360993131576727 -4.3755447839126482 -4.3846915648969285 -4.4077650286848726 -4.4182194398490191 -4.4180526297875113 -4.4204628789928719 -4.4644600053010972 -4.4626729601212602 -4.4606926680810206 -4.442697749380299 -4.4584141109789757 -4.4481846364124475 -4.4620043444095119 -4.46252136461358 -4.4399624721846163 -4.4445828267804339 -4.4489111488682678 -4.4417962447038359 -4.4287212237389353 -4.4138860574317684 -4.3925786720221884 -4.3925390259954717 -4.390618996669355 -4.3753869625393991 -4.355241578742854 -4.3739942998566406 -4.3691048006206703 -4.3553321759710499 -4.3458965123685633 -4.3354044513823489
-4.3915151542646713 -4.3132085415010772 -4.3134627448687803 -4.3137601138845598 -4.314107722694966 -4.2684896267168808 -4.2691661465767554 -4.2843122302324241 -4.2851417596672876 -4.3448559766000079 -4.3607255366538347 -4.3612757434452245 -4.3758210665569095 -4.3849748466338099 -4.3891403927779766 -4.398694569816529 -4.4181771622763168 -4.4205694047546658 -4.4315072702265423 -4.4617912616302844 -4.4515060158958502 -4.4421825592909236 -4.4565877951166444 -4.4465983128589937 -4.4593499930408713 -4.4601204340857894 -4.4403162981649373 -4.4446562183458322 -4.4478007200458434 -4.4358349089261644 -4.4337721363559552 -4.4501899237984643 -4.4156673665055575 -4.4098722352190736 -4.4017568766021631 -4.3849178452646793 -4.3740875333739968 -4.3595404463925833 -4.3460142533626955 -4.3395179562569055 -4.3318283355780531 -4.3272047234818087
-4.3915356850865006 -4.3132670589328752 -4.3135336396905011 -4.3138460515447123 -4.3142119558107606 -4.2686712397377979 -4.281913214236182 -4.2845604350195208 -4.2854431709784677 -4.3450732940865979 -4.3609451459337745 -4.3615434807067768 -4.3760860252088909 -4.3852499772894067 -4.3894506348036701 -4.3989939145490906 -4.4183240716127941 -4.4321699043885534 -4.4314679500324132 -4.4610111055326369 -4.450722350061028 -4.4539213607233936 -4.4546687340326194 -4.4582601252969605 -4.4559862134907737 -4.4573112472665644 -4.4416491040856574 -4.4810805945620142 -4.4748181312509239 -4.4611085214907096 -4.4563026794885001 -4.4346736624015142 -4.4096321681984199 -4.3917101218480479 -4.390391460452264 -4.3819157510368258 -4.3576226208264028 -4.3383244917250439 -4.3278624495364344 -4.3233337484518888 -4.3189952968287004 -4.3196427687665864
