codes_flopy/data/T&K/Benoit/Log_Plio_profCrepines_125_150m.grd
ncols 85
nrows 89
xllcorner 663750
yllcorner 6152250
cellsize 500
nodata_value 1.7014100000000001E+038
[rows 57 to 75 of 89, columns 42 to 83 of 85]
-4.5134008181454011 -4.5291226525348929 -4.5385661356341016 -4.5467686732903996 -4.548657013556479 -4.5549200764952555 -4.5605105212554093 -4.565596229285509 -4.5703494310988759 -4.5749532423916701 -4.5916968913462792 -4.5961006847267845 -4.6008778727057207 -4.6091504648764765 -4.6146047699410246 -4.6113484029599414 -4.6168898164963368 -4.6210550794068537 -4.6219416717234383 -4.6254751094080166 -4.6278156039241516 -4.6608889008436831 -4.7010787688798459 -4.7356455304015839 -4.7602144910793189 -4.7720636109175869 -4.7771297401243409 -4.7856126235552585 -4.7994837109037478 -4.8095886093976477 -4.8122362857703349 -4.8039017151240362 -4.8018489862950142 -4.788530648571653 -4.7543476787650327 -4.7470890066985465 -4.7523337441388822 -4.7470938273083254 -4.7475539330993062 -4.7390578226680935 -4.7419261069254608 -4.7368661057067074
-4.5240479657859023 -4.5302276379100821 -4.5445327700204858 -4.552461073686084 -4.5592927405823032 -4.5598460676026553 -4.5650756741959952 -4.5697989585893719 -4.5741890995568664 -4.5784172585409673 -4.5826506203726796 -4.5870414669465287 -4.6033037406360862 -4.6076680239824732 -4.6121445843417481 -4.6192449869526522 -4.6226763634725438 -4.6274662733385084 -4.6300693412174443 -4.6277777496886365 -4.6216860064844996 -4.6600844199514091 -4.7073931123026469 -4.747934184020111 -4.7766388901455175 -4.7845047810097219 -4.7760092542282679 -4.7807635236079609 -4.7950215821974478 -4.8093540017120038 -4.8180924366008719 -4.8231917412105796 -4.8296494792693299 -4.8184134052197214 -4.7926423642628926 -4.7846278895156082 -4.7693817756467016 -4.7637854015400745 -4.761784427803633 -4.7531740113020575 -4.7456288437762764 -4.7399931886087465
-4.5380203671779249 -4.541994356171946 -4.5460665197329728 -4.5534705386046435 -4.5652291604625548 -4.5707104423654918 -4.5700059588124446 -4.5742869130903365 -4.5782441598001942 -4.5820394859148639 -4.5858206058080437 -4.5897119591126447 -4.5937980069605535 -4.5981010228523473 -4.6057985515408948 -4.6207085137978732 -4.6240894597213815 -4.6297677601706742 -4.6354805172685101 -4.6387113317055126 -4.6526027329016424 -4.6846608991316296 -4.7281380898801224 -4.7732357728069825 -4.8112209398785417 -4.8193552786040295 -4.7913346467721736 -4.786916237140403 -4.7972777579834922 -4.8125426451527149 -4.8233163532217853 -4.8322237867845583 -4.8474373377490165 -4.8333347350824063 -4.8113784853790618 -4.7919113444273567 -4.7822881572446256 -4.7769489549298996 -4.7703060917782478 -4.7565439598936745 -4.7492706688064024 -4.7177919750939639
-4.5356273417208266 -4.5570631905030723 -4.5604387640293318 -4.560561936249699 -4.566289821056607 -4.5711625294045453 -4.5809404362807822 -4.5791027960080148 -4.5825534228111708 -4.5898905203487974 -4.5931193022381942 -4.5964450367395564 -4.5999578014979781 -4.6037155964193559 -4.6077515170158332 -4.6121077892864353 -4.6169212012590082 -4.6259260687367121 -4.6423007833555516 -4.6535283546498905 -4.6724412406538374 -4.7033341869565737 -4.7443175970062184 -4.7940876103824186 -4.8479396518654969 -4.8752961882196066 -4.8247361541446692 -4.8011955983219208 -4.8004453515779106 -4.8100872681961615 -4.8204679513286157 -4.8324703331239025 -4.8522890503183564 -4.8568254018769839 -4.8435284063349435 -4.8085848111019223 -4.7929477699763954 -4.7795984331461927 -4.7541413653929272 -4.7392503695755845 -4.7273796458034347 -4.6998414289632908
-4.5553948630469767 -4.5715840213869994 -4.5792400360866257 -4.5801987443183751 -4.5853148105110471 -4.58955235808304 -4.5855176018575099 -4.5886209279073338 -4.5913269619450459 -4.5940470531218454 -4.5967924602053225 -4.5996856391647629 -4.6028347142524693 -4.6063415425895124 -4.6103229251618627 -4.6149564986956664 -4.6244075998540657 -4.6313828764614904 -4.6386092610582619 -4.6529855381775276 -4.6744828851416358 -4.7038511540904704 -4.7447808416587787 -4.7900717560005228 -4.840899549224071 -4.8561014603410877 -4.814259312504829 -4.7991667934975437 -4.7972709996727998 -4.8042967034314223 -4.811770256656029 -4.8194184200918464 -4.8282894542151258 -4.8454881295212697 -4.8379402803279827 -4.7956202058517299 -4.7802622833047215 -4.7621402170246476 -4.7505578306209646 -4.7374781874202903 -4.7093153583178786 -4.7004199162577898
-4.5675108235632331 -4.5754457322213691 -4.5893774795938231 -4.5947122857519194 -4.5934803775387714 -4.5968551148415857 -4.5996253992590628 -4.6019864769389685 -4.604114054854807 -4.6061652255142489 -4.5949207663457905 -4.6030866762596059 -4.6058863020617729 -4.6091735515909402 -4.6131192380206931 -4.6179716430833526 -4.6282097420151365 -4.6332309886168792 -4.6440622788178834 -4.6589000913358776 -4.6793430774392322 -4.7050323942083896 -4.7374790352106171 -4.7700033079376194 -4.7966214391864481 -4.8018505968063971 -4.7894020243452733 -4.7850788689148116 -4.7894966795710117 -4.7923350849800466 -4.7966371108920001 -4.7999192872540402 -4.8297288896039321 -4.8395961937360177 -4.8280304373728802 -4.8171232816258591 -4.7728781436058085 -4.7610022932627487 -4.74733597276584 -4.718923171291566 -4.7090718469884809 -4.7087103038053346
-4.5812306438947044 -4.5879054661927867 -4.5877485615917566 -4.604861941297715 -4.6080176458093822 -4.6047907404310315 -4.6066183484132344 -4.6081310688478929 -4.6095057710886422 -4.6108987218929194 -4.612450532272673 -4.6079449304123887 -4.6103321133858799 -4.6133196074903555 -4.6170973278103258 -4.6314787578672787 -4.6313013584641762 -4.6363106985192459 -4.64703984791133 -4.6615227371994497 -4.6791866687915888 -4.7026206305534313 -4.730699699330545 -4.7532061119671907 -4.7697879143550335 -4.7757065444737012 -4.7767334936254233 -4.7714397393190433 -4.7751141504822652 -4.7768527683641375 -4.7756535142428431 -4.7955451833325231 -4.8157423971763196 -4.821950996270294 -4.8152565756229455 -4.8070527815837396 -4.7616866944239966 -4.7308455269382872 -4.7191067301742438 -4.707273222771752 -4.7099646290324726 -4.6926666911448986
-4.5966353306186241 -4.6018394011171484 -4.6056173846592143 -4.6022975254683711 -4.6178719484956172 -4.6190548703338052 -4.6140860308337235 -4.6146159730227083 -4.6151268682345341 -4.6157707637732877 -4.6166828039853414 -4.6179902523960106 -4.6198235387186388 -4.6160400743565226 -4.6245390492121299 -4.6290168421043703 -4.6314708013130552 -4.6392072823417729 -4.649716740484001 -4.6620694620495984 -4.6769798350005383 -4.6965120644933975 -4.7143142327804677 -4.730817885392848 -4.7437507138416013 -4.750221216432772 -4.7569842618565268 -4.7542261969973953 -4.7593705940205027 -4.7607645607483846 -4.7687491867616778 -4.7891064641978147 -4.8049279893398209 -4.8127491683135597 -4.8088451478950809 -4.8034311590036332 -4.7379270819576416 -4.7270589011956634 -4.7154416610458814 -4.7120571342226825 -4.6999732862246164 -4.6917478915576147
-4.6138227437511148 -4.6173207250761532 -4.6193931256975524 -4.6203592241218505 -4.6195035873912325 -4.6283000784117911 -4.6277949706332544 -4.62139751796329 -4.6209287085599176 -4.6207277929404791 -4.6209174399588795 -4.6216111185332824 -4.6229239406998435 -4.63041877293431 -4.6267521732588595 -4.6271632310541806 -4.6326251046747746 -4.6396327238118884 -4.6490464774306144 -4.6596457434921099 -4.6748026158456417 -4.6882642710310556 -4.7019907376988739 -4.7145771283759945 -4.725161726649751 -4.7375626296988722 -4.7403835279565429 -4.7400017679899769 -4.7539746007469041 -4.7557701663862506 -4.7783815049157967 -4.7967402905621022 -4.7963048324496391 -4.8065082028957384 -4.7876667987252288 -4.7816460225282356 -4.7331689451783898 -4.7286752428317929 -4.71920593024754 -4.707076925250453 -4.6984544710915532 -4.6881375231246167
-4.6339806634044693 -4.6355213192142637 -4.6375122520701684 -4.6335140244308421 -4.6318825686363034 -4.6288665532000675 -4.6361360802227107 -4.6343061784014674 -4.626842144508136 -4.6257033840981805 -4.6250906000498286 -4.6250944991674183 -4.6258050513961138 -4.6329018265057709 -4.6314347608744395 -4.6348835096749532 -4.6330131144254718 -4.6398121479085166 -4.6473041163487192 -4.656189735137918 -4.6692802170471026 -4.6800309710672359 -4.6908431428180002 -4.7015232279177006 -4.7143895417511672 -4.7227033144540016 -4.7233067023082498 -4.7401023394993027 -4.7428281409075108 -4.7679070693870758 -4.7698343116772639 -4.7900352665662851 -4.7807285150399963 -4.7861251496590631 -4.7827077826063364 -4.7747304990474193 -4.7791009576185441 -4.7257173253681231 -4.713885826835492 -4.7050879568711972 -4.6944429191320438 -4.6856173350016785
-4.6384359971241764 -4.6387202610198006 -4.6520171820961025 -4.6487874122665742 -4.6450764716323834 -4.640068831501222 -4.6353352331944055 -4.6267505049259379 -4.6387667403523736 -4.6306171467444042 -4.6291343179056312 -4.6283858002618654 -4.6342002506155158 -4.6310744294284198 -4.6328735020761327 -4.6356689325953626 -4.6403989307536477 -4.645378950627947 -4.6449261476279116 -4.6555108513258494 -4.6636376821195862 -4.6722882668972368 -4.6817260685537532 -4.6948643048357006 -4.7042079335304212 -4.710103778807551 -4.7190946755013439 -4.729269922532815 -4.7571623891985624 -4.7561307219392388 -4.7575323245039147 -4.7700934595460005 -4.7733467577980715 -4.7793331474220597 -4.7766684283834531 -4.7824335780260343 -4.7768567848360961 -4.7205875020387538 -4.7117376849424986 -4.7008444137833312 -4.691583141043731 -4.6841109380928589
-4.6616191787041608 -4.6576301985085227 -4.6536478002332036 -4.6474207518843347 -4.6410142031652164 -4.6516814204386225 -4.6462345917200727 -4.6402940964652579 -4.6296843044963767 -4.641450956841128 -4.6329744925956415 -4.6373440719781867 -4.6325677899969593 -4.6327889449518338 -4.6339335530173695 -4.6360323635317702 -4.6399990543526082 -4.6440476779704571 -4.652676288418153 -4.6584586563949655 -4.6649162917913332 -4.6660132518927675 -4.6784842974620533 -4.6852039974666582 -4.7028889621750665 -4.707195786882088 -4.7171078040032421 -4.7361055237916805 -4.7400046122170636 -4.740255252868943 -4.7379876939249437 -4.7620750476858671 -4.7765841130131976 -4.7862727464936645 -4.7851985374898796 -4.7811286415458021 -4.7738378099207157 -4.7187458475812099 -4.7075273484504265 -4.6977691470398426 -4.6897298220393608 -4.6824443382381169
-4.7025053020401115 -4.6796338479194235 -4.6707008200751279 -4.6628348800432526 -4.6536726506899404 -4.6451684639488775 -4.6375720649490662 -4.6310061219540009 -4.6247237741191149 -4.6367866640613524 -4.6345505545197856 -4.6437949479820579 -4.6377769829202764 -4.6341792790026064 -4.634659172089048 -4.63698299504592 -4.6392815988952272 -4.6462617293791837 -4.6502013059392553 -4.6548573767779828 -4.6610723444851949 -4.6726258627410742 -4.6675497706975824 -4.6859225737875114 -4.6974656029531134 -4.6875099238287454 -4.7219508643480719 -4.7253181830361246 -4.7227869153394222 -4.7271694410230767 -4.7537033261047599 -4.7665836190131046 -4.7834115737586336 -4.7861987204556637 -4.7840943169386581 -4.7794434930073981 -4.7717003743244026 -4.7148157378986379 -4.704319984476145 -4.695572255941916 -4.6876531024021508 -4.6805639414703801
-4.7250601442867453 -4.7184610834001228 -4.6898296155993808 -4.6767864248984159 -4.6661393125523816 -4.655149705445182 -4.6455353178562495 -4.6373312038146697 -4.6368462009597735 -4.6304139320074942 -4.6212772325517832 -4.6181378568166203 -4.6275177470342115 -4.619960656623622 -4.6206126800974632 -4.6214524673064439 -4.6269734681953913 -4.6294746801547584 -4.6327223657067567 -4.6437471189396522 -4.6480648466633712 -4.6635896974480318 -4.6751088241726135 -4.6828754325811577 -4.6798412426322118 -4.713466993356068 -4.7158922995601209 -4.7200362561684228 -4.7243258652793569 -4.7380174130226989 -4.767655899772679 -4.7725164561254845 -4.7919776029268819 -4.7950142809044802 -4.7961695061581624 -4.7891812528730338 -4.78234625994304 -4.7233653840716565 -4.7143638185800354 -4.7063022387061775 -4.6991217440181821 -4.6776833305586019
-4.7486061720288237 -4.7320599333950684 -4.7194426418849469 -4.7026761488443434 -4.6762290318387896 -4.6643304623537833 -4.652749049936892 -4.6493254599766223 -4.6412986985343041 -4.6298049083521304 -4.6237816379154166 -4.6198919846495459 -4.6171603249340532 -4.6103738333617024 -4.6271916537572455 -4.6246318475453005 -4.6256455577818656 -4.6274243023400121 -4.6372914579694129 -4.6517346891150497 -4.6562907072734285 -4.6590495989357681 -4.6661684181796508 -4.6702298347014537 -4.6904162578046309 -4.705633245646089 -4.7094915845493688 -4.7234461918734567 -4.7274866860346085 -4.7318670206287621 -4.7631545602523992 -4.7660790990095006 -4.7866977246713818 -4.7908367961152667 -4.7930929215394729 -4.7865179766876995 -4.7792692224851594 -4.7194811570230311 -4.7108656152639004 -4.7032109409441967 -4.6816476834141456 -4.6926786965468068
-4.7976646711104056 -4.7589658189358568 -4.7286614125851338 -4.7131078677717406 -4.694858317307034 -4.6792153511303143 -4.6596713389928945 -4.6434669372760684 -4.6342413750448932 -4.6267614514250228 -4.6208274582192814 -4.6155066204389694 -4.6127868301932473 -4.6105603094706797 -4.6133272303029704 -4.6115138815040631 -4.633875762961936 -4.636992576736306 -4.6468931552565254 -4.6490644607423945 -4.6516927529088834 -4.6591142707040003 -4.6579093893563828 -4.6858036954351467 -4.7075506312723112 -4.7107630525226885 -4.714123929949289 -4.7176743868541902 -4.7214760096368718 -4.7539428247005837 -4.7559514681718982 -4.7588709618806213 -4.7796765314223952 -4.7831705744155268 -4.7834942976526875 -4.7798114909797889 -4.7743946796527812 -4.7006530793910848 -4.6924362102945407 -4.6925428824488691 -4.695533959206081 -4.7354718731285761
-4.8284587335218392 -4.7929103290642789 -4.7496597496478117 -4.7307699093716424 -4.7169555632285487 -4.699806096436637 -4.6723715058599469 -4.6602851148948563 -4.6234460380805151 -4.6254077813291463 -4.6188513057361122 -4.6143379896342775 -4.6105044356721141 -4.6228675902396068 -4.6289839861450348 -4.6358043530659119 -4.6384939204988553 -4.6390141369321167 -4.6379727553863157 -4.652190016872698 -4.6541873728489715 -4.6880114739412129 -4.689377799344598 -4.6876777087035624 -4.7032150287772856 -4.706033207385282 -4.7090289369367424 -4.7121627801605008 -4.7132336417923479 -4.7456272115601301 -4.7488758762311019 -4.7522549754305601 -4.7732848581156322 -4.7749635369278582 -4.7748172064322869 -4.7612488338615071 -4.7570702935620091 -4.7598867254801016 -4.694395046111941 -4.7451494071075411 -4.7370090918579413 -4.7332643259894338
-4.8564952219323549 -4.819731708200071 -4.7804987584937075 -4.7381937084208188 -4.717004196989536 -4.6986639333824298 -4.6834096012795676 -4.6830904545197818 -4.6816243644228139 -4.6727370264811583 -4.6675748286332119 -4.6320544468892688 -4.6436409987704774 -4.6488579070178728 -4.6506724800073282 -4.6440735712035988 -4.643492180889762 -4.6435542498615181 -4.6441818946032445 -4.6453025340162144 -4.680586373054699 -4.6726149179404537 -4.6766611956367559 -4.6970340670390032 -4.6992745224382171 -4.7016389490538701 -4.7017470459685402 -4.7027729485269809 -4.7379261261571823 -4.7405149167838765 -4.7431406398398561 -4.7649975503336055 -4.7549609451716375 -4.756003226637187 -4.7556882138165859 -4.7613363621125 -4.7991984541558628 -4.7969137688131376 -4.7454748477999784 -4.7377474155405563 -4.7495331712007713 -4.7168952193697509
-4.8759564413433489 -4.8437385009392884 -4.8100223423888648 -4.778795186654861 -4.7485886000955375 -4.7177144769874744 -4.7025762058035454 -4.6900050359949574 -4.6811689576086133 -4.6726667714406354 -4.665762980185054 -4.6744550015632331 -4.6701544450439005 -4.6668668958138033 -4.6346461928399343 -4.6330579861426031 -4.6307508302952254 -4.6418981897995177 -4.6716417154339336 -4.6773958129178608 -4.6783029978611133 -4.678444163487443 -4.6893748982934778 -4.6880824613048961 -4.6879250296364781 -4.6783218926867516 -4.6666266866568566 -4.6693771752283846 -4.7054807193142079 -4.7233429220259016 -4.7255588671902746 -4.7472108346044246 -4.7485099531526869 -4.8104874606508288 -4.8065422579829269 -4.7884803977553947 -4.7869523218389762 -4.7976391081015866 -4.723953301890055 -4.7206237703182641 -4.7173966245276073 -4.7143615022310286
