codes_flopy/data/T&K/Benoit/Log_Plio_profCrepines_100_125m.grd
ncols 85
nrows 89
xllcorner 663750
yllcorner 6152250
cellsize 500
nodata_value 1.7014100000000001E+038
[rows 57 to 75 of 89, columns 42 to 83 of 85]
-4.5342020214882366 -4.5274803630280562 -4.5297746604716718 -4.5323604534584652 -4.5411915595567827 -4.5468812769281008 -4.5502984739387191 -4.5567738375566904 -4.5630490142184907 -4.5687171751335303 -4.5734946635518439 -4.5688165551736173 -4.572362226746356 -4.5756035540767712 -4.5787806043951358 -4.5817286400767383 -4.5838295580737265 -4.5867013317116427 -4.5844935381885028 -4.5802665932444846 -4.5817445802404002 -4.621361127744759 -4.6734796750242342 -4.7189165145161738 -4.7507951271158069 -4.7673908262833953 -4.7742464700467453 -4.7875411953899674 -4.8102320430990178 -4.8292479904224761 -4.8332513581888445 -4.8273858964871916 -4.8149677367512087 -4.7971499833277367 -4.7724463870709597 -4.7513441072362745 -4.7303108288558935 -4.7110612885927141 -4.7066026386040027 -4.6995682134321957 -4.630873433853802 -4.6147359794281417
-4.5430472652777336 -4.5475385869638059 -4.5503614979027871 -4.5440590448517728 -4.5465473964881751 -4.554986748594688 -4.5594395275468615 -4.5639507645403903 -4.5653111415984977 -4.5691955720790283 -4.5629629149622914 -4.5658832287103488 -4.5682579360514328 -4.5701902014954481 -4.5716904745378768 -4.572554459452606 -4.5723473148697948 -4.5732379483291279 -4.5688536783354072 -4.5622746051032879 -4.5592615242059091 -4.605060900825042 -4.664256372212102 -4.719994090342249 -4.7617325989032198 -4.7749684383809239 -4.7616094569807927 -4.7701733486174955 -4.796922439891917 -4.8207906547911268 -4.8363828667236577 -4.8421165487026876 -4.8379086125890121 -4.8197663091073846 -4.7917690654203184 -4.7643447276091671 -4.7412527175768933 -4.7174810734616379 -4.7202132662181322 -4.686886919182518 -4.635983339095187 -4.6166729096666277
-4.5511060539071053 -4.5476976136086016 -4.5603104444034486 -4.5633797985083318 -4.5561277683948882 -4.5590082431823964 -4.5654330448952498 -4.5683784551307385 -4.5711056410992814 -4.5734663679105338 -4.5623264965916146 -4.564064701625794 -4.5653646227164675 -4.5662320148960962 -4.5666257670134653 -4.5664239136208709 -4.5689122215789215 -4.5668019166131764 -4.5625772872465991 -4.5631287189771452 -4.5751544575872245 -4.611084073450181 -4.6662557032311955 -4.7317866011923222 -4.7954079886008891 -4.8158421314757458 -4.7740367524675431 -4.7690980880958378 -4.7911186308769773 -4.8137421753384597 -4.8351375910293086 -4.8540402937339326 -4.8636239330316826 -4.841704276784462 -4.8043919998994298 -4.7723957522363794 -4.7467835066838715 -4.7288178987192744 -4.7079219931978429 -4.6901133239881343 -4.6746571259192295 -4.6365363851378403
-4.5557164698387602 -4.5633503554614592 -4.5591746131838686 -4.5615854313459643 -4.5748573811702276 -4.5770025899430218 -4.5678427102975734 -4.5743170773693489 -4.5744595761090237 -4.57556913750809 -4.5657685606870206 -4.5663944037024065 -4.5637321973501317 -4.5604347876166242 -4.5603746248993833 -4.560034102866334 -4.5633199918323326 -4.5627447099821676 -4.5636950444965736 -4.5691486437232038 -4.5843979555404202 -4.6146212292651709 -4.6619891211875659 -4.731926398588099 -4.8326003844682823 -4.8974715005425002 -4.8205799135438028 -4.7858255057873738 -4.788988198998438 -4.806118873777419 -4.8276885474136453 -4.8520066216382203 -4.8768892023308785 -4.8460743348617132 -4.8057456470454465 -4.7750317167135128 -4.7542989705733252 -4.7159562017940928 -4.708876372585979 -4.690114978022569 -4.6755412208942877 -4.6368083071758122
-4.5639332447924161 -4.5693823483816312 -4.5729645273516892 -4.5668561599029722 -4.5681455500700361 -4.5812228770339818 -4.5820068243881469 -4.5825017613943473 -4.5827369357063699 -4.5645345717263055 -4.564482796199048 -4.5630388600930827 -4.5627117497673702 -4.562257435784141 -4.5588173619996946 -4.562921413131555 -4.562645327908406 -4.5633088249120348 -4.5661434901010765 -4.5732108687446029 -4.5871135104432064 -4.6097558489548582 -4.6417359282235395 -4.690812297977593 -4.7870883226584544 -4.84419670041326 -4.7908106185625483 -4.7748150117193502 -4.7787999696910859 -4.7927997057832812 -4.8107283396096872 -4.829555056138414 -4.8373404535036899 -4.8233220423853815 -4.7943196591858319 -4.7743535305841611 -4.7378722109993801 -4.7135056884203923 -4.708510975094125 -4.691237579585132 -4.6931930294551476 -4.6375970835960096
-4.5780591718213293 -4.5797684585647866 -4.5831245156035223 -4.5849556173513539 -4.5767300797612362 -4.5765996876051558 -4.5760841760586004 -4.5882352423508994 -4.5873773088241929 -4.574299336789422 -4.5783832359698682 -4.5771774496195849 -4.5645015793723154 -4.5635796204466503 -4.5616428709181012 -4.5661330167310101 -4.5661627949481476 -4.5674178488199182 -4.568369490416873 -4.5753405142766033 -4.586742647439058 -4.602780678173283 -4.6220431606408701 -4.6482581795058255 -4.7118710392667786 -4.7510915623187842 -4.7461126743640074 -4.7508861557826414 -4.7609931294518697 -4.7743427869517108 -4.7895071698258658 -4.8010709913651191 -4.8046354898126777 -4.7998174117345256 -4.7734867577040658 -4.751407982636203 -4.7304118689405579 -4.7087007999668717 -4.7063892103270808 -4.707402404364105 -4.7068321091646377 -4.7007532031153492
-4.5912546159596754 -4.5964170263888082 -4.5948301249864869 -4.5957508796217397 -4.5954864444642158 -4.5944341759306813 -4.5832411543329545 -4.5813064089929725 -4.5662013256436946 -4.5781497242618805 -4.5761961531589392 -4.5743483303543604 -4.5778155680175567 -4.5762093338865384 -4.5807237747286891 -4.568573090989025 -4.5688461017235049 -4.5704244711190132 -4.5739248153797485 -4.5790716889456196 -4.5910705646207521 -4.6033546588318863 -4.6194795961401001 -4.6433491725901535 -4.6769511402381765 -4.7054613340942986 -4.7191770816096072 -4.7297664490027422 -4.7420023992203362 -4.7554250995945786 -4.766990081381242 -4.7749390124749382 -4.781948320820641 -4.7666928902341699 -4.7558863957643167 -4.7389206399467305 -4.7308680182816767 -4.7213328602474656 -4.7295965980369044 -4.7290827786209686 -4.7364383969891097 -4.7369041736920563
-4.6029402405730382 -4.6114716561118536 -4.613015522255675 -4.6080569912281337 -4.60640191721411 -4.6039557617652829 -4.6010570937310131 -4.5879522175077749 -4.5713078670468992 -4.5682367171026126 -4.5654603473219364 -4.563037044937591 -4.5749391270203086 -4.5793353524200135 -4.5830144392167016 -4.5820211984804091 -4.5819163285959403 -4.5872489844680517 -4.5897928542493407 -4.5944112500452734 -4.6014973347549892 -4.6140594476479082 -4.6201043410326204 -4.6374850512770927 -4.6608680115219716 -4.6824466012741963 -4.6989114507992893 -4.7123053337783603 -4.7268903603750569 -4.7444782993349639 -4.7555431935119721 -4.7594203785195015 -4.7635959791651779 -4.7594461908636809 -4.7536262968015945 -4.7418974736366089 -4.7305334750409216 -4.7276754507420549 -4.7385435318397615 -4.7542085983996998 -4.7446627516628581 -4.7359320509784846
-4.6224350205792115 -4.6242659856664732 -4.6237305020680806 -4.6268999197608327 -4.6186451529248354 -4.6144998528654728 -4.6100238896385379 -4.5919963294741022 -4.577008842632754 -4.5728016040571946 -4.5690648026480112 -4.5658581079571814 -4.563237171259888 -4.5674560701131144 -4.5707886198359837 -4.5841034538826531 -4.5891224859307815 -4.5900616428849332 -4.5925018621963005 -4.5967646892591096 -4.6031781137240522 -4.6150706020531649 -4.6244072366941227 -4.6394197225151643 -4.6565732072470611 -4.6735931478325972 -4.6907645671969886 -4.7053242570182814 -4.7179630476522805 -4.7261336934218727 -4.7358011269330316 -4.7444300417086476 -4.7484277112447284 -4.7454411407368351 -4.742149288014935 -4.7327640443712014 -4.72382548594714 -4.7425169566562371 -4.7556760412903403 -4.7519161465147066 -4.7429671136988087 -4.7149337297974414
-4.6485440492946211 -4.6481471795294853 -4.645340729432661 -4.6372785040994051 -4.6315860142865279 -4.6260637474095896 -4.6197510661242438 -4.5998359559104252 -4.5990127664856404 -4.5826032745418761 -4.577852877743716 -4.5738004005501276 -4.5772750902299837 -4.5746555362109538 -4.5728681822388335 -4.5720208645173974 -4.5722604527362263 -4.5737714185966141 -4.5767665828690127 -4.5987268639381496 -4.6079853001903688 -4.6156877767256601 -4.6230312282262371 -4.6353685091652892 -4.6492262699898248 -4.6659494224466886 -4.6809662022213541 -4.6896448653926228 -4.7020201251131581 -4.7134875219026453 -4.7231124432401117 -4.7335545077603616 -4.7374877046427226 -4.7382099505096695 -4.7344427635140631 -4.7412260891865339 -4.7388565973683372 -4.7395143489068028 -4.7456376620389218 -4.7359422433698182 -4.717066139231874 -4.7041387627091593
-4.6837118614083062 -4.6765805680453392 -4.6709086327724467 -4.6636365385939884 -4.6555122308295918 -4.6471200070463023 -4.6203752622370455 -4.6067419281550652 -4.6058786848248712 -4.599259841296794 -4.5934729586489329 -4.5842802915312904 -4.5802460396220441 -4.5771219081355081 -4.5749503453908078 -4.5738005003121156 -4.5737712459386426 -4.5749891998647918 -4.5776016676549443 -4.5856673765310241 -4.5913725810423811 -4.5954970859020872 -4.6123225084708137 -4.6260572205205968 -4.637957391857694 -4.6449148752410112 -4.6592121098427466 -4.6718432610548302 -4.6840772947025444 -4.6951463435299265 -4.7064407143037492 -4.7173237634914003 -4.7230730022688228 -4.7367040666640561 -4.7353870215063427 -4.733996827986231 -4.7364422132830484 -4.7419852944268426 -4.7385616302407891 -4.7247079568628347 -4.7151333776267901 -4.6975121891957698
-4.7143198599935836 -4.7074821432645777 -4.6938008997680569 -4.6829198367672067 -4.6715670183636577 -4.6603808445222876 -4.6351873174418223 -4.62515702571545 -4.6101322233733448 -4.6021542284131192 -4.5912522031137861 -4.5998954126253961 -4.5951230855172405 -4.5795301257510799 -4.5769281507499429 -4.5754182483455939 -4.5750553637000007 -4.5759169098538619 -4.5780962863745831 -4.5858296651691006 -4.587002546321953 -4.5971681028454636 -4.5923054984846789 -4.6074242439387305 -4.6182529897312312 -4.6313934636945309 -4.6506648291626416 -4.6626171827733023 -4.6774127077726249 -4.6895498130699913 -4.7033227702523304 -4.722133910911074 -4.7284660900552833 -4.736573068554419 -4.7349632434717268 -4.7416150456904873 -4.7358520957753516 -4.7359649046821408 -4.7334766579098417 -4.7226190800012233 -4.6993963404889216 -4.7219858345848129
-4.7500053673346212 -4.7370310920081158 -4.722934717922322 -4.7033401467719935 -4.6882420317383691 -4.6594841595571683 -4.6459547064271653 -4.6338124239794904 -4.623107221930872 -4.6138164962015713 -4.6075551378377293 -4.600908445908007 -4.5954738119162961 -4.591199696795023 -4.5755024734964422 -4.5736388475470147 -4.5802082414351526 -4.5805975444262685 -4.5718513256353868 -4.5739361108231344 -4.5852384879732675 -4.5909899763070348 -4.5978436941521608 -4.6061633028085547 -4.6173607810047743 -4.6275599283577922 -4.6384563840578688 -4.6499276003953884 -4.6725001920905687 -4.6860865452284077 -4.6948974310306308 -4.7065278097276604 -4.7177670861170871 -4.7310353131880296 -4.7458422507926059 -4.7400838958015461 -4.737744365236674 -4.7213598738703819 -4.7196540817008046 -4.6881862499149918 -4.7150589385943134 -4.7233209525177307
-4.7783943697272875 -4.7566623581444665 -4.7463936277777972 -4.7261945620695736 -4.6876645440095821 -4.6568176195822151 -4.6401672950644581 -4.6420728944038405 -4.6296728100228712 -4.6273348948414519 -4.6008648140973483 -4.5869456634937187 -4.580862633820086 -4.5761264705904772 -4.5726645582152763 -4.5704301397040732 -4.5569645156627754 -4.5729903556850529 -4.5695351705146781 -4.5721789890676785 -4.5760657497414714 -4.5808367454600774 -4.5871695832284844 -4.5946338464118828 -4.6186723333537003 -4.6276478832353378 -4.6385138936662669 -4.6483652263113235 -4.6614205463223497 -4.6748378539223285 -4.687865709219345 -4.7010212350284402 -4.7198084637896258 -4.7485108349612464 -4.7546363245933962 -4.7427949843150072 -4.7332764853324711 -4.7068748385528405 -4.6974460258329795 -4.6848183599536588 -4.7362102821788117 -4.7292478754093406
-4.8254532827455634 -4.7928728079141951 -4.7655009900993148 -4.7463792403631784 -4.7082306189066276 -4.6815608993300417 -4.6625666292448269 -4.6461497136646006 -4.6404543838502992 -4.6286521050851421 -4.618740265994127 -4.6190496456259336 -4.6123712487532931 -4.5838146796086869 -4.585582337459174 -4.5828519051175203 -4.6034811404967275 -4.5980572838095419 -4.5985516018247132 -4.5866058214187966 -4.5895509985119061 -4.5934307202320603 -4.598568935520464 -4.607015465684686 -4.6141238275392613 -4.6233127340946432 -4.6314134143213757 -4.643049550670824 -4.6535666304701984 -4.6656446939505933 -4.6812416731672863 -4.6962468079899162 -4.7269339819343852 -4.7431838949887055 -4.7522220216504545 -4.7296640298717767 -4.7123900320841283 -4.6960054501575446 -4.6870864032306008 -4.7403286651978291 -4.7333036642499078 -4.7243023628060357
-4.8685758366211491 -4.8324640921801612 -4.7960464578001636 -4.7498373480768894 -4.7172963138142574 -4.7047624430105284 -4.6783021346118785 -4.6689343662382168 -4.6538030869892903 -4.6410604041879022 -4.6304110741237423 -4.6285731900261187 -4.6214104396553175 -4.6156852531661929 -4.6112643351631322 -4.6063391436783778 -4.5993292273351667 -4.5983883168532529 -4.5985073196597437 -4.5996632852657111 -4.6018362826009973 -4.5912912653701543 -4.5981222754606685 -4.6034431435880929 -4.6109281793034445 -4.6171692046106401 -4.6271550084962945 -4.6357897135017279 -4.6459081148055033 -4.6608660436521809 -4.671199341235039 -4.701773473712656 -4.713906074908552 -4.7211003523706125 -4.7128237084095019 -4.7116477760094835 -4.696319816110238 -4.6829484723266264 -4.7438526335582845 -4.7362795476167774 -4.7275428147233978 -4.7213843898617087
-4.8995479509291933 -4.8559548335228371 -4.8025500389079223 -4.7652499972100832 -4.7344912183535977 -4.7062003993727739 -4.7053753164466201 -4.6804410504027096 -4.6644057673064223 -4.6509723073437215 -4.639782944454871 -4.6305390895357705 -4.6229950705164162 -4.6169519376366051 -4.6183868380912179 -4.6098220188456382 -4.6074611268624794 -4.6061550100480826 -4.5981672575623103 -4.5989173464302606 -4.6006178672395954 -4.6060354744608416 -4.6095094640364174 -4.6152720260362354 -4.6204269402371629 -4.6137765824656372 -4.6196379690232057 -4.6321731624556541 -4.6422317172452843 -4.6536534292656713 -4.6743145956606211 -4.6812175915250052 -4.6784753615765835 -4.6804944532741466 -4.6847501373906759 -4.6914026945025791 -4.6880473905899231 -4.7449675100338107 -4.7381358641609026 -4.7297464233537996 -4.7236744492925293 -4.7161855547908207
-4.9240830438525611 -4.8541974454218462 -4.805936676109841 -4.7707718458376078 -4.736639123362365 -4.7262205682431802 -4.7025775460409402 -4.6775852446831445 -4.6729153680115809 -4.6528237504845746 -4.6412710771025507 -4.6317335380255482 -4.6239434509331705 -4.6239262402580392 -4.6138523645985661 -4.6101626834083929 -4.6075804993767964 -4.6060227184155478 -4.6055306665584244 -4.6058440966033114 -4.6101097581270185 -4.605729364056101 -4.6086083955010144 -4.6120121828220766 -4.6168352346620321 -4.6219853771807635 -4.6265665097976374 -4.6374966402932234 -4.6425287358332277 -4.6651672378776192 -4.6659826631395003 -4.6493086703841726 -4.656217029525477 -4.6606624027573957 -4.6702651740361603 -4.6946194347243742 -4.6865121453518528 -4.7353872806257122 -4.7299126502660576 -4.7480416044671037 -4.7436982646110391 -4.7388718796067195
-4.9099098250975519 -4.8553075353549726 -4.8070072930321794 -4.7745218021014768 -4.7403684819234631 -4.71158216268143 -4.6875388352426874 -4.6736650866880405 -4.6567304470961162 -4.6524570347315386 -4.6342905548083397 -4.640791913889772 -4.632946323180767 -4.6224270350546863 -4.6139369235931849 -4.6101085481060791 -4.6073579240014162 -4.6057011715383833 -4.6048494589217022 -4.6097022983553053 -4.6074615883234031 -4.6033955666276416 -4.607986584317457 -4.6136683037339861 -4.6191063965824837 -4.6119350713434724 -4.6203532102899061 -4.6312148197630671 -4.642561882282914 -4.6396816857216896 -4.6458803881350779 -4.6516446747939719 -4.662758923662162 -4.6694171564670413 -4.6980882611307164 -4.6963751016880444 -4.7342578495430114 -4.7506579491592493 -4.7456049998733505 -4.7429512739422881 -4.7393241962535644 -4.7358777579829239
