codes_flopy/data/T&K/Benoit/Log_Plio_profCrepines_000_50m.grd
ncols 85
nrows 89
xllcorner 663750
yllcorner 6152250
cellsize 500
nodata_value 1.7014100000000001E+038
[rows 19 to 37 of 89, columns 42 to 83 of 85]
-4.1852051190514317 -4.2184934263033034 -4.2442324833667939 -4.2422650384402321 -4.2278566254000856 -4.2129522365628072 -4.2001843119851419 -4.1789430403060468 -4.1725690056671336 -4.1807572862539253 -4.2070300102511666 -4.2247584041275417 -4.2291699251139168 -4.2111986797782741 -4.1828616789088455 -4.1259404422808075 -4.0866628149794071 -4.0178445511439085 -3.973271715564938 -3.9257906463114529 -3.8700058412290987 -3.8104301875473912 -3.7404862215433061 -3.6567262056007488 -3.5557960491417884 -3.4355617579628781 -3.2998973639908122 -3.1491839884443795 -2.9969654755817237 -2.8899673471659506 -2.99889061873861 -3.1658516387492339 -3.2924022858771527 -3.3912921664464655 -3.4672879655026057 -3.5298262552152817 -3.5795425630022057 -3.6126690952636755 -3.6532409336126461 -3.6919377868531829 -3.7283200064426816 -3.7617206176363145
-4.2113449768710129 -4.2579146647353827 -4.2920810745563553 -4.2823341315448085 -4.2545634910827363 -4.2375800205863978 -4.226318794827062 -4.2172452252923645 -4.2021090194870627 -4.2100125234792234 -4.2713750206652756 -4.3021125869458814 -4.2950107760242986 -4.2492332172639919 -4.2059931467617417 -4.1593344588773515 -4.1117135722869591 -4.063849210880714 -3.9870768750487677 -3.9356877927148477 -3.8770619161200788 -3.8153322465632833 -3.7436641485371456 -3.6582557627245045 -3.5553496272112874 -3.4328160705789212 -3.2975450456583628 -3.1682041850803273 -3.0925996448229336 -3.101610123031989 -3.2181567570636087 -3.3062078186235544 -3.3831319307093053 -3.4521706930137634 -3.5089365270690016 -3.5590346126018417 -3.6003391369272193 -3.6387835988347099 -3.6687440706204066 -3.6955625843744508 -3.7292559822910594 -3.7609845347374957
-4.2297350874739514 -4.2720788671471635 -4.3255190898200286 -4.2947670260706303 -4.2715869987241479 -4.2600995913349475 -4.2566861841151908 -4.2620131721408026 -4.2673618112200753 -4.3010722085806226 -4.3663032703298512 -4.4016856338969639 -4.3662034854944025 -4.3116153099028107 -4.2533388227095958 -4.1947802040733118 -4.1377967720177615 -4.0829376494359213 -4.0294655861855615 -3.9473454853694778 -3.8872217233606108 -3.8253395663375005 -3.7548160931139067 -3.6717449972567415 -3.5719749230816809 -3.4518144120966983 -3.3112384430618245 -3.1772717514550379 -3.1693873496244338 -3.2517225435489854 -3.3488872637369145 -3.423312657353371 -3.4741656618203809 -3.5145440189264052 -3.548059142271172 -3.5776210824528212 -3.6113219286891778 -3.6413905978072583 -3.6740278012327643 -3.699856666633476 -3.7237238036848943 -3.7555326495532224
-4.224647977201875 -4.2595986711981499 -4.2897943253899165 -4.2900874884718707 -4.2791367548844637 -4.2816262168126489 -4.2904539411021805 -4.3091673367720071 -4.3397667687006507 -4.3859107197187797 -4.4516483255081738 -4.4962356010897873 -4.4395105009052873 -4.3716088617626898 -4.3001404644325731 -4.2293336060097619 -4.1625300331478083 -4.1007409242039081 -4.0430228460504445 -3.9872397992861179 -3.9306092677296176 -3.8395659382871363 -3.7977175638524545 -3.7192841780518497 -3.6265728902706158 -3.5162230388870706 -3.3763032782076379 -3.2409998595365255 -3.2849548601714869 -3.401010513296757 -3.4869382292109554 -3.5363209460513216 -3.5588865599821116 -3.5698199988455386 -3.5777690476911079 -3.587653870642237 -3.60802080779419 -3.6309240690823286 -3.6604099011406133 -3.6944676735336537 -3.7205677360260303 -3.7552610763869931
-4.2116996820547072 -4.2379118588558784 -4.2594052162915901 -4.2705148138030316 -4.2819824255894083 -4.2937005956126244 -4.3158512764087229 -4.3505970044449169 -4.3934539398557861 -4.446300750498704 -4.4975248314183061 -4.5210767486793451 -4.4925939887761155 -4.4263822713926553 -4.3563257068296961 -4.2758198636149256 -4.2017845403883545 -4.1358397144844385 -4.0765184434465578 -4.021092819481531 -3.9664430198639131 -3.9079298624597585 -3.8209583654342909 -3.753289339550955 -3.6773129534170743 -3.5938365609694882 -3.5106564825147064 -3.4589849920033959 -3.4953636079011399 -3.5882846336325076 -3.6513328706320936 -3.6599459861138284 -3.6447242634445738 -3.6245021994773383 -3.5919246984307476 -3.5798852925609137 -3.5858659048131729 -3.6021406447428399 -3.6312258324702098 -3.6686540100890959 -3.7094722669803453 -3.7418867570244481
-4.1967940790818474 -4.2177789188739174 -4.2452253302356135 -4.2604948343665265 -4.27632438475068 -4.2982238960906116 -4.3312625337326391 -4.3719577927888391 -4.438974628124468 -4.4982553176691775 -4.5381558691564088 -4.5676331741469127 -4.5587688342304737 -4.4899128328873186 -4.3912902643766181 -4.2953000617077306 -4.2121036308324467 -4.1418686799082014 -4.0816670329167337 -4.0278418311454649 -3.9768692316694674 -3.9257229218146161 -3.87067925595976 -3.7908541606845647 -3.7334607404036824 -3.6779900814475677 -3.6353725779596848 -3.6267141176677407 -3.6746165791474921 -3.7766876887201342 -3.8264128824387331 -3.7639354898423356 -3.7037844513135134 -3.6482381304807516 -3.5996603645782921 -3.5653383540744596 -3.5537243073817146 -3.5509792511544762 -3.5846721949470313 -3.6308444652749028 -3.6809381304183955 -3.7291827817549952
-4.1826347756161635 -4.2113894725225123 -4.2285912070820384 -4.2464281199692664 -4.2671707053354098 -4.2787310139234389 -4.3198519593852938 -4.3852799090615981 -4.4587931497979554 -4.5205042904068469 -4.5550317759815417 -4.6094190537720401 -4.642247151065682 -4.5379153474391556 -4.40672543546175 -4.2964725263218817 -4.2080780006731864 -4.1373938372365231 -4.0794911681980928 -4.0297257091264065 -3.984204054390049 -3.9400106194320168 -3.8939656580288498 -3.8487449870413828 -3.7844395537781779 -3.7495869945025406 -3.7302901131063155 -3.7381994563052219 -3.7824493516634101 -3.8519041597044974 -3.889128396131432 -3.8169615910566419 -3.735340409632339 -3.650738368664717 -3.568018315210316 -3.5021502814160148 -3.472790003323682 -3.4942653665359877 -3.5448824506425884 -3.6111893992410256 -3.6470173595245692 -3.7062974104679212
-4.18240566008717 -4.1976751829192089 -4.2142167637353563 -4.2327305580410757 -4.2339095264960509 -4.2807430815172882 -4.3182362107094292 -4.3666515276586004 -4.4238451715333786 -4.4770562623382535 -4.5257475270765202 -4.5838435100280064 -4.6387608840023953 -4.515344472906448 -4.3787831354553113 -4.2694908168590624 -4.1849426500348343 -4.1198727864202755 -4.0685258299983289 -4.0257108186649821 -3.9873687487000122 -3.9507553426438182 -3.9131014535655995 -3.8775374638367444 -3.8447503916351149 -3.801473589669953 -3.7925910453865597 -3.8032301590355244 -3.8331041239206378 -3.8694973382690296 -3.876639021259173 -3.8294810805507398 -3.7486489482577494 -3.6413191009945471 -3.5168211587543823 -3.4036993983571833 -3.3495049717907097 -3.3821340895735812 -3.462386946465978 -3.5562353557473458 -3.6439920775336159 -3.719179689271801
-4.1716280929174729 -4.1855803597946153 -4.201187392140076 -4.2157610719736791 -4.2372511497236163 -4.2635218958675001 -4.2957793775039086 -4.3340680865657308 -4.375788553897614 -4.4160645817655979 -4.4529057583343095 -4.476463767020995 -4.4735074045250673 -4.4028913513290924 -4.3027396315251529 -4.21220001822212 -4.1415083322743742 -4.0888641921587539 -4.0488063440889821 -4.0159664183250863 -3.9863837366461796 -3.9576291116671385 -3.9286744442606665 -3.8985966473990779 -3.8721690635085411 -3.8518268735498404 -3.8278067531142375 -3.8366123430176771 -3.8576396941056643 -3.8795898929244923 -3.8805183369891685 -3.8445259856679694 -3.7703995891820608 -3.645245884418058 -3.4672488830522017 -3.2718694896414613 -3.1714367187839723 -3.2402523441167768 -3.3795622192487418 -3.5089950258604641 -3.617255917853714 -3.7041192352469317
-4.1618899030232619 -4.201118300991344 -4.1854728075257164 -4.2021805465187985 -4.2214988270788174 -4.2439775903705961 -4.2697528785854413 -4.297966037391352 -4.3262723167415409 -4.3511280563834331 -4.3683086132440359 -4.370539063607632 -4.3363973408272631 -4.2776074636911297 -4.2013505866352325 -4.1317878470857892 -4.0808073293149345 -4.046642923824157 -4.0223874252374703 -4.002215011763834 -3.9825933972253034 -3.9616956400960985 -3.938860893687135 -3.9131537123883691 -3.8889016212725656 -3.8681302623631701 -3.8419708339022156 -3.8485690461300939 -3.8692290526641528 -3.8915803556729571 -3.8974873427121102 -3.881333138061108 -3.826336941989037 -3.7016502400054514 -3.4738249694863921 -3.1559908897840669 -2.9274425452709356 -3.1331252828369625 -3.3349354818556778 -3.4897810456619416 -3.609306526152853 -3.7014689479582836
-4.181264162758918 -4.1609723128195837 -4.1745145882983277 -4.1896300076188977 -4.206471725316403 -4.225003328396796 -4.2447140212579324 -4.2642769590106422 -4.2812939678280983 -4.292246303057647 -4.2923890305490549 -4.2754491622024204 -4.2248918434187015 -4.1628266604624962 -4.0915946494028752 -4.0358517694166087 -4.0082235668962625 -3.9984345519691358 -3.993701217539996 -3.9878346742993105 -3.9785838511104168 -3.9652137978605198 -3.9475468407154208 -3.9244717394673159 -3.8994173875399047 -3.8733617918422905 -3.8528513470745755 -3.8422089501838541 -3.8740214316623667 -3.9082388363778149 -3.9192501343973976 -3.9235337878324321 -3.9244869700714879 -3.8474974662713279 -3.6028430997181733 -3.2725032271380385 -3.0653536825255099 -3.1963205806320429 -3.3720641643082292 -3.5145898278153815 -3.6269433150249069 -3.7144497736405526
-4.1407602831287829 -4.1523409127484125 -4.1650276636769377 -4.1787987547517149 -4.1935199885524428 -4.2087889449433371 -4.223725315153593 -4.23674123541584 -4.2453500833355733 -4.2460473827342344 -4.2342589401856401 -4.2045822876598082 -4.1408727034618424 -4.0670226529142903 -3.9811771574593382 -3.9273298615929555 -3.9328581805992648 -3.9539723192676508 -3.9698105466338269 -3.9775307743366484 -3.9776987377046202 -3.9710845964128563 -3.9580525085427221 -3.9372323833560312 -3.9107604171067751 -3.8770089318389647 -3.8389418480896085 -3.819240310515418 -3.8802368106000324 -3.941494523426214 -3.9322142443791632 -3.9282616320225143 -4.0084635402881483 -4.0925132828804678 -3.7965573460048487 -3.5227592596098782 -3.3738129897805367 -3.3842937124587253 -3.478281309813287 -3.5787360953694982 -3.6681196463682113 -3.7420717906269045
-4.1335128270857799 -4.144978719259953 -4.157270844404616 -4.1702545741550718 -4.1836319134543096 -4.1968064418271229 -4.2087207582902568 -4.2176863372337401 -4.2212362329908135 -4.216031431063886 -4.1978656028066279 -4.1618770727120529 -4.0909985699000604 -4.0081196796721894 -3.8958330849111156 -3.8139231891479533 -3.8819168260549093 -3.9294557097219287 -3.9592978312804701 -3.9761301842825594 -3.9830913203611491 -3.9819873014007641 -3.9735319966493527 -3.9574642362115369 -3.9314175069558255 -3.8952963705418204 -3.8438331243045103 -3.7718102460159963 -3.9502289649147446 -4.0101065160385385 -3.9310619498875763 -3.8421442315953547 -3.870632163082476 -4.0078738173531603 -3.8718846919877734 -3.6969188322706312 -3.587410817396548 -3.5622805069142154 -3.6023842100586352 -3.6613065142162604 -3.723366993137958 -3.7796699164209047
-4.1270781820098836 -4.1389409075500225 -4.1514249996973156 -4.1643651737506646 -4.1774103877592434 -4.1899055815111925 -4.200760588389949 -4.2083192396278335 -4.2102529530878687 -4.2035178605923313 -4.1844391217196382 -4.1490189739094205 -4.0936080509730699 -4.0061501742916876 -3.9173880057907411 -3.8671521304759446 -3.8982704037553386 -3.9383318907299607 -3.9676810919668055 -3.9864392284393468 -3.9965534062848072 -3.9994622376283946 -3.9958080544718158 -3.9854702230308447 -3.966602531270131 -3.9406357315648739 -3.9077720811309886 -3.8898415643619435 -3.990558537094083 -4.0344287608558789 -3.9523080816277973 -3.8030528141952136 -3.7214494781021781 -3.8701340858688833 -3.8705134751571268 -3.7958812170200491 -3.7284609696487863 -3.6991896302623779 -3.7062297478135893 -3.7434466952226857 -3.7821601689566684 -3.8213758851552853
-4.1214393622979788 -4.1342350392766587 -4.1475504106533592 -4.1612732998646322 -4.1750966856911571 -4.1884146187333107 -4.2002138515633067 -4.2089694715672028 -4.2125668623396741 -4.208300253326426 -4.1930484063092397 -4.1638072049218788 -4.1189097206376282 -4.0483832696360054 -3.9908645453500213 -3.9564325435877259 -3.9569233187259512 -3.9742841256195822 -3.9929081964853026 -4.0077000997559491 -4.0178065634821154 -4.0234072641071412 -4.024730545845526 -4.0218966854001454 -4.0141614404279053 -4.0056243750685114 -4.0014842039960437 -4.0184401806801198 -4.0664195721634488 -4.0920609760904583 -4.0488272794025058 -3.9616055052920789 -3.9047966581030842 -3.9172394803645636 -3.9107751292844593 -3.871241491875872 -3.8278235746961697 -3.8011464058999884 -3.7958393855548453 -3.8157601354609265 -3.8372954794911238 -3.8623513608847246
-4.1165747743997674 -4.1308006650760181 -4.1455663049017968 -4.1608937296357684 -4.1766034715347873 -4.1922239417087335 -4.2069011309684381 -4.2193094873744492 -4.2275758147145126 -4.2292632592991763 -4.2215417164142455 -4.2017929756140759 -4.1689924296605945 -4.1120433523508568 -4.0689993212693363 -4.0367651531094921 -4.0221786115880462 -4.0215464374409784 -4.0278356598214042 -4.0363333603197074 -4.0447873647102828 -4.0522821911918872 -4.0585398356685598 -4.0637289129410838 -4.0676735032767919 -4.07527880550884 -4.0907847766389169 -4.1213550909772225 -4.1659708998180776 -4.2049536060858781 -4.2111913613251382 -4.1598163837317923 -4.0850865116550175 -4.0303740788348792 -3.9869656576548147 -3.9439622012902715 -3.9054810525443413 -3.8787354177317495 -3.8664301658101357 -3.8757462198480521 -3.8853542101765393 -3.8996122001625211
-4.1124509808741339 -4.1284924222785957 -4.1452359815910009 -4.1629124548564089 -4.1815391592976807 -4.2008432901912176 -4.2201904067468989 -4.2385078896484512 -4.2541856818093411 -4.2649577860340324 -4.2678687143073404 -4.259638667486799 -4.2379297437241199 -4.1889216419926782 -4.1489032666252887 -4.111453423380528 -4.0843917127529981 -4.069836755404193 -4.0654996742665377 -4.0679798085658998 -4.0746116547585043 -4.0838074814336194 -4.0948409202768925 -4.1076478692938014 -4.1218240401405151 -4.1415368383813682 -4.1691199390627567 -4.209010456221618 -4.2637637171493843 -4.3320139957812556 -4.4004598745054917 -4.365708034298347 -4.2403267199412982 -4.1388981759170047 -4.065527783405976 -4.0102062623776709 -3.9681739373766058 -3.9387422977273729 -3.9214418867468765 -3.9239552014212817 -3.9254135178173075 -3.9317969151735479
-4.1090029192527213 -4.1270562364856733 -4.1461461430485382 -4.166776673141463 -4.1892154816898763 -4.2134288075040844 -4.239035773733935 -4.2652662282672562 -4.2908551525647045 -4.3137622881918212 -4.3306793552973506 -4.3366473288351344 -4.3258258129407441 -4.2948444108922441 -4.2339127001312917 -4.1830521608621751 -4.1409323026149396 -4.1137997583997752 -4.1009418483458049 -4.0989009483541405 -4.1044860693530882 -4.1156609806515707 -4.1313926959030107 -4.1512522106607079 -4.174066486170311 -4.2023089466090546 -4.2361317813857049 -4.2788303789476476 -4.3357253949419512 -4.4137306578989559 -4.5195192243462046 -4.4945082337438862 -4.3344031090928592 -4.2103226832905261 -4.1244734887770633 -4.0619877047886082 -4.0164703660089689 -3.9844334233071135 -3.9636586995077723 -3.9618150421189684 -3.9577930215605051 -3.9586096269739386
-4.106093592620053 -4.1260933157397375 -4.1476742896043692 -4.171669155073098 -4.1986358429342481 -4.2287876050897761 -4.2619768710481072 -4.2977444200247552 -4.3353282128483208 -4.3733176038931028 -4.4085233726532085 -4.4339929999045031 -4.4376502358133241 -4.4065474356823877 -4.3285725388907661 -4.2513784555869467 -4.1885289904288676 -4.1495476728132061 -4.1308524842306547 -4.1264824800447162 -4.1322366869619138 -4.145855793944448 -4.1663134863757971 -4.1930076536185137 -4.2238753347627132 -4.2587585760164455 -4.2940550320650246 -4.3305384768354935 -4.3731186679964917 -4.4241828469660085 -4.4679654376787088 -4.4434718900783574 -4.3408710508213435 -4.2362613795097541 -4.156697778755623 -4.0958019044614122 -4.0504662530408613 -4.0177221695419991 -3.9951991792919253 -3.990867520071685 -3.9833290571252071 -3.9803486856156387
