codes_flopy/data/T&K/Benoit/Log_Plio_profCrepines_000_50m.grd
ncols 85
nrows 89
xllcorner 663750
yllcorner 6152250
cellsize 500
nodata_value 1.7014100000000001E+038
[rows 19 to 37 of 89, columns 0 to 41 of 85]
-4.3125538079496994 -4.3125843962697887 -4.3126091179707613 -4.3126263361664137 -4.3246431932778693 -4.4323011044835736 -4.443632559513822 -4.3922302534301121 -4.3786235134382627 -4.3785428057049307 -4.4013445013271824 -4.4012278813870953 -4.3456160156855823 -4.3455175639479666 -4.3876192157770664 -4.341702206133637 -4.3442200179007351 -4.3151213115630549 -4.3150710544146538 -4.3150317140048662 -4.3150025718281206 -4.3149818170263696 -4.3149668463034541 -4.2335823634739285 -4.2336818168308827 -4.1695785354964459 -4.1899735521242292 -4.1865817051725962 -4.1772278375181529 -4.1585513109598926 -4.1706268484871174 -4.1552009514839519 -4.114778515731575 -4.1402932270674206 -4.1499745338614389 -4.1537952657560506 -4.1587808035044924 -4.1505473608550183 -4.159456271074867 -4.1618998989391098 -4.1672528958390043 -4.1864204870515414
-4.3127068449183348 -4.3127494959179185 -4.3127846412017687 -4.3128099742733443 -4.4324527510506702 -4.4324016312194692 -4.3924079197212071 -4.3923349027711369 -4.3787215642416637 -4.4014956196568544 -4.4013580109245769 -4.4012041209308181 -4.3456405914014171 -4.3455079809269765 -4.3784207950184522 -4.341632782385207 -4.3151436245103607 -4.3150619972993152 -4.3149957148911673 -4.3149454795787152 -4.3149101383360948 -4.31488672318876 -4.3148708096036419 -4.2337709788458264 -4.2041613649511156 -4.1700124076911411 -4.1954507239272329 -4.1772035658809168 -4.1775957234936199 -4.1589719126395615 -4.170980503481247 -4.1720233843076446 -4.1385439187712683 -4.1476200745375653 -4.1506561829726865 -4.1547023135079622 -4.1449847600635854 -4.1525097340014767 -4.1422387086947676 -4.1561904563203127 -4.1741748943417027 -4.1710778887336399
-4.3129044439938866 -4.3129638545420859 -4.3130137481149191 -4.4438426420275725 -4.4326030554571352 -4.3814719157323756 -4.3925732692641075 -4.3924809775438476 -4.3788587660901221 -4.4015667832491978 -4.4013860808632073 -4.3458468498610099 -4.3456763239853773 -4.4108936662750331 -4.3716236450481425 -4.3119157369749326 -4.3150861002340442 -4.3149759072468141 -4.3148883210002804 -4.3148245476114493 -4.3147829231230963 -4.3147588396869772 -4.3147451389138505 -4.2340090706361568 -4.2096196933168724 -4.1846060657325541 -4.1858224059513098 -4.1776761081751701 -4.175494370970676 -4.1813572110279518 -4.1713149833927341 -4.1939742753039297 -4.1457114935937591 -4.1479420289418325 -4.1509921585148009 -4.1551115090407027 -4.1456246139104511 -4.1325019513013146 -4.1437024647668359 -4.158328173735276 -4.1480691133523226 -4.1968633607404771
-4.3131590387981653 -4.4440542638306875 -4.4440593514315179 -4.4440411809303804 -4.4328087343936398 -4.3817258820912253 -4.3928003655327732 -4.392684396053717 -4.4358126089628049 -4.4016744588800529 -4.4014371333650582 -4.3459584944255178 -4.3388719444273276 -4.4106992969577208 -4.3394856676973115 -4.3118893242186296 -4.3117169869069514 -4.314851048070957 -4.3147348676785118 -4.3146542578440386 -4.3146070672367518 -4.3145864674907015 -4.3145813159521689 -4.2383018449317218 -4.1986543002637466 -4.1852239681259888 -4.1864138211760498 -4.1782693763537839 -4.1760233598527456 -4.1817473015357916 -4.1933332216258599 -4.1940425214262591 -4.1459139658976962 -4.1480078810629841 -4.1509389718994196 -4.1293880292910181 -4.1238571154386321 -4.1322827808843021 -4.1433402197506286 -4.1255573419720353 -4.16158184155681 -4.1945595675050953
-4.4442635904340761 -4.4443040606824571 -4.4443217003471158 -4.4443097005856664 -4.3821086831475657 -4.3820687052498339 -4.3931116733990194 -4.3929670317425087 -4.4359635837064069 -4.4018353070310088 -4.4015237436902934 -4.3392705159357368 -4.4108923231608168 -4.3397327926812386 -4.3394082179037285 -4.3118441427993384 -4.311606002745723 -4.3146700648759291 -4.3145149635274596 -4.3144131676141608 -4.3143622923609577 -4.3143526578581053 -4.3147494108844748 -4.2259243719588495 -4.2131076256180746 -4.1860310089704935 -4.1871878619267235 -4.1790378166852662 -4.1766921311112313 -4.2040470930606588 -4.1935191298030814 -4.1994377586115803 -4.1459685039764951 -4.147803470273228 -4.1124869858812474 -4.1168999256265373 -4.1228920686928214 -4.1308620413755275 -4.1068753061154926 -4.1384937050925696 -4.1654282275017733 -4.1867609499261134
-4.4445671915834168 -4.4446331572146214 -4.4446710148734985 -4.4446713943189282 -4.3825692695836755 -4.3825307082781588 -4.3935375710759441 -4.4185889370014086 -4.4361917551961874 -4.4020731399636706 -4.3905810544227579 -4.3395160216320994 -4.4107459915704155 -4.3397505984331799 -4.3393060441924467 -4.3117709801922501 -4.3114400540330191 -4.3144079846893781 -4.3141989596124892 -4.3140698073481545 -4.3140186303890475 -4.3144118279725561 -4.2987730298990874 -4.2265113709842668 -4.2302740615829819 -4.1870973859009037 -4.1882193159150445 -4.1949555325550811 -4.1998869095325597 -4.2105384010887263 -4.1991211813043687 -4.1992647605639597 -4.1458806139963933 -4.1090907766400289 -4.1118023884219284 -4.1157206826278001 -4.1211447642708485 -4.0924280135326576 -4.1208034709944883 -4.1431269148499386 -4.1583336411386913 -4.1764271242230837
-4.4449613671657673 -4.4450648038364173 -4.4451341396277737 -4.3840701515373244 -4.4023657556285514 -4.3831521519593375 -4.3941189975069372 -4.419059961101361 -4.4365313743376937 -4.4213901944592804 -4.3908474136529643 -4.4113134315055289 -4.3769905918364405 -4.3397832156696472 -4.3391727175286743 -4.3385793014296432 -4.3111946296937553 -4.3108140956609082 -4.3137439211957647 -4.3135779707210471 -4.3139080791421129 -4.2984020677727006 -4.298573689334785 -4.2272658858462577 -4.2310891615379607 -4.1885177929558948 -4.1896120185227472 -4.2258525612008953 -4.2007873393741821 -4.2160918729897485 -4.2096810644690779 -4.1596676720130104 -4.1351008670298359 -4.1086395025644542 -4.1107309222447483 -4.1140006965125213 -4.0833388872251382 -4.1073679882290204 -4.1263499036695457 -4.1371334839360063 -4.1502372085764456 -4.1655556620581811
-4.4454705055558232 -4.445628218843221 -4.4457453371164917 -4.3848450521641098 -4.4031357642308144 -4.3839862610234119 -4.4103143705265113 -4.4197202154539497 -4.437030637256985 -4.4218142940158964 -4.3912456053898881 -4.37790572676069 -4.3406568883982217 -4.33984157897779 -4.3390014710663243 -4.3381808503964354 -4.3108357173906704 -4.3103009678288924 -4.3130880849389399 -4.3132432326954762 -4.2977967663176404 -4.2979855488330614 -4.2982873716625463 -4.202386929278445 -4.2321761701009732 -4.1904190829095684 -4.2138694810466717 -4.2270054126790626 -4.202053536846539 -4.2166545732455543 -4.2097750014972739 -4.1352700210257698 -4.1207725840670895 -4.1079551563403651 -4.1092580261545004 -4.0759647940499946 -4.0975254287312302 -4.1033743038248121 -4.121249921884794 -4.1306185291746251 -4.1419347967128317 -4.1684042416490072
-4.4461243903570722 -4.4463597155117602 -4.3856396569395537 -4.3858621005913898 -4.4041606078122992 -4.385103042914281 -4.4113314292867276 -4.4206415668580865 -4.4232148471942594 -4.4224455266029929 -4.341890888546228 -4.3783241886492315 -4.341058354884952 -4.3399440096607496 -4.3387864313263496 -4.3376482203826479 -4.3365975146258986 -4.309558801960975 -4.3095522556908383 -4.3129990819281705 -4.2970374935207944 -4.2973535770978026 -4.2978615254190959 -4.2214201478063575 -4.2336203323630919 -4.2388408330087657 -4.2159880233401683 -4.2122699691167185 -4.2190456766671369 -4.2175088004292647 -4.183642485848714 -4.1220290027660846 -4.1206308852793185 -4.1073994052894838 -4.071594015644969 -4.09068909199733 -4.0939258362654876 -4.1092384944534484 -4.1156872639345972 -4.1238785650282903 -4.1481008658747403 -4.1591264585806487
-4.4469588341132669 -4.4473038282381321 -4.3868527368769614 -4.3871917884495542 -4.4055195291894602 -4.386594032923842 -4.4127164224332809 -4.4083404243828843 -4.4243487169978222 -4.4233744660059795 -4.3306012556825157 -4.3789603031495075 -4.3416425108505816 -4.3401206826649874 -4.33852504114639 -4.3369431435221566 -4.3354726390057765 -4.3090211840027504 -4.3090651567396216 -4.2957848792252502 -4.2958833401423666 -4.2963832494425516 -4.2972063232577433 -4.2231205970956678 -4.2355225694022858 -4.2611250542736592 -4.2189546503223578 -4.2151792078486245 -4.2212145253136946 -4.1927494822423501 -4.1846450245214832 -4.1305035360648175 -4.1204051936212336 -4.0822662039236732 -4.0867010816532332 -4.0873453907954538 -4.0896443314589526 -4.1040504623826646 -4.1096932439752027 -4.1318896660681359 -4.1404542593583651 -4.1504704815308795
-4.4480160768683055 -4.4485142892080534 -4.3884143077433571 -4.3889224471094765 -4.4073138174948649 -4.4147393540497051 -4.4145952515873965 -4.410199552387402 -4.425951661538428 -4.3847543347803812 -4.4058050243209053 -4.3799177407451193 -4.3424951092361104 -4.3404204141407599 -4.3382224043178201 -4.3360220694701628 -4.3331843739190541 -4.3320040524525121 -4.2913715730217028 -4.2909122551915271 -4.2941309530590832 -4.2948811792638697 -4.2961688277492769 -4.2251592505950697 -4.2580573196265714 -4.2633877435243228 -4.2347600460297636 -4.2241425320786323 -4.2116050089049297 -4.1956453166053045 -4.1765144789018844 -4.1315237035675008 -4.1198229567369724 -4.097600768834214 -4.0836267642218065 -4.0830673343914157 -4.0947799513269967 -4.0980657749878056 -4.1182722896594672 -4.1248679540634594 -4.1329325994155726 -4.1713149178596431
-4.4493447261816765 -4.3895697910800386 -4.3904125074642586 -4.3911633105218719 -4.4096715513571016 -4.4172040657742793 -4.4041910107380691 -4.4127446204792875 -4.4282039549858894 -4.3871159066615988 -4.4075075630406273 -4.342588991190083 -4.3437413015445632 -4.3409207126926468 -4.3378985888734825 -4.3340759950477725 -4.3317686585286665 -4.3124558239943598 -4.2891147287967692 -4.2883707669543023 -4.2914819927867551 -4.292547357969493 -4.3060244598847053 -4.2767609488052782 -4.2602902686391193 -4.2665623825926815 -4.2400401435191748 -4.2299067374541499 -4.211346255397693 -4.199780938858181 -4.1776550455884829 -4.1328135488948252 -4.1009971854722584 -4.0947545134122265 -4.0792912379712263 -4.0774175136296131 -4.0881013681513778 -4.1059855111477894 -4.110863846114043 -4.1474112750916481 -4.1551140897916756 -4.163931972868502
-4.4509989111909789 -4.3917619872215798 -4.3929516137097773 -4.394047215501681 -4.4127525405168893 -4.4239283998099328 -4.4077188468907877 -4.416213444312171 -4.3920046092241396 -4.3904094043599011 -4.4099903970973759 -4.3691925709547696 -4.345562013177787 -4.3417422392733602 -4.3376003056376602 -4.3326130385845074 -4.3291150412024972 -4.3092639769329972 -4.3066652606356364 -4.2846323623982681 -4.284678518793652 -4.2889268348940215 -4.3026999350379249 -4.2941232885496179 -4.2629776485178992 -4.2709241674576317 -4.2514871268633714 -4.2154880290218655 -4.2194811429212793 -4.1915666093767374 -4.1808283946966842 -4.1168681171713155 -4.1054344328875629 -4.0902434158764311 -4.0837971840047551 -4.0794671726311611 -4.0940830415077407 -4.0970744090914595 -4.1320211215843248 -4.1390846460892572 -4.1474014910720136 -4.1229467405706473
-4.4530361942883765 -4.3944871402305807 -4.3961515264255047 -4.3977321819184363 -4.4290183725317585 -4.4282040900855799 -4.4124252320970321 -4.4209185751776108 -4.3969147037556402 -4.3949830839697182 -4.4135771886530994 -4.3725565304500469 -4.344741555520196 -4.3430688762427785 -4.3366851043383789 -4.3313951830410282 -4.3097923325786578 -4.3049547898750671 -4.3011144657542051 -4.2792284915518621 -4.2789604786235556 -4.2807299596104933 -4.2974905924260574 -4.2916457259458261 -4.2658810810899856 -4.2748881249132884 -4.2713765703889965 -4.2295841518857902 -4.2296976764437533 -4.2010127819431293 -4.1848542852156747 -4.1187938644554078 -4.1019983497694472 -4.0830193834394892 -4.0739020778650801 -4.0821432723430675 -4.0823385081645469 -4.1147068513792471 -4.1213884083757009 -4.129770284204124 -4.1055483682634737 -4.1159183832513557
-4.3956004862738949 -4.3978374778496363 -4.4001446381123017 -4.4024005775288542 -4.4190963815075825 -4.433806975070075 -4.4186698984876189 -4.3791270021980182 -4.4035971681895143 -4.4736540278183758 -4.4187095989094969 -4.3773672795827299 -4.3712376680041585 -4.3444506629847117 -4.3373576957173228 -4.3137410418850388 -4.3061637615817672 -4.2992469557262147 -4.2935940433391488 -4.2897953908188224 -4.2706319826902011 -4.2724873347894894 -4.3042243475930864 -4.2868611820653477 -4.2682618685254985 -4.2841191089624671 -4.2845252711908088 -4.2479537628797415 -4.2365631157497567 -4.2183680962435997 -4.1744056272794738 -4.1482999421910272 -4.0954008955109371 -4.0765615200727279 -4.0801518088118733 -4.0755060607993068 -4.0937689792213598 -4.0999252247967055 -4.1088551841231045 -4.1193604740173289 -4.097477258774914 -4.1091800032295112
-4.3989031326867112 -4.4019017358370727 -4.4050683543131068 -4.4082537404697488 -4.4257143344031151 -4.4410919522023971 -4.4269041379747458 -4.3885678427296755 -4.4126474774783198 -4.4806496355507841 -4.4259807247378271 -4.384191772964261 -4.3761886156710883 -4.3648760691576234 -4.3380101027174423 -4.3122132559846884 -4.3016770999002096 -4.291859366733827 -4.2836131920025977 -4.2777687014841543 -4.2750098685359026 -4.2602807700670029 -4.2885886710418024 -4.2778633154307482 -4.2682998706007282 -4.2739490149577719 -4.3006628494909354 -4.2770779597438029 -4.2573444308116777 -4.2421771060142071 -4.1810848936720726 -4.1430341906584633 -4.083537757937199 -4.069575636480538 -4.0798575151783467 -4.0765156917651399 -4.0721848957730842 -4.081915784171656 -4.0943749966941949 -4.075945265039147 -4.0892190226535279 -4.1027588055671913
-4.4027780658059239 -4.4067521378060288 -4.4110508096784145 -4.4154987001611614 -4.4340705802534446 -4.450476320027339 -4.4529468940474048 -4.4010552574318504 -4.4248385800934811 -4.4904638992684287 -4.4017212557426824 -4.3937766887575656 -4.3816681739520495 -4.3695773514635494 -4.3250769402546716 -4.3108771158545904 -4.2963772942297656 -4.282566092060903 -4.2706828227499116 -4.2619389703627961 -4.257140048457746 -4.2570992563451746 -4.268018142885774 -4.2601423405849488 -4.2737883752187216 -4.2814983723306357 -4.3247668741845162 -4.328655144776036 -4.2951538613170328 -4.2442103383956162 -4.1859638628660782 -4.132079866644677 -4.075219988055454 -4.0596038178727998 -4.0485671110621793 -4.0432452334428373 -4.053735985647366 -4.060833848332333 -4.0485646481671287 -4.0649382955828575 -4.0810094421208873 -4.0967525400336706
-4.4147724471514982 -4.4124245607582191 -4.4181866081265602 -4.412117764848424 -4.4444765086390339 -4.4624276767580193 -4.4270111613648 -4.4174766227326359 -4.4179354025773554 -4.5040635931407937 -4.4567341798809723 -4.4053689684019002 -4.3924268797778439 -4.3762793513479252 -4.3426731693110998 -4.3102288813494685 -4.2905534554382792 -4.2713104832770101 -4.2543761915944183 -4.2417620760091177 -4.2343771728897295 -4.2436994639975483 -4.2395924689304323 -4.233162834984034 -4.2481729075076364 -4.2796886856331104 -4.3507198251268315 -4.3856536614127126 -4.346566164927502 -4.2647639047782544 -4.1871281385196299 -4.1125777449704257 -4.0579143804972464 -4.0161258162773423 -3.9980498352528619 -4.0050080000550121 -4.0212983167110909 -4.0115717384494722 -4.0335738647466535 -4.054190973874503 -4.073284592468732 -4.0913237062088852
-4.4196842898209736 -4.4188908200994224 -4.4264991457830902 -4.4228572039206977 -4.4572034337402364 -4.4652906279901279 -4.4458009636686793 -4.4389225694791312 -4.4406668036688517 -4.5226819662339537 -4.4757401482064614 -4.4236121717504417 -4.4069138078384613 -4.3713751321300229 -4.3483951766679771 -4.3088304602629304 -4.2850004896672784 -4.2584970122470702 -4.234426386200961 -4.2168886423237186 -4.2171934513652332 -4.2163317626842876 -4.2130044790702428 -4.191463715735793 -4.2028523932282917 -4.244722376976835 -4.3510708855395626 -4.4711684005697458 -4.3785730783947159 -4.2670476232361665 -4.1728944180902303 -4.1027701349983356 -4.0095874333014647 -3.9492266115579584 -3.9304771340689815 -3.9542351315405027 -3.9878175111011869 -3.9992203654732772 -4.0201733619040727 -4.0448572004386607 -4.0666362592600427 -4.0866532403378626
