codes_flopy/data/T&K/Benoit/Log_Plio_profCrepines_125_150m.grd
ncols 85
nrows 89
xllcorner 663750
yllcorner 6152250
cellsize 500
nodata_value 1.7014100000000001E+038
[rows 0 to 18 of 89, columns 0 to 41 of 85]
1.7014100000000001E+038 1.7014100000000001E+038 1.7014100000000001E+038 1.7014100000000001E+038 1.7014100000000001E+038 1.7014100000000001E+038 1.7014100000000001E+038 1.7014100000000001E+038 1.7014100000000001E+038 1.7014100000000001E+038 1.7014100000000001E+038 -4.4043449214283257 -4.4043449214283257 -4.5640373884239986 -4.5640366793725144 -4.5640362893831936 -4.5640363565292361 -4.5640370562440404 -4.5640386092118455 -4.5640412904589605 -4.4603788205877555 -4.4604291932533275 -4.4604884030065817 -4.4605577118487307 -4.5240269144296752 -4.524075964500482 -4.3777276673139642 -4.3678293974127156 -4.3680508193347087 -4.3361269210498925 -4.343676973311255 -4.4400349444049025 -4.5164851014578602 -4.4828850730129339 -4.4628521886515857 -4.4626499808920448 -4.4629796979144798 -4.5032660637094066 -4.5035572865838658 -4.5038623534852951 -4.5193295733516692 -4.5234474637157067
1.7014100000000001E+038 1.7014100000000001E+038 1.7014100000000001E+038 1.7014100000000001E+038 1.7014100000000001E+038 1.7014100000000001E+038 1.7014100000000001E+038 1.7014100000000001E+038 1.7014100000000001E+038 1.7014100000000001E+038 1.7014100000000001E+038 -4.4043449214283257 -4.5640342631122479 -4.564032729188737 -4.5640313308114315 -4.4602167249703264 -4.4602384477319497 -4.5238421748241695 -4.5238550545203697 -4.5238711452789513 -4.5238910562044934 -4.5239154995708448 -4.5239453056532337 -4.5239814383305932 -4.3774944124653405 -4.3451798033570679 -4.3407266850188337 -4.3409692257171155 -4.3722144525082891 -4.423187841735591 -4.4502520343756142 -4.5136762856086552 -4.4600146226229427 -4.4678726992885691 -4.4675860340625144 -4.46792824982745 -4.5115930693069703 -4.518718305012932 -4.5228818843119747 -4.523197807641731 -4.5138070593443462 -4.5141684229499957
1.7014100000000001E+038 1.7014100000000001E+038 1.7014100000000001E+038 1.7014100000000001E+038 1.7014100000000001E+038 1.7014100000000001E+038 1.7014100000000001E+038 1.7014100000000001E+038 1.7014100000000001E+038 1.7014100000000001E+038 -4.4043449214283257 -4.4043449214283257 -4.4601627036066525 -4.4601740459033898 -4.5238075972159244 -4.5238132096153292 -4.52382076473378 -4.5238306652050229 -4.5238433868105918 -4.5238594914310246 -4.5238796419633953 -4.5239046192650676 -4.4445190984312335 -4.3449153107503919 -4.3404214269707522 -4.3406236783573631 -4.3408571112756515 -4.3927154767651686 -4.4499099233874189 -4.4501109308786067 -4.5135064762933821 -4.4922463963222432 -4.4437725683504912 -4.4442760701544701 -4.4531640879751793 -4.4603527502291964 -4.4966627390667693 -4.4970698300693774 -4.4981577370881602 -4.5141551270885465 -4.4976564420931764 -4.4981680442451859
1.7014100000000001E+038 1.7014100000000001E+038 1.7014100000000001E+038 1.7014100000000001E+038 1.7014100000000001E+038 1.7014100000000001E+038 1.7014100000000001E+038 1.7014100000000001E+038 1.7014100000000001E+038 -4.2723274247882816 -4.3383374651964495 -4.5237888222937457 -4.523789728985057 -4.5237917115598814 -4.523795025501002 -4.5237999737407986 -4.523806915509379 -4.5238162769431556 -4.5238285637444324 -4.5238443761860303 -4.4443890983006016 -4.3446913978559625 -4.3448283024688701 -4.3403221763352455 -4.3405119486919386 -4.3407324625061072 -4.4323243858295376 -4.4497633010510764 -4.4208001559339891 -4.4820099968766494 -4.4637545133418399 -4.4464048692603475 -4.4539749184145565 -4.4608653951129327 -4.4612904513419167 -4.4963497916750939 -4.4974040494903846 -4.4979943525082398 -4.4985200425687708 -4.4990895378687155 -4.4996939247475414 -4.5123074915378547
1.7014100000000001E+038 1.7014100000000001E+038 1.7014100000000001E+038 1.7014100000000001E+038 1.7014100000000001E+038 1.7014100000000001E+038 1.7014100000000001E+038 -4.2723274247882816 -4.2723274247882816 -4.448212707768775 -4.4482097992367429 -4.5237764964564553 -4.5237764942638554 -4.5237775578640731 -4.5237799528706191 -4.5237839946949832 -4.5237900581025396 -4.5237985888357581 -4.4442858325682089 -4.4443345089773709 -4.3446162301181888 -4.3541445440883431 -4.3441581970749112 -4.3511974921373415 -4.3670205446826174 -4.401554241566326 -4.4205061232758016 -4.420718325903243 -4.4754306483153909 -4.4583116646780798 -4.4675577223550764 -4.4561242011099189 -4.4564964456509664 -4.4599193619817079 -4.4614728832719504 -4.4915879653669446 -4.4921030874594905 -4.498156273201416 -4.4987787659058824 -4.4994618097283974 -4.5005303086435982 -4.5012999537464795
1.7014100000000001E+038 1.7014100000000001E+038 1.7014100000000001E+038 1.7014100000000001E+038 1.7014100000000001E+038 -4.2723274247882816 -4.2723274247882816 -4.4765922855624787 -4.4765909771030943 -4.4482109195249393 -4.4482078135242284 -4.5237620293284424 -4.5237609007624995 -4.5237608105937959 -4.5237620324863723 -4.5237648915263051 -4.4445976048463214 -4.4446314883769151 -4.4313763529637011 -4.3481359037414444 -4.3508100883693421 -4.3509365745201762 -4.3510854687470033 -4.3848444917541256 -4.4014035014153761 -4.4347037249554315 -4.4205256862266946 -4.47520805928822 -4.4670519823849775 -4.4672812095457299 -4.4570329335812779 -4.4561847500001006 -4.4604758600744372 -4.4619775483352866 -4.4914067046927988 -4.4919148531214725 -4.4925036333036887 -4.4931773081740323 -4.4937359900898377 -4.4951448714574544 -4.4960615835152051 -4.4732972700193274
1.7014100000000001E+038 1.7014100000000001E+038 1.7014100000000001E+038 1.7014100000000001E+038 -4.2723274247882816 -4.2723274247882816 -4.4765897088309607 -4.4765880597900995 -4.4482118765143905 -4.4482090083149028 -4.4482057086999474 -4.5237451323428379 -4.5237426293539116 -4.5112152368805649 -4.5112189526988997 -4.4312513076313103 -4.4312845369943812 -4.4334884796056464 -4.3553079098369221 -4.3507338357610985 -4.350845944633341 -4.3285141916608163 -4.3847167668031588 -4.4012548138181682 -4.4345313047278152 -4.4203301754077682 -4.4749821107644498 -4.4667951150660414 -4.4742955926948786 -4.4746237256557402 -4.4597294848707056 -4.46009375178991 -4.4615625501622116 -4.4620742732469836 -4.4914247651427477 -4.491993143391376 -4.4926600956036467 -4.4824644456409928 -4.4948612649826929 -4.4958531645160198 -4.4696602506277303 -4.4703784598841541
1.7014100000000001E+038 1.7014100000000001E+038 -4.2723274247882816 -4.2723274247882816 -4.4765891798108939 -4.476587156553343 -4.4765851302792141 -4.4765831286688211 -4.4482099933319708 -4.4482069573823582 -4.5237303279381003 -4.5111946495215278 -4.5111937585669759 -4.4311948896088458 -4.4312169630155829 -4.4334088385901396 -4.4334409981564651 -4.3552510841793239 -4.3506652080073858 -4.3507633192716577 -4.3284123040940949 -4.3845964341038766 -4.4011127387431825 -4.4374305341400655 -4.434482158496416 -4.4828136583505813 -4.4665382803366525 -4.4740015959696828 -4.4742882752672752 -4.4992212826560882 -4.4607179609018788 -4.4611025445597097 -4.4615674098723419 -4.5016232914795768 -4.4913825929946105 -4.4920099579085164 -4.4933033256497481 -4.494176491457698 -4.4951898166627364 -4.4525455031914998 -4.478991574362321 -4.4805971665234052
1.7014100000000001E+038 -4.2723274247882816 -4.2723274247882816 -4.4765870834431905 -4.4765846916693643 -4.4765822578757941 -4.4765798102982046 -4.4765773819370791 -4.4482079438239301 -4.4453065186025418 -4.5111771311872522 -4.4852686819668754 -4.4311689031015229 -4.4333518183921097 -4.4333723613519966 -4.4333978270874743 -4.3552021953413549 -4.3506056066808361 -4.3282044611852664 -4.3283218140094624 -4.3844866409396541 -4.4009810994944125 -4.4082405639419306 -4.4342977283964453 -4.4303144277638697 -4.4662888771933336 -4.4737132216732869 -4.4738486031916986 -4.4783388022678681 -4.461602697321438 -4.4606179943309945 -4.461021645637322 -4.4615152707820984 -4.5014099748004668 -4.4912618678193308 -4.4924911891762145 -4.4933097199464704 -4.4942861831095762 -4.4610523364573869 -4.4627166249319981 -4.4798899328116484 -4.4818078319744696
-4.2723274247882816 -4.2723274247882816 -4.4765851538974353 -4.4765823807266436 -4.4765795180385428 -4.4765765929938617 -4.4765736386936883 -4.445309880558054 -4.4453073647892198 -4.420890959413228 -4.4852483947512187 -4.4311460709389641 -4.4333246110418987 -4.4333399469578492 -4.4333592645442863 -4.3551617146193067 -4.3552220705283933 -4.3281422677229529 -4.3282447347022792 -4.3843897395620841 -4.4008628727776813 -4.4080983140357981 -4.4341273555509089 -4.4449596571746079 -4.4660531354077122 -4.473438067421025 -4.4735273386697614 -4.4779661570506546 -4.4992272221381819 -4.4614357862618919 -4.4604608027368009 -4.4608767691619162 -4.5006941057436904 -4.4904550476460603 -4.491590251406552 -4.4923136417953051 -4.4997281810352705 -4.4599191521337156 -4.4615557101825676 -4.4787109474556592 -4.5010934616853904 -4.5030950161741252
-4.4765864418914765 -4.4765834476100874 -4.4765802907044776 -4.4765769889780609 -4.4765735665879127 -4.4650819701685407 -4.4650795253798474 -4.4208904968031915 -4.4208922385145533 -4.4208940491987274 -4.4332928077527853 -4.433300975720436 -4.4333116442949487 -4.4333254220927705 -4.3551296400881228 -4.3293410447811809 -4.3280926548758618 -4.3281821805044798 -4.3438614535011419 -4.3843738188746704 -4.4008240307625934 -4.4339744017561573 -4.4447771140118872 -4.4868146843918835 -4.4731822216636807 -4.4732257489171561 -4.470099244706474 -4.4786944695729121 -4.4988849387699794 -4.4599063124626959 -4.4602360581083493 -4.4606554522787532 -4.5002779777912538 -4.4791394026678617 -4.4883421791898348 -4.4985311025789434 -4.4585791046765069 -4.4601029639072314 -4.4619138026894491 -4.4994395865659298 -4.5014255613768634 -4.4939019945733572
-4.4765820166462245 -4.4765784854573178 -4.4765747476332969 -4.476570822211448 -4.4650789033017206 -4.465075907718556 -4.4276116874393843 -4.4208930920819958 -4.4208952620081492 -4.3744545173561278 -4.4332808198630884 -4.4332873791347396 -4.4332962560883722 -4.3551055432035239 -4.32931207368072 -4.3280555041610933 -4.3281343805281356 -4.3437984257807249 -4.384289977335472 -4.4007179972087682 -4.4079135859671563 -4.4446159803878587 -4.4446357620323536 -4.4673483099788145 -4.4673615881535396 -4.4718579768825268 -4.4728329150091035 -4.4922929371719125 -4.4923542852515794 -4.4555608212575608 -4.4558988312488825 -4.4563339964572721 -4.4807555237669421 -4.4920729049009509 -4.4926516864567629 -4.4540205029416651 -4.4553995212479434 -4.4570686299446827 -4.4974566550163102 -4.4992764908935294 -4.5014837894791562 -4.4944742810870419
-4.4765770220616599 -4.4765728653275305 -4.4650795620773875 -4.4650760958331182 -4.4650725274470071 -4.4276103661175394 -4.4208935130728166 -4.4208959734992366 -4.3744614168476224 -4.3744718848969422 -4.4332669820383508 -4.4332716008044706 -4.3550886352128515 -4.3292925916774072 -4.3280300261615432 -4.3281007392925774 -4.3281806500617961 -4.3842237881069792 -4.4006316668349532 -4.4048226873307552 -4.4395901899342984 -4.4395891394821794 -4.4868333000826937 -4.4671144365959741 -4.4715629909651469 -4.4714765181763783 -4.4725010040445703 -4.4918644008527 -4.4476026401366582 -4.4536468440497021 -4.4539713991116399 -4.443140859597289 -4.4971833047893242 -4.4836066393386451 -4.4458953941578923 -4.4471255511761134 -4.4633479694608038 -4.4779194556527893 -4.4929451386262897 -4.4949395783354564 -4.488171833862431 -4.4856911288082371
-4.4765714034792374 -4.4650776018980842 -4.4650736390443777 -4.4276073928707795 -4.427608888300238 -4.4276106854169512 -4.4194003254931742 -4.3744677733343549 -4.374479581172019 -4.3744918808660396 -4.4332512003065023 -4.4332535271034121 -4.3292812723844998 -4.3293393908685163 -4.3280799343930525 -4.3281522007823012 -4.3824652827370514 -4.3824980446959998 -4.3979471044319034 -4.4394762793817684 -4.4394484473244278 -4.4302052628288608 -4.4934115137474437 -4.4685392370344541 -4.4684902876324513 -4.4694515001568842 -4.4694429867187582 -4.4942639088837719 -4.4606152290651622 -4.4569549344562223 -4.4484076154851699 -4.5013206243035384 -4.5014677358172621 -4.4929673270423161 -4.4562756564291508 -4.4727133012860305 -4.4738921275515384 -4.4753854952511762 -4.489858573977946 -4.4919494160923108 -4.4762502235235697 -4.5021849315102838
-4.4650760500117634 -4.465071615118914 -4.4276059875005975 -4.4276073049902189 -4.427608919319133 -4.424516061024125 -4.3744733261818727 -4.3744865097463164 -4.3745003857024933 -4.374514867997366 -4.4332333918694831 -4.3292764622149846 -4.3293324444937706 -4.3280700490126875 -4.3302613144418931 -4.3447382911759345 -4.3824540457175942 -4.3978846710880939 -4.4172885287401886 -4.4381179986118466 -4.4458630377593895 -4.4825461956623442 -4.4715836955803736 -4.4755512220036326 -4.4761054642188274 -4.4760045990705288 -4.493799332825267 -4.4936686585370555 -4.4573536401527267 -4.4475897604448686 -4.4582322455576753 -4.5004120110970893 -4.4917044041285532 -4.4546798047344804 -4.4696590706021482 -4.4765821445356551 -4.4776371584601176 -4.4790081823314765 -4.4928952625278074 -4.4861496418006412 -4.5008988554249445 -4.5097361611083473
-4.4650700918563908 -4.4276045648939437 -4.4276056728593671 -4.4276070625520658 -4.4245142498715033 -4.3655337943707186 -4.3744923754021414 -4.3745078390623675 -4.3745241619048718 -4.3745412429395465 -4.3841457535274273 -4.3293318879342806 -4.3301949915193516 -4.3302580153294468 -4.3303258779244702 -4.3824272528223416 -4.3957824287575828 -4.3993825092028445 -4.4471524983116968 -4.447063852078462 -4.4382345587250498 -4.4898149285577036 -4.4753277789442887 -4.476152980261654 -4.4756713828511456 -4.4755181334308176 -4.4931836680547823 -4.4890375094830244 -4.4583709365494411 -4.4573767523371428 -4.4681416770384974 -4.49935058063509 -4.453214604599693 -4.4679742441644237 -4.4746164750982258 -4.4753160672308683 -4.4762681125402306 -4.4897313910902357 -4.491119976340757 -4.4850576292519575 -4.5080668169002021 -4.503794421057119
-4.4276031740963298 -4.4276040503097791 -4.427605183545527 -4.4276066278151927 -4.4245149647688766 -4.3655569481726522 -4.3745139130300457 -4.374532051583869 -4.374551263512469 -4.3745714339062323 -4.331484086847583 -4.331542438849163 -4.3302630983368671 -4.3303304025881584 -4.3957747171262627 -4.3851362644561167 -4.4101081880154087 -4.4271309226582769 -4.4469842896573759 -4.4543429168536219 -4.4380341757299 -4.4934676149584369 -4.4749434944480946 -4.475715395559563 -4.47517941446546 -4.4749647416632659 -4.4885350985719814 -4.4882764873066749 -4.4576841275141703 -4.4672611446612454 -4.4672269590854778 -4.4981250444448238 -4.4612858500123975 -4.4728451272089895 -4.4732157756009032 -4.4737794047909976 -4.4745835048265672 -4.4877115547021065 -4.480919616483968 -4.4959892566260988 -4.4979799159470586 -4.5110953330219159
-4.427602493397333 -4.427603350318746 -4.4276044845442142 -4.4245126672185 -4.3655622543973607 -4.3655829746560491 -4.3745381811313857 -4.3745594480792809 -4.3745820618193001 -4.3296037112164356 -4.3315503298148723 -4.3302734350218692 -4.3472096745253213 -4.3507915339504653 -4.3966827476798613 -4.3966620527091713 -4.4225973762998709 -4.4469324921924347 -4.454270342895998 -4.4379447278013036 -4.4892857046128682 -4.4930277815811968 -4.4754957121856416 -4.4749057428208152 -4.4746256933930857 -4.4708493159754399 -4.4877641947748286 -4.4878033468364453 -4.456895008502002 -4.4663148286514183 -4.4661703157564139 -4.4583466306736463 -4.471282334809441 -4.4713558301174849 -4.4715707714765083 -4.4719639349255225 -4.4725789494392991 -4.4835889602140755 -4.4714326726469231 -4.5045350419687962 -4.5050425242795509 -4.4963857078933209
-4.4276016256715165 -4.4276024343116989 -4.4245103380319213 -4.3655653048456973 -4.3655877456191368 -4.365612099755185 -4.3745654211926928 -4.3716908986085778 -4.3296212464681254 -4.2775099427444818 -4.3493418313767371 -4.3373144757228479 -4.3508135588700103 -4.3966921932145473 -4.3966694455629156 -4.4100449651965139 -4.4269997324434094 -4.4467591158581481 -4.4540465121670598 -4.437737982021086 -4.4928854221990129 -4.4925384827101436 -4.4750133309563713 -4.4743595676900947 -4.4705169406288281 -4.4701667963867067 -4.4872872550642366 -4.4868286878060957 -4.4668775672608749 -4.4652371355033775 -4.4259747777093104 -4.4596481961218464 -4.4527072656510631 -4.4528380817330646 -4.4531285442788002 -4.4605014536506369 -4.4541110285607637 -4.4725278664722605 -4.5004264503624762 -4.5000726644345699 -4.4901229408151444 -4.4864629183502869
