codes_flopy/data/T&K/Benoit/Log_Plio_profCrepines_000_50m.grd
ncols 85
nrows 89
xllcorner 663750
yllcorner 6152250
cellsize 500
nodata_value 1.7014100000000001E+038
[rows 38 to 56 of 89, columns 0 to 41 of 85]
-4.4249919169196632 -4.435776662057421 -4.4238673816114193 -4.4607083031463874 -4.4723945504913791 -4.4841660219232029 -4.4695477566234301 -4.4780517300034264 -4.4706439064569414 -4.5478744416764725 -4.497728748366435 -4.448370250277133 -4.4265386900931389 -4.3864052761571815 -4.3576031481660227 -4.3258768307434208 -4.281468035159075 -4.2458570902287365 -4.2111556956672862 -4.1870980067610359 -4.1856780372133953 -4.1845934305513728 -4.1754934611412793 -4.1464824718475191 -4.130130576089015 -4.1617336299345631 -4.2613732167647065 -4.3618553574405077 -4.3242491835607293 -4.2343174147847948 -4.1618202060640392 -4.0708038657952326 -3.9612539464508254 -3.8668171905218811 -3.8476640835929725 -3.9083650014986522 -3.9460068382490894 -3.9847875982597127 -4.0108927092034188 -4.0382528935158781 -4.0616570665463172 -4.0828498231974848
-4.4304817960175313 -4.4407708593167738 -4.4342418196730735 -4.4739990681806763 -4.4899151062072775 -4.4678974496530364 -4.4989719062226587 -4.5128465455249627 -4.5099293525274708 -4.5792367567836765 -4.5321568819331386 -4.4802591537885874 -4.4521101326500236 -4.4062537197583644 -4.3711276374814405 -4.3332579632199426 -4.2918307510315463 -4.2385468101397104 -4.1890232085998163 -4.1525590489948323 -4.1604735269249282 -4.1630168554490918 -4.1355249475763234 -4.1093270427916728 -4.0585679767096945 -4.0167625317287712 -4.1436676108735684 -4.2318935979569678 -4.2328769236727899 -4.1927561808864766 -4.1314379622195183 -4.0503605112539116 -3.9554643421254729 -3.8422069291617786 -3.8250437696128641 -3.8985294303055347 -3.9405720444689485 -3.9850023483593202 -4.0156306722885216 -4.0353559454753052 -4.0587089803396994 -4.0798483025791228
-4.4358411260304447 -4.4481983497343611 -4.4448535746563547 -4.4880347762381581 -4.5091248144935641 -4.4956493731272769 -4.5219236208495879 -4.556615004187508 -4.5701985541607684 -4.6135201908671215 -4.5770583635671276 -4.5205556855470066 -4.4710168828307406 -4.4307038962528544 -4.3890005486670374 -4.3460650555971361 -4.3008162937208443 -4.2515000279508168 -4.1930337938689917 -4.1581504776279763 -4.1605668055100402 -4.1613200262106131 -4.1312908365211403 -4.1041843851063184 -4.0608751666870724 -4.0450566402708406 -4.1014274749917341 -4.1528329172992997 -4.1664789620351907 -4.1697562658024721 -4.1119761870558307 -4.0509844918809028 -3.9843601806178079 -3.9118068793792435 -3.89927802407031 -3.9151724142048421 -3.9557572620330377 -3.9927507097560415 -4.019200559923104 -4.0445645566871713 -4.0577521434760264 -4.0773706822306579
-4.4406708138877633 -4.4403886072913874 -4.4589414447426794 -4.5016944790571829 -4.528596996807857 -4.525244287721172 -4.5630685447386483 -4.6099018061033776 -4.6346678958699439 -4.6705175914851083 -4.6341064193028627 -4.5689147915379058 -4.5081471958030646 -4.4581065425128905 -4.409837757889699 -4.3632677586506983 -4.3174016077385096 -4.2716682491363862 -4.2285990266717954 -4.1996804796154166 -4.1856958928293562 -4.172788669103852 -4.1459980929721461 -4.1265538886391138 -4.0957656122661534 -4.0992013229502122 -4.1236802587256332 -4.1251654152374346 -4.1508869912333584 -4.1462576191697398 -4.1234128772087892 -4.0663679339148793 -4.026041222497299 -3.9743618296103249 -3.9649412888063984 -3.9594918276019477 -3.9821975621228378 -4.0085656775060601 -4.0326440945763817 -4.048696185978514 -4.0583900211766144 -4.075025292241639
-4.4445290774747992 -4.4460658349084996 -4.4671813115618111 -4.51337498321959 -4.5459305131393544 -4.5530878731650359 -4.6049836857062685 -4.6702162403861447 -4.7158494652168095 -4.7566172979316024 -4.7016894154884508 -4.6322895997571987 -4.5455824868007211 -4.4849354635340974 -4.4307591873307874 -4.3819599591093468 -4.337224412004689 -4.2961642931977142 -4.2603726167486906 -4.2342903313366964 -4.2089581919799892 -4.1853871705708343 -4.1710094491976584 -4.1584905576733995 -4.1333920089697411 -4.1360776500928162 -4.1542997539512729 -4.1431612658211199 -4.1499487582448689 -4.1442547448075535 -4.1314908798781786 -4.0881689570462356 -4.0658286672508375 -4.0263060689224295 -3.993740576743976 -3.9990376667531828 -4.0107758676886238 -4.027793085507362 -4.0446294880844915 -4.0597697126838392 -4.0682873976648013 -4.0725629315048044
-4.4470062189243391 -4.4497477173910536 -4.4726085546068068 -4.5282482943942348 -4.5223954307273821 -4.5734411214124027 -4.6383253181254513 -4.7182960206929794 -4.8089719567567162 -4.8568247299161644 -4.7680446540590928 -4.6767542695425401 -4.5753330374637251 -4.5060702923344147 -4.4480975947112062 -4.39872171717069 -4.3559451110413843 -4.3188261741701339 -4.2875553874161714 -4.2759430391493822 -4.2371013824197918 -4.211141317617713 -4.2008176574175868 -4.1903753778533899 -4.1839009395766844 -4.1680803118753991 -4.1495641680825646 -4.189987757738403 -4.1651960441434159 -4.1532460136730585 -4.147863533298338 -4.1322500287915318 -4.1005997155932494 -4.0884442370957812 -4.0339913037717405 -4.0324422305309859 -4.0396757643798633 -4.0473520012200916 -4.0578426016506812 -4.0674177877130901 -4.0754980454750562 -4.0778001378118356
-4.4478145511736811 -4.4509409534798863 -4.4743699017876875 -4.5308104630229096 -4.5266133604344096 -4.5802491860184498 -4.6500322542182131 -4.7407866474124543 -4.86176492379641 -4.9431486816508476 -4.8063126021495011 -4.6933934605102978 -4.5878157825726751 -4.5165203962266469 -4.4586758514975058 -4.4109242105537376 -4.3709523755004822 -4.3373998768418041 -4.3252023032267974 -4.2894224609638965 -4.2498321164167621 -4.235255236421235 -4.2270774188084506 -4.2190052418417592 -4.2142288656494404 -4.1952383832848392 -4.2002932268351882 -4.2182470204725275 -4.1876361267950486 -4.1764227945353989 -4.1676294304817176 -4.1632638093823546 -4.1285729911633151 -4.0907121830793587 -4.0643914317676559 -4.0605110907720467 -4.0635306039557326 -4.065997484226723 -4.0713681678357512 -4.076026052246811 -4.0792168026510076 -4.0805526603744298
-4.4468618238654747 -4.44948584300582 -4.4721839131720396 -4.5276577105962863 -4.5221030369315072 -4.5711617801337061 -4.6341528390107847 -4.7100569307601159 -4.7868811230781425 -4.8388885970739874 -4.7640191828039775 -4.6662123754444389 -4.5768296152393191 -4.5141954647518441 -4.4610729550914892 -4.4173545890704604 -4.3812121082834468 -4.3513438623374281 -4.3440904870956203 -4.3095392806321975 -4.2693028397727026 -4.2573262856085119 -4.248219623677759 -4.2437460956321909 -4.2493181390483752 -4.2443951058638358 -4.2228399677779125 -4.240630931017944 -4.2409872080113438 -4.1935837459354826 -4.1908675554022361 -4.1885131753378522 -4.1821812763280812 -4.1176317562728366 -4.0870349378127022 -4.088589717826804 -4.0849800779171606 -4.0862118265255765 -4.0850474519651838 -4.0856886794413274 -4.0847782735404081 -4.081593692447929
-4.4292926647215083 -4.4456072076698634 -4.466450309296361 -4.5194989708558309 -4.5083965348435546 -4.5552432187307295 -4.5991293738092498 -4.6509207228565703 -4.694152309674414 -4.7469987248292966 -4.6831410581149289 -4.629779836127712 -4.5772345082517862 -4.5011615137069914 -4.4560576389466773 -4.4182319985126455 -4.3868096039279951 -4.3609100967051813 -4.3422837527239011 -4.3253772625687539 -4.2852176467530132 -4.2751245111966432 -4.2799592068657581 -4.2750206866560436 -4.2722381673523095 -4.2922621857522563 -4.2527248243151607 -4.2625380091790772 -4.2629707209166003 -4.2464598804398879 -4.2128075837726824 -4.222499735961093 -4.2086437463755342 -4.1690221613277272 -4.1384424687247465 -4.1075071313938754 -4.105502814649082 -4.1034139683027311 -4.1016935639826846 -4.0966925554624876 -4.0927704363272053 -4.0865954558065152
-4.4252796890981765 -4.4398400974269503 -4.45809059131751 -4.5078993494167854 -4.4896772296756255 -4.522691547910652 -4.5577820689073665 -4.5912427873978281 -4.6162389970220765 -4.6717462195570745 -4.6437663566040941 -4.5830896912011987 -4.543697090228294 -4.4792508389006853 -4.4458766847693791 -4.4147663722706776 -4.3885213409282287 -4.3667666524417905 -4.3516790416097821 -4.3375619541446904 -4.297972422170746 -4.2898581523055057 -4.2972149215660078 -4.2937664402874098 -4.3441147613532847 -4.2784638724299366 -4.2729960199784873 -4.283842860954743 -4.2850218199623491 -4.2853260760334404 -4.2337327933960429 -4.2471785939532332 -4.2061360557534586 -4.2023723707695702 -4.1784897007065407 -4.128984863298137 -4.1251119205217597 -4.1212373582791173 -4.1132337137290982 -4.1117469653218475 -4.1033736918642347 -4.0957617020447863
-4.4203402794144013 -4.4328726390886093 -4.4482297976738625 -4.4946341713275642 -4.4691715471006548 -4.4939181622423643 -4.5192656268922775 -4.5395212082434133 -4.5547781100025846 -4.6167927872015158 -4.593558184756108 -4.5406819771731683 -4.5136092711976499 -4.4577718410266014 -4.4330796249531259 -4.4085351749573327 -4.3874223356575905 -4.3697607903602051 -4.3581302618698254 -4.3167113803644046 -4.3080965576385939 -4.3020155895501029 -4.3118097182995445 -4.3215620999582107 -4.364061287418787 -4.3069756853590899 -4.2836441910748082 -4.2951943115292721 -4.3073647159345265 -4.3090682410968011 -4.2927466374558563 -4.2649866604699724 -4.2315024841249063 -4.2277622771026193 -4.2228865575722967 -4.1803862035917021 -4.1452782971717976 -4.139262639108833 -4.1291232685435766 -4.1226694596516946 -4.1156252786294507 -4.1082773791723559
-4.4149189013467094 -4.4253837049519165 -4.4379030088982097 -4.4525026159114898 -4.4492226807036239 -4.4673176416591103 -4.4849330881164242 -4.5030901617894399 -4.5070753519906122 -4.5082197426460162 -4.5469654956751846 -4.5051453743898708 -4.4866019118010181 -4.4664040849198701 -4.416667824770057 -4.4009861038066465 -4.3845782897530983 -4.373594189426008 -4.3623687303668737 -4.322446692900721 -4.3161351375579287 -4.3121175072088818 -4.32430424260329 -4.3804829774132212 -4.3622763316036792 -4.335311214349276 -4.3393373748483928 -4.3254723001368838 -4.3306006358715354 -4.3341674639070256 -4.3362235197113534 -4.3253191648312139 -4.2592329671902034 -4.2550937260663719 -4.248989341945336 -4.241375145842575 -4.1731652947903752 -4.1585159767113549 -4.1501783774380598 -4.1381953621410865 -4.1302849245732336 -4.1201549223671838
-4.4094062289867173 -4.4179326608445875 -4.4278929823065099 -4.4391876407488819 -4.4311570505753659 -4.4442248483155451 -4.4564504865589774 -4.4645892056332697 -4.4702860587087399 -4.4708999576029873 -4.5156760204441939 -4.4764682886999845 -4.4637574807996261 -4.4494951121390294 -4.4133178493321221 -4.3899851447314022 -4.3808656180519225 -4.3733858406002577 -4.3650358809373673 -4.3266570173031056 -4.3225772754179124 -4.3206288679812044 -4.335184271944085 -4.3946791383481081 -4.3780055985208417 -4.3526588718959012 -4.3591057543333545 -4.338294617088426 -4.3649427750230378 -4.3616725609926572 -4.3658202382958988 -4.3146819394408684 -4.2817147739729435 -4.286022400752401 -4.2780226478179841 -4.267845630275005 -4.2563421510222987 -4.185578440289289 -4.1746439483868656 -4.158621617402769 -4.1460283487632008 -4.1382621324664406
-4.4041013862939096 -4.4109150183175121 -4.4186966259405498 -4.4272980118925149 -4.4155287045931404 -4.4249186350642429 -4.4316201026548772 -4.4391031526648543 -4.4429560044765024 -4.4196561573788848 -4.4915363366136862 -4.4428739048307522 -4.4450772211119096 -4.4351135758154854 -4.4248480231889742 -4.3923528000924206 -4.3735777757226835 -4.3724448610412159 -4.3666437208874251 -4.3297752307509976 -4.3278161177775134 -4.3279139376408278 -4.387499438072183 -4.407408374714862 -4.3927270100302565 -4.3697428068459088 -4.379317301795469 -4.3898555932374004 -4.3823867976917139 -4.4019590805835449 -4.4089130920180093 -4.3518200409427399 -4.35039165640229 -4.3223769236469138 -4.3114431747966542 -4.2975671447104613 -4.2822225032589616 -4.2249227592378347 -4.1941741377785018 -4.1817968597343569 -4.1713477938174943 -4.1543429618478465
-4.3992038535747993 -4.4045676178970625 -4.4105671383226879 -4.4170496160722248 -4.4024141004083202 -4.4091576330840061 -4.413256428002347 -4.4186765544182203 -4.4212858306936864 -4.3948765912425412 -4.4729864145914497 -4.4687172476205141 -4.4187338552292754 -4.4232453827692639 -4.4160959712337036 -4.3673329458825094 -4.3591751458818999 -4.3711615647835966 -4.3675645766501017 -4.3321163446572868 -4.3321317142382076 -4.3342158456804469 -4.3966531257942663 -4.4189397408715365 -4.4158134757607144 -4.3867400119556708 -4.4002232568965614 -4.4153336853103644 -4.413309772698188 -4.4377982833121798 -4.4490729559059874 -4.4178890160621584 -4.4015731316779618 -4.3867768399919296 -4.3506944306519557 -4.3313602594596592 -4.3106538170244786 -4.2903781253598048 -4.2308156012882083 -4.1992175070558853 -4.1871096102683563 -4.1782292039302309
-4.3948245371407655 -4.3989991468738667 -4.4035816448134977 -4.4084356717029305 -4.3916367887898229 -4.3964912919147228 -4.398794666283818 -4.402851107092153 -4.4046706622611378 -4.3773986899844788 -4.3760064722236489 -4.4559021216132129 -4.4065849013699481 -4.4136421592155157 -4.4088108216302313 -4.4042211132177913 -4.3554557983616462 -4.3759168194298779 -4.3262136352375702 -4.3338814216787451 -4.3356912243675687 -4.3396534137721705 -4.4046878527053615 -4.4293523187287089 -4.4289388392886444 -4.4035157007885175 -4.4216958204528769 -4.4426306112475356 -4.4651443202849626 -4.4796603847086818 -4.497569488954932 -4.4729851706929225 -4.4577787353763476 -4.4444383289854565 -4.4221096607598493 -4.3696043775144311 -4.3414781665007869 -4.3151218674197187 -4.2608287651611079 -4.2319942030312774 -4.2016136387231695 -4.1916284369245647
-4.3910053997643628 -4.3942272487964011 -4.397705413897147 -4.4013273369212165 -4.3470138047310494 -4.3864207196322464 -4.3874804260330498 -4.3906263348430343 -4.3919379691230489 -4.3640278099222867 -4.3631816611858971 -4.4538737393418604 -4.3970518784803749 -4.3940130444098351 -4.4028543627522403 -4.3999854804024316 -4.333685262982768 -4.3746322600425982 -4.3386837752983567 -4.335174347720705 -4.3385628399628366 -4.4012731172504092 -4.4219522464984564 -4.4385357579692357 -4.4409258893941654 -4.4195378761544211 -4.443039568389894 -4.4710282842688507 -4.5025467634434522 -4.5119432578206364 -4.5564896118242082 -4.5423449012403765 -4.5409483720170147 -4.5077854225991745 -4.474348062672826 -4.4372855016394137 -4.3779211694938995 -4.3398177287078985 -4.3110593044166903 -4.2569331349092492 -4.2296839516414995 -4.2022853372028717
-4.3877402445707148 -4.3902119262482886 -4.3928416778220241 -4.3955410171085427 -4.3396134718340775 -4.3784741261850932 -4.3786680272840144 -4.3812004463801486 -4.3821818848052176 -4.3537951024709542 -4.3533394751641525 -4.4463759496207889 -4.3920035789224112 -4.3877445690167942 -4.3858915241535446 -4.3964611063587808 -4.3704232261133127 -4.3561898125042919 -4.3383145293235277 -4.3410388512100617 -4.3407406310887984 -4.405277678031692 -4.4276332229819717 -4.4399207937743546 -4.4711914926709646 -4.4338454969550423 -4.4628334337989077 -4.4986348632768625 -4.5411297556848318 -4.5880688662982347 -4.5934413784378014 -4.6302835535026512 -4.6286482343513189 -4.5836118794610989 -4.5321226291867998 -4.4862414906226693 -4.4308220855188205 -4.3669682541351378 -4.3325660979594804 -4.3051234566614678 -4.2492248493703446 -4.2250568607135364
-4.3849927383399141 -4.3868813981373744 -4.3888659396960845 -4.3908791243471814 -4.3337291940051639 -4.3722371757103131 -4.3718249522782804 -4.3739403592762072 -4.3747047238078043 -4.3459583252459995 -4.3457833009945412 -4.4405998887515734 -4.4396653828444679 -4.3852161880218006 -4.3818703543758346 -4.3552716719763449 -4.3682213756184272 -4.3548305993368821 -4.3202197796908006 -4.3414753438447153 -4.3471781556498712 -4.4081719446355541 -4.431857457289647 -4.4457390066132714 -4.4791330902253641 -4.4451498804765777 -4.4789625461106759 -4.522119614824291 -4.5760705078858699 -4.6408171961588796 -4.6670610546477613 -4.7413247822681361 -4.7389266507512664 -4.6776104774833218 -4.5892424764384359 -4.5165422925582828 -4.4639062702957419 -4.407937117032052 -4.3460924520230684 -4.3153750019345267 -4.2595843183576516 -4.2424018372455405
