codes_flopy/data/T&K/Benoit/Log_Plio_profCrepines_100_125m.grd
ncols 85
nrows 89
xllcorner 663750
yllcorner 6152250
cellsize 500
nodata_value 1.7014100000000001E+038
[rows 0 to 18 of 89, columns 42 to 83 of 85]
-4.3867198284175686 -4.3869059550508567 -4.3981120547179167 -4.4252042920153807 -4.4256317761035202 -4.4281226042372674 -4.4378802327861244 -4.4071139521145479 -4.4069118805036389 -4.4077985251262746 -4.407239174310484 -4.4065238732590073 -4.434528794606222 -4.4335862120154035 -4.4325689046576757 -4.4157095612810187 -4.4132120753071042 -4.4121309605641166 -4.4110855435017768 -4.4142929796265022 -4.413388615035343 -4.416164497923579 -4.4154704839403491 -4.4177945027040559 -4.4173511741362477 -4.4204089201624557 -4.4202244651352229 -4.4425933732650513 -4.4426710328263299 -4.4342803033426001 -4.4345239123409055 -4.4348308668403966 -4.4361450679827588 -4.4405791340952634 -4.4474207339251279 -4.4532616446092259 -4.47023309380437 -4.4731071939984535 -4.4735202101612739 -4.4574099621984784 -4.454191662558606 -4.4569178626984511
-4.400695972071146 -4.3986107629420275 -4.423722680097125 -4.4266076301519863 -4.4271654435118872 -4.4301439278788033 -4.4218228229385224 -4.4228319039286319 -4.4317117542150575 -4.4160298281584929 -4.4093236394225634 -4.4084426065317768 -4.3924671494986258 -4.3860198772797059 -4.3892839701690054 -4.3879491237368757 -4.4138593859935149 -4.4125423882213015 -4.411272840399997 -4.4100792264360216 -4.4106999589592508 -4.4121687646765411 -4.4148860600027211 -4.4142104753370006 -4.4136935061069664 -4.4133367083766872 -4.4193508516145199 -4.4193058418841016 -4.4416356849066378 -4.4418841873221169 -4.442232291725551 -4.4426567169761784 -4.4345866382077554 -4.443130806607682 -4.4433088058152954 -4.4474548577787365 -4.4659428694652412 -4.4703202546749372 -4.4732334245960494 -4.4736768313855002 -4.4694642453550228 -4.4579131273769885
-4.3922462226767944 -4.4259273574404938 -4.4290727546659756 -4.429963196147332 -4.4294830065223039 -4.4217380434524634 -4.4230478506666531 -4.4254457166184498 -4.4251545180846978 -4.4245771953011532 -4.3983649281461048 -4.3972711556980997 -4.4038507093271368 -4.4023969087875958 -4.4008327877378584 -4.3992064338970023 -4.3975636659776338 -4.3959469092634 -4.3943946043991886 -4.4196167245732276 -4.4183067756223515 -4.417149511598141 -4.4226751925521963 -4.4197001437392585 -4.4227297234715959 -4.4223421538966186 -4.4221513328614428 -4.4255073155096341 -4.4256735430223255 -4.4292581923510799 -4.4412082552260976 -4.4417608730530862 -4.4423720290256137 -4.4430125324742384 -4.4351352260726511 -4.4434378266133709 -4.4440227965841004 -4.4790301390063894 -4.4705322417803011 -4.4734645176270202 -4.4739181035236451 -4.474308179557589
-4.4205827879233359 -4.4219912600851927 -4.4313212493036458 -4.4324667625198479 -4.4263288871015067 -4.4270344590109403 -4.426189210301434 -4.42622496278147 -4.4169541414987394 -4.418419883057088 -4.4209461800870162 -4.427928738226794 -4.4120658966468405 -4.4102790966489014 -4.4026260954688139 -4.4006353217880552 -4.3986325729707483 -4.3966691397955966 -4.3947909662712163 -4.3930387126077752 -4.3914477990317904 -4.4163655010165375 -4.4151954993184095 -4.4160300935516936 -4.4178416185595974 -4.4209808914762752 -4.4207962095974045 -4.4208404100276564 -4.4244107596804607 -4.4248406743963322 -4.4254075812317613 -4.450967158359763 -4.4517879749604301 -4.4526382014769519 -4.4431235645740665 -4.4438906890893097 -4.4437648236380829 -4.4444042762617144 -4.4633883588340506 -4.4732725030176859 -4.473791559422434 -4.47423097126382
-4.4225978758208395 -4.4243627411002002 -4.4260480665416519 -4.4210268782115696 -4.4296797557954548 -4.4384163226809772 -4.4224300165307255 -4.4225320369488017 -4.4208867487704184 -4.4235171512254166 -4.4222251742280054 -4.4226918431442108 -4.4289001092393425 -4.41268313888067 -4.4103314122383379 -4.4022617032751645 -4.3998249979619501 -4.3974460684550936 -4.3951789558926144 -4.393071386352152 -4.3911652929681306 -4.389496772001408 -4.3880953351551684 -4.4128794288023681 -4.4138283069767059 -4.4179279370869562 -4.4156356504939245 -4.4192712937340453 -4.4196415892708814 -4.4234996645195697 -4.4242538466549641 -4.4251199710050191 -4.446732873590534 -4.451759852079153 -4.4528076362894051 -4.4538019371419431 -4.4624542341019611 -4.4533478418066537 -4.4512033551790111 -4.4638663917800363 -4.4737052511991742 -4.474193842437705
-4.4248327804947669 -4.4273501279713869 -4.4302884163329939 -4.4322433908251888 -4.4183944605712515 -4.4263275221061971 -4.4270990463352682 -4.4272768475818918 -4.4453736234058958 -4.4433412660498366 -4.441751086187443 -4.4397026153128731 -4.4395379699161639 -4.4449909121655491 -4.4125892575507404 -4.4096329726736627 -4.4066864075435053 -4.3982699401548899 -4.39554162527235 -4.3930134660878748 -4.3907345886462501 -4.3887484779452235 -4.3870919507653356 -4.3857930059079235 -4.3848680398725017 -4.4097406495980076 -4.4113074395809528 -4.4139356868547939 -4.4179262834410595 -4.4187180874032048 -4.4229322071950072 -4.4240569435449206 -4.4252423525371896 -4.4469024584216799 -4.448171207628091 -4.4533262995540035 -4.4544232264225698 -4.4630847679553964 -4.470979928137556 -4.4761244046334454 -4.4644531650922872 -4.4764247264061421
-4.4350671556854131 -4.4461750948862511 -4.4487368834796186 -4.43609969621345 -4.4382804078133118 -4.4399535164140556 -4.4507558963610787 -4.4509920681799162 -4.450449094437829 -4.4491474837926157 -4.447163478082155 -4.4436545532697966 -4.4406640800127208 -4.4300386540474914 -4.4362941260587014 -4.4377977478460302 -4.434295667057933 -4.4542606461399359 -4.4474671611188157 -4.4444680604644091 -4.4417526426404113 -4.4258382223025041 -4.4238730755111302 -4.4223564131035378 -4.4182903327088816 -4.4191111452886034 -4.4190483411648582 -4.4558995295952029 -4.4596161768011813 -4.4646771213970728 -4.4575810620407426 -4.4630324736275693 -4.4648243516337951 -4.4473568589556827 -4.4666710717890163 -4.4682600140677708 -4.4696902833432821 -4.4748801420850448 -4.4832077980916241 -4.4909477272091713 -4.5033125611585163 -4.4973923774124849
-4.4449096186598878 -4.4374774896258034 -4.4370567601767652 -4.4403247813105553 -4.4436984536353048 -4.4421625521432313 -4.4435910186356855 -4.4502447782261427 -4.4601322743382799 -4.4585096496910088 -4.4682516446612057 -4.4651246925167252 -4.4607614373245585 -4.4687391586619505 -4.4646318721022435 -4.4628270905503999 -4.4665727319195856 -4.4520256128247517 -4.4451701096570293 -4.4380921491952936 -4.4348410363522577 -4.4330315713355519 -4.4306814886955426 -4.4390666320617793 -4.4417261037391009 -4.4268461444153031 -4.4268953281503851 -4.4275196516496731 -4.4533102351033405 -4.4577178760616967 -4.4634247250151002 -4.4656439367336747 -4.4718005054255769 -4.474107318887329 -4.4763007313000216 -4.4881149295152527 -4.4900041025017918 -4.4720462295071055 -4.4771081709837635 -4.4908635974345099 -4.5023491664549677 -4.5040158791550526
-4.4342327486175259 -4.4320643025936075 -4.4330802357308352 -4.4374272785627369 -4.4557225449001781 -4.4586898600460785 -4.4611938725203508 -4.4731237869946687 -4.4789680353203929 -4.4769447309306196 -4.4850652501532178 -4.4812133429449279 -4.4767860958654708 -4.4719980630703819 -4.4664333946039054 -4.4586897147980924 -4.4634562888273477 -4.4586569356132983 -4.4448103982365117 -4.4405307737869784 -4.4462327278530118 -4.4398426972197589 -4.4370128383939873 -4.4348613623781912 -4.433465706692667 -4.4328693746455938 -4.4330698722796402 -4.4340139004716494 -4.4299669695922494 -4.4514311063743941 -4.4566710971072574 -4.4630982590132557 -4.4659862034455342 -4.472595385650191 -4.475265009846475 -4.4776730940114646 -4.4983105963226278 -4.5003039452755491 -4.4929558525851885 -4.4942327099711967 -4.4928248625380132 -4.5039529728044068
-4.4338999484177455 -4.4488367371906961 -4.4541849966335789 -4.4588329551183117 -4.4742581463359006 -4.4752264138439539 -4.4778075250978304 -4.4908470932875133 -4.4909537335230016 -4.4950076520427071 -4.4911288725797904 -4.486278479191709 -4.478241129643826 -4.4723785634469317 -4.4663712981494799 -4.4605857920376435 -4.4546981719064149 -4.4550765304225663 -4.452539136329511 -4.4474554440730749 -4.442803966215914 -4.4387031063635725 -4.4324312766417391 -4.4298494530106689 -4.4282087714659477 -4.4275806424367818 -4.4279696959904111 -4.4293056001944962 -4.4314501261304065 -4.4354779137434335 -4.4297612060278606 -4.4638219427750032 -4.4640088294286251 -4.467473996169419 -4.4743943786796976 -4.4772491775772147 -4.4796835361259051 -4.5000965316448269 -4.5019454445062674 -4.5034211911176083 -4.5022367600919049 -4.5246360178635925
-4.4459069107469453 -4.4521251562862441 -4.4714794492404746 -4.4780509630985472 -4.484315847734166 -4.4988593682069355 -4.499730138021552 -4.4983624013490981 -4.4971581527428022 -4.4959262939989522 -4.4957795164514112 -4.4896112916593545 -4.4828021383052583 -4.4764436073624649 -4.4692816629063596 -4.4704527226586768 -4.4631240133293275 -4.4564839468729112 -4.4560061503009312 -4.4443600688803802 -4.4388281370155216 -4.4339050867182177 -4.4297738304806167 -4.4239170630635698 -4.4219663669060729 -4.4213083420290618 -4.4219614052734517 -4.4238297985901838 -4.4273219363799114 -4.4309738059208277 -4.4363002083226339 -4.4400028794519759 -4.4580751442323532 -4.4655623948358221 -4.473827874871434 -4.4771756251317969 -4.4799526590341872 -4.5001921850040443 -4.5021878169890339 -4.5037264154995302 -4.5048835666690747 -4.5188860280550767
-4.4582715698123447 -4.4674381434448573 -4.4753622305604717 -4.492894024265583 -4.5010002648264882 -4.5081504960864125 -4.5131799054743995 -4.5150518447581263 -4.5091228455545647 -4.5044341165041146 -4.4951705952535281 -4.4956107474382518 -4.4883960334737001 -4.4798869125930469 -4.4792795253605497 -4.4711017992703423 -4.4631565636564412 -4.4550327491514565 -4.4476607549440432 -4.4462554745611271 -4.4449442641279715 -4.4389520553266948 -4.4338373842160586 -4.4299085418032984 -4.4252389484838357 -4.4245088163674797 -4.4255286484471812 -4.428167493743703 -4.4321415483052728 -4.4370776050429956 -4.4425729224331754 -4.449506308373568 -4.4550181794982038 -4.4814832449917557 -4.4818359695017618 -4.4894873484347233 -4.497891715018028 -4.49738580931544 -4.5170533283789869 -4.504323985341931 -4.5054171082643188 -4.5061730978654833
-4.4685879641619088 -4.485520322311646 -4.4945108680941583 -4.504558551253937 -4.5085484613085756 -4.5186262256556988 -4.5243614738729452 -4.5271996113596442 -4.5246953137696782 -4.518091884983968 -4.5075605028496062 -4.5002839410188313 -4.4970209327720498 -4.4893966245658454 -4.480993542025641 -4.4716153756428216 -4.4720922025946868 -4.4633660790210872 -4.4545780167191129 -4.4464082501523787 -4.4439208932255347 -4.4322021552818249 -4.4259118347688942 -4.4210015716844646 -4.4179564996835685 -4.4150811979493252 -4.4166076510033321 -4.4202532742933336 -4.4255792900949738 -4.4320467375971653 -4.4391113746478084 -4.4462628816942216 -4.4542807693348863 -4.4603876223006331 -4.4899001994618484 -4.486810072270095 -4.4939539595563041 -4.5046405415804127 -4.5005416812515966 -4.5195018117873333 -4.5207065287633759 -4.5215355124750936
-4.4845622197312078 -4.4764770580120627 -4.495335915191534 -4.5077252150971931 -4.5197417962312407 -4.5337339080647157 -4.5451016233009582 -4.549458688637019 -4.54565051886782 -4.5306114523728818 -4.5247080477497237 -4.512778336200415 -4.499284231009506 -4.4931985402612806 -4.4821950033245406 -4.4751370638356747 -4.4650229891770845 -4.4552559726450189 -4.4457618109750099 -4.4361356522096234 -4.4271247161414209 -4.4232792449708809 -4.4135956248962787 -4.4074058429652023 -4.4035474035380879 -4.4026617421212126 -4.4030425991746096 -4.4081019964008723 -4.4152081254311835 -4.4265323441386943 -4.4385153530381594 -4.447568471272672 -4.4559938408971194 -4.4645448939351375 -4.4705826672141695 -4.4990331152905192 -4.5067000332085883 -4.5016586311858156 -4.5003859373289883 -4.5095398059367504 -4.5214967625964864 -4.5220771240623119
-4.4804713582215889 -4.4741352880861616 -4.4865780718914392 -4.5000751293356878 -4.5177512964538415 -4.5373072647455839 -4.5613889254965603 -4.5692749788973241 -4.5573186198709132 -4.5479769203379057 -4.5338125442887485 -4.5262648874381588 -4.5077094421670107 -4.4997512245069524 -4.4854914848337231 -4.4716983584310253 -4.4639187145927348 -4.45324201688525 -4.4449989363293527 -4.4334558634841672 -4.4227966368422855 -4.4168628621209542 -4.403368159259764 -4.3953368080581363 -4.3902060820711899 -4.3891788801207117 -4.3909364788545844 -4.3981032522753258 -4.4076518594375624 -4.4184397777863955 -4.4296728764023614 -4.440617856798025 -4.4505133234640226 -4.4624316882140569 -4.4726404822624648 -4.4785435777021387 -4.5059647604707598 -4.5121745873503718 -4.5057917294775285 -4.5064268342573159 -4.5228254055379624 -4.5286937601941446
-4.471867975048065 -4.4797350983497264 -4.479084820876615 -4.4977905108050571 -4.5179579030558212 -4.539145237352348 -4.5659392064738658 -4.5815330484198622 -4.5663899034912951 -4.5597647141922861 -4.5446898815719834 -4.5300399330056198 -4.5157644605863227 -4.5065714031982242 -4.4927126650721982 -4.4743880013058757 -4.4604950350671135 -4.4491507767394918 -4.4411512902967178 -4.4299943860189703 -4.4181876359129149 -4.4062329725983513 -4.3980170247565038 -4.3955708144273258 -4.3878342425304515 -4.3910822809270789 -4.3962651232700987 -4.4057971533654801 -4.4087936245141073 -4.422658839834873 -4.4369098578117905 -4.4507988847787363 -4.4631326840125958 -4.4730387922850241 -4.4813330975222394 -4.4861026569132534 -4.4915633811576097 -4.5220852503073763 -4.5232703065883761 -4.5256488640064614 -4.5081207035894106 -4.5237334754165666
-4.4615271104726517 -4.4709883545226372 -4.4824090257004645 -4.4863313071655959 -4.5083158216999024 -4.5323389857629808 -4.5601274200588193 -4.5752101771510061 -4.5688000496577352 -4.5562320702578045 -4.541943074794986 -4.5319715359008352 -4.5182789656336713 -4.5035214374020889 -4.4936941614350623 -4.480398526347682 -4.4777511660443778 -4.4591815056622437 -4.4477814803713294 -4.4393784899370567 -4.4267974529572012 -4.4176377615304556 -4.4020916449180483 -4.3897881151199991 -4.3756695258982088 -4.3702059686519084 -4.3791460027529672 -4.3954912711525962 -4.4147037505366402 -4.4315827125357803 -4.4493071941255158 -4.4671647614797143 -4.4826346478057637 -4.4944140054100084 -4.50358615782873 -4.4940404897374542 -4.4955720472796639 -4.4952172726000201 -4.5198867192146608 -4.5257672131804227 -4.5248496194910182 -4.5314804777171496
-4.4468326685183319 -4.4556815282951643 -4.4683261742071823 -4.4856785979562543 -4.4976323241403557 -4.5282559250788408 -4.5485222221271506 -4.5604056791047825 -4.5612765006312603 -4.5550597365247505 -4.5443344082307995 -4.5299024181027008 -4.5234893744446421 -4.5135596970670058 -4.4985453547118324 -4.4843708634088451 -4.4716299978727072 -4.4628399392446587 -4.4505677826309835 -4.4336060209805908 -4.4242649139126575 -4.4098189390622693 -4.392094050395789 -4.3744835543498386 -4.3527000661629236 -4.3484051779565407 -4.365511841972177 -4.3929019275982508 -4.4151956735939137 -4.4305673433386747 -4.450204831492842 -4.4714118929213118 -4.4916661900723263 -4.5031275455588817 -4.5097926437406786 -4.5137470458188789 -4.5185235401417883 -4.5167666704881704 -4.5405323486974893 -4.521382958115959 -4.5191407527978127 -4.5242138448832083
-4.4337661658805407 -4.4409487820779558 -4.4526798210834588 -4.4696714950789849 -4.4984632767293506 -4.5154237861215503 -4.5373779605239672 -4.5520589311496424 -4.5586399140910761 -4.5628769407029512 -4.5535146715592196 -4.5374402669165512 -4.520794304075392 -4.5017918475999661 -4.4851980954631792 -4.4838589359324832 -4.4710444781432575 -4.46014996356958 -4.4506715438209294 -4.4405063121234347 -4.4254565633067129 -4.4150956303716544 -4.3974810846629122 -4.3735203266314731 -4.3455998726104914 -4.3284155311599557 -4.3658325481367095 -4.4132064108441913 -4.4402168304190397 -4.4455728416037434 -4.4688260492391487 -4.4934770998130134 -4.5091032510028466 -4.5175425052457969 -4.52108023967034 -4.5215647184153944 -4.5233025430738003 -4.518962863074214 -4.5141358876413582 -4.5349188980792645 -4.5378192120340373 -4.535685935189937
