codes_flopy/data/T&K/Benoit/Log_Plio_profCrepines_125_150m.grd
ncols 85
nrows 89
xllcorner 663750
yllcorner 6152250
cellsize 500
nodata_value 1.7014100000000001E+038
[rows 57 to 75 of 89, columns 0 to 41 of 85]
-4.3809584953533349 -4.3810018846562677 -4.3542612522669994 -4.3543791128114693 -4.5193717491503946 -4.4770259385537337 -4.4768618581754609 -4.4766689088599207 -4.4764419880957576 -4.476175072149192 -4.4758610409012434 -4.4754914662596716 -4.4269508800770261 -4.4269073938723427 -4.4219102765483314 -4.4454658118015473 -4.469553620874672 -4.475267590421403 -4.462784816414036 -4.4896221033342982 -4.4977353594790186 -4.5005660775420653 -4.4974959170269857 -4.4867719852405692 -4.4821453660488668 -4.4943171024266988 -4.4848919301269712 -4.4787550586824993 -4.5030694392648805 -4.4842250512363346 -4.4676102913929583 -4.4317470728846864 -4.4082450035658649 -4.3759427857638222 -4.3556345983004965 -4.3788415914294294 -4.405088418054989 -4.4267403920955442 -4.4471726463384886 -4.4741110989534052 -4.4869333165324914 -4.5052359305535168
-4.3809309923088904 -4.3809689216734409 -4.3810121304405811 -4.3543106916733736 -4.5194839019556348 -4.4771113500409268 -4.4769619523799626 -4.4767859862152957 -4.4765786354980985 -4.4763341719863456 -4.4760457681487544 -4.4757052670746802 -4.4753028980793044 -4.4269920299334471 -4.4269302601103817 -4.4456717062295619 -4.4736969600223375 -4.4668309935382151 -4.4632228225759309 -4.4904062623991141 -4.4987261147084059 -4.4991432985957918 -4.4982413058947683 -4.4797574437271175 -4.4832946495784096 -4.4959484728235219 -4.4817176662599323 -4.480241971449531 -4.5062636867284498 -4.4783804912757317 -4.4728094255156368 -4.4489269179660358 -4.4123817359424136 -4.3866560613016263 -4.3633908468647906 -4.3846847277302263 -4.4096675487183949 -4.432235268767041 -4.4529132190980416 -4.480233197736557 -4.4926985400629604 -4.5128704126268158
-4.3809041254427719 -4.3809367924751301 -4.3809737117756207 -4.5197979200619738 -4.519599073282583 -4.4785609206611641 -4.4770667725297111 -4.4769089484574138 -4.4767226381872716 -4.4765024999653535 -4.4762421182470167 -4.4759337645592128 -4.4755680982218147 -4.4751337897259003 -4.4270576948383153 -4.4269759577649426 -4.4455469532621041 -4.4673184499846199 -4.4553829593806098 -4.4912973600466346 -4.4998562460262113 -4.4971915239814093 -4.4971908577667392 -4.4890936516269555 -4.4769254462834596 -4.4857153247794237 -4.490819768475637 -4.4800909624211132 -4.5114141284587284 -4.4837843070909438 -4.4671166542330401 -4.4605721203527837 -4.442893430198759 -4.4119577100598288 -4.396490400147627 -4.4064823146540686 -4.4241268425521989 -4.4433238017644356 -4.4678833032144514 -4.4891150016280523 -4.5051758616893558 -4.5147872681467032
-4.3808781746240948 -4.3809058375338781 -4.3809367963022963 -4.5561097764744005 -4.5197167996705758 -4.5195060931933586 -4.4771761489187591 -4.4770376714117095 -4.4768739512459641 -4.4766801386959596 -4.4764503697051072 -4.4761775292584947 -4.4758529530943729 -4.4754660500738108 -4.4750038220271549 -4.427169426219292 -4.4270703877591524 -4.4454722596142151 -4.455935052589207 -4.4846151468822297 -4.4904493769782663 -4.4986686170883834 -4.4957155926202139 -4.4905757082709838 -4.4870200110676972 -4.4742132761005617 -4.4944012285456445 -4.4795487046800897 -4.5183498042363643 -4.4915971290232637 -4.4770193000615457 -4.4614105945259084 -4.4592939390208759 -4.4353822860452423 -4.4229586434956323 -4.4326055944341292 -4.4455193083637701 -4.460264378892929 -4.4841786701292712 -4.5005150354940966 -4.5156160731092188 -4.5288679229302016
-4.380853383687068 -4.380876351484968 -4.3809017400611561 -4.5562384964623597 -4.5198365621310588 -4.5196474778755746 -4.5194274253689262 -4.4771718151345112 -4.4770322406893825 -4.4768667826389406 -4.4766702784867665 -4.476436426050177 -4.476157503107844 -4.4758240119425237 -4.4754242278121099 -4.4274154240130414 -4.4273625999602197 -4.4459526478452567 -4.4361136632860712 -4.4558264620374732 -4.4917814484585161 -4.5003679148798597 -4.4977059607073553 -4.4903757487862093 -4.4891287646323468 -4.4852461457663271 -4.4917879737772592 -4.4916332071886327 -4.5155199525620011 -4.5011692686243583 -4.4888539926060265 -4.4761003223907156 -4.4694267437847479 -4.4716074232269118 -4.4529891487728523 -4.4541057753848721 -4.4641578517120033 -4.4767185333228099 -4.4991041935000515 -4.5144658278421019 -4.5322475613998439 -4.5447124857013286
-4.380829956777414 -4.3808485786103795 -4.5565545769530322 -4.5563679249669962 -4.5561516529010326 -4.5197907575127791 -4.5195967010410554 -4.4773107987398841 -4.477196848974776 -4.4770616912477035 -4.4769010147897559 -4.4767095294187582 -4.4764807193956022 -4.4762065319091207 -4.4758769832416219 -4.475479662198417 -4.427721993350791 -4.4276920811083986 -4.4461783499280578 -4.4364090114004799 -4.4862961660241103 -4.4915576330797773 -4.4999761899641753 -4.4898841488022745 -4.4898703342376534 -4.4885248093460195 -4.5012184344448718 -4.4910404810356468 -4.527841459644387 -4.5111915054325751 -4.5017983948494038 -4.4914325346768136 -4.4816711258483917 -4.4766586443200955 -4.4761790241031987 -4.4720179991570399 -4.4827634299029651 -4.4983397789740494 -4.5146748015036184 -4.5299214016603973 -4.546604972233804 -4.5579276160272935
-4.3808080561702267 -4.3808227102413317 -4.5566640098737654 -4.5564973561304036 -4.5563046677499921 -4.5560819706806468 -4.5197675628807135 -4.5195733107911016 -4.4773667794304393 -4.4772636697976633 -4.4771411398690715 -4.4769950963390164 -4.4768204739538637 -4.4766109863887564 -4.476358813848198 -4.4760542141335007 -4.4756850436675188 -4.4282076614214327 -4.4282382045113646 -4.4372656567926008 -4.4700563935015971 -4.4935229270282457 -4.5024870551647709 -4.4927880999544971 -4.4903504708079947 -4.4904750216780442 -4.4869992884609706 -4.5052860831933543 -4.5314819309964092 -4.5280846068103893 -4.5154725958596069 -4.5072649391253341 -4.4992828008768857 -4.4949538099411237 -4.4890650769842599 -4.5009857632828831 -4.5011927534201623 -4.5216907835236428 -4.5339190020636089 -4.5461863757339946 -4.562868091653824 -4.5729219981320073
-4.3807878016003166 -4.3807988841287262 -4.5567727796619595 -4.5566260534018195 -4.556456897465738 -4.5562619836135596 -4.5560374961771286 -4.5197763988799782 -4.5195887474492515 -4.4774710866780989 -4.4773886312252635 -4.4772906040252991 -4.4771735975485045 -4.477033362144172 -4.4768645922256818 -4.4766606652932879 -4.4764133296892954 -4.476112341804833 -4.4289603303127221 -4.4190465462121882 -4.4382238076275184 -4.4709555872608018 -4.4944214371770403 -4.5035213842727959 -4.4941779349224724 -4.4921317343479465 -4.4927508704884289 -4.5077610292234311 -4.5493289384249822 -4.5227348568905654 -4.5272343494089888 -4.5237790837932543 -4.5179901499190729 -4.5157108129137802 -4.5111715914111308 -4.5207979845606658 -4.5384734805582836 -4.5309661269087087 -4.5546134249846713 -4.5665536429194482 -4.5797642261483897 -4.5897820868558785
-4.3787327779788443 -4.3807771856264699 -4.5568802478044423 -4.556753253771392 -4.5566074280825317 -4.5564400988119349 -4.5562482288963349 -4.5199790016489922 -4.5198292272327487 -4.4776819156227008 -4.4776409429143103 -4.4775928364565063 -4.477536004572948 -4.4774684376302005 -4.477387603149122 -4.4772903237376207 -4.4771726416731248 -4.4770296800155327 -4.4768555202527738 -4.4766431325512093 -4.4452115429854704 -4.4790551381578139 -4.4725975094337445 -4.496257763272137 -4.498207327519844 -4.4970335284786369 -4.4957397895263584 -4.5155261825686148 -4.5596569953531123 -4.546695906171335 -4.5394206324441404 -4.5332118860119124 -4.5379275926721183 -4.5433483097240197 -4.5393724327791487 -4.5513016901289491 -4.5618723008127571 -4.5720550432840188 -4.5663585449771356 -4.5882836571643129 -4.5971376221992299 -4.6096539797497211
-4.3787152561423888 -4.5570798818999974 -4.5569857658984061 -4.5568781751752123 -4.5567553133122365 -4.5566151670807598 -4.5564554838033278 -4.5562737469653163 -4.5200675456155119 -4.5199409694107135 -4.4778951047734914 -4.4778980199965632 -4.4779028798033087 -4.4779100418253481 -4.4779199041779609 -4.477932925118445 -4.4779496644078867 -4.4779708627313948 -4.4779975846875972 -4.4780314637052498 -4.4619323784154865 -4.4811453595723929 -4.481182218969546 -4.4752509396019349 -4.5023321322174299 -4.5020433098354609 -4.5018172428847523 -4.5017062786417084 -4.5682355697340276 -4.558509359455118 -4.5599726923757906 -4.561582221721868 -4.5530933794214912 -4.5702608927018575 -4.5666523276854134 -4.5732781838412055 -4.5902129825282421 -4.6079739015757539 -4.6096785015906176 -4.5978401770383446 -4.6048069149795614 -4.6235043773323268
-4.3786995189026454 -4.5642611763169407 -4.557088685205926 -4.5570000291803163 -4.5568995915519821 -4.5567860110465404 -4.5566578132575559 -4.5565134124530688 -4.5563511176860079 -4.5202195377003287 -4.5201298534563126 -4.4782019808152 -4.4782688939338087 -4.4783513491239209 -4.4784527286183184 -4.4785771820151323 -4.4787298367717039 -4.4789170823613924 -4.4791469564443407 -4.479429670688428 -4.4635064555345618 -4.4641393857006619 -4.4837476391247844 -4.4843766472116435 -4.4738383965477322 -4.5070336634404358 -4.5078582239667551 -4.5090009292200453 -4.577137590550171 -4.5707233964148504 -4.5646041634047734 -4.5761951934906513 -4.5818988858519489 -4.5772721749471703 -4.5921586941083037 -4.6008353707103611 -4.6186713855264259 -4.6364089605615399 -4.6467920964290235 -4.6409175106692935 -4.6295766533980203 -4.6326939874947533
-4.3786855377773621 -4.5643481137243622 -4.5642788714723679 -4.5571180352730867 -4.5570393053770655 -4.5569514517307983 -4.5568537595754295 -4.5567455527157099 -4.5566262312413137 -4.5564953224572964 -4.5204528176994359 -4.5204175977103498 -4.4786284477696139 -4.4787852038441907 -4.4789769161800237 -4.4792113535215634 -4.4794981005668797 -4.4798490281298724 -4.4802788968476381 -4.4808061305619669 -4.481453800684764 -4.4660421413964286 -4.5059344313579128 -4.506826258736452 -4.4828494464749813 -4.4847742828282673 -4.5025834098549442 -4.5160638665830177 -4.5722827565920809 -4.5783531186172501 -4.5801627819768758 -4.59315008437017 -4.5980710060564762 -4.6072124433157358 -4.6221710830122849 -4.6224855107167269 -4.6422666683064344 -4.6658864011198729 -4.6764096710861303 -4.6698108379890817 -4.6718359648224155 -4.6583445422422418
-4.3786732560155039 -4.5644317401038794 -4.5643777833756616 -4.5643179577393589 -4.5571735247206 -4.5571103394145931 -4.5570418962050576 -4.55696839108366 -4.5568902699633123 -4.5568083162376336 -4.5567237637164091 -4.5566384420679951 -4.5208293311427017 -4.4792044367525046 -4.4794833275191932 -4.4798237845504838 -4.4802395958123542 -4.4807477715972786 -4.4813693379877888 -4.4821303250969757 -4.4830629873663224 -4.4678692490672747 -4.4694617920128632 -4.5099541410770723 -4.5117545790492093 -4.4889947517475353 -4.4922691167817401 -4.5036568535328021 -4.5270518196450364 -4.6003667791330676 -4.5887382952342382 -4.5977075001093031 -4.6165154677363276 -4.6257445773220205 -4.6487643215570102 -4.6640669448915419 -4.6699693913286797 -4.6917673281295871 -4.7034287701923683 -4.7165824160293477 -4.7055351586138663 -4.7019439738137789
-4.3671594388402939 -4.5436386733409337 -4.5644721498680871 -4.5644295079786374 -4.5643838077955481 -4.5572615842351336 -4.5572208685688018 -4.5571802384300986 -4.5571411209134309 -4.5571054754104372 -4.5570759469129856 -4.5570560602727186 -4.5570504661792315 -4.5213931239391805 -4.4799632323045264 -4.4804034017643115 -4.480940288501186 -4.4815955515105514 -4.4823958484990545 -4.4833740053390727 -4.4845704378616107 -4.4860348582486385 -4.4715407211055789 -4.5163577482712274 -4.5152538662651907 -4.5099394651180464 -4.5255456875710642 -4.5019637656553231 -4.5208007039226263 -4.5860559849208551 -4.6062222902134078 -4.6098568854315101 -4.6315780645650166 -4.6453841188087512 -4.6598834411172261 -4.6870866102646946 -4.7100263831328757 -4.7281121286394745 -4.7353276247751976 -4.7464136268622248 -4.7502457536542719 -4.7287062104346109
-4.3671479731886302 -4.5734357075630578 -4.5436990969446605 -4.5645349488894746 -4.5645083405775502 -4.5644824763918033 -4.5573894344292327 -4.5573795461300541 -4.5573768484757764 -4.5573843749604936 -4.557406054307636 -4.557446946458489 -4.5575135382904071 -4.5576141138316935 -4.5221390106793544 -4.4809401442321839 -4.4815875090152097 -4.4823764394154662 -4.4833384455515688 -4.4845121671284636 -4.4859449582846533 -4.4876947776707548 -4.473418014107521 -4.476202136901386 -4.5218878258230948 -4.5136151472218975 -4.5181611310378482 -4.5354799229863714 -4.542054892081012 -4.5944563908961733 -4.6139086109906735 -4.6108299036629781 -4.6348768068526223 -4.6612060361352228 -4.6800978757049831 -4.7100574394213002 -4.7322635826700559 -4.7667763531829941 -4.7792265504558626 -4.7910751066716184 -4.7934392252994602 -4.7793182220344965
-4.5970067752603079 -4.5969797678348421 -4.5969510451873532 -4.543782304323817 -4.5646248083828098 -4.5646198523583443 -4.5646206059131718 -4.5575649524342454 -4.557595754803236 -4.557642894224875 -4.55771143330852 -4.5578077791340537 -4.5579400184305392 -4.5581183337589275 -4.5583555195236221 -4.5586676205263661 -4.4835089106011603 -4.4830768813115149 -4.4841802538745537 -4.485523846937272 -4.4871605637263601 -4.4891549005838121 -4.4915853290625112 -4.4781729932404142 -4.5246517883602166 -4.5287309340309552 -4.5219393337256735 -4.5282269435847917 -4.5358751192475477 -4.6199674517460139 -4.6267356978714433 -4.6478795138212865 -4.6414640651293819 -4.6620449275534295 -4.6988040912244893 -4.7242180135961203 -4.7576008139075778 -4.7978212117146484 -4.8243421086247933 -4.8410375000042425 -4.8369471554598649 -4.8235643172801073
-4.6179044331038526 -4.5970468699769507 -4.5970305217015062 -4.5970150661108731 -4.5735650141809927 -4.5439239734423644 -4.5647700007485721 -4.5648052470825826 -4.5577964307770458 -4.5578792820043672 -4.5579899059735531 -4.5581358487102701 -4.5583265358928919 -4.558573721258572 -4.5588920385424023 -4.559299679468424 -4.5598192244329745 -4.5251157967006108 -4.4849080017920651 -4.4863927268813306 -4.4881972229608031 -4.4903906546401009 -4.4930568809592586 -4.4962973369409491 -4.4838973109556379 -4.5314471073019194 -4.5275934940602527 -4.5318539574822578 -4.5401545746883629 -4.5502034207597628 -4.6288836808884515 -4.6470242113709146 -4.6696452850124919 -4.6887147563627458 -4.7297555346653493 -4.735016219971806 -4.7768650434613251 -4.8301050778962145 -4.8608518276919197 -4.8891970891671681 -4.8910537363175468 -4.8663233432559521
-4.6179561553162447 -4.6179431179451909 -4.5971044175482829 -4.5971023568998683 -4.5971045345165473 -4.5736886067258835 -4.5737249930957979 -4.564964915144305 -4.5650435753180707 -4.5580922035970861 -4.5582398280194818 -4.5584291309988991 -4.5586706019394407 -4.558977221918008 -4.5593650342797325 -4.5598538406467775 -4.5604680476501267 -4.5612376937097601 -4.5621996893322931 -4.4871075350942311 -4.4890413633787771 -4.4913857051943529 -4.4942273671603221 -4.4976709741969616 -4.4853793383622609 -4.5224269214493908 -4.5393715473000906 -4.5371182467903344 -4.5432629701851246 -4.5537907449214234 -4.6339796350315741 -4.634666494197818 -4.6733584273149535 -4.6965164923138847 -4.7206053425402814 -4.7636123652398119 -4.8048933602513184 -4.8589151122739969 -4.9114515352623291 -4.9535512578059393 -4.9590245629869729 -4.9012751009394835
-4.6472239991900155 -4.6180002250580223 -4.6179983521362296 -4.5971823804338241 -4.5971987398354353 -4.5972234960783434 -4.5738477831052347 -4.5739196100764721 -4.5740133012642419 -4.56534248773578 -4.565510760046795 -4.5586863302902847 -4.5589706604642126 -4.5593269764950852 -4.5597722993136438 -4.5603275032170805 -4.5610181532422587 -4.5618755129102624 -4.5629377521811207 -4.5642513886650988 -4.5658729978453581 -4.4921322684124627 -4.4950880367879824 -4.4986581175091596 -4.5029678229851342 -4.4917348479571784 -4.5410389083760165 -4.53887890202083 -4.547740019556139 -4.5558696472133713 -4.5687101307527538 -4.6377936753003688 -4.65512004203896 -4.6947107131086048 -4.7189451197122043 -4.7529811054495443 -4.8008790092828129 -4.85973106507124 -4.9118681754082401 -4.9537339974867631 -4.9517874610861874 -4.909533361882314
