codes_flopy/data/T&K/Benoit/Log_Plio_profCrepines_100_125m.grd
ncols 85
nrows 89
xllcorner 663750
yllcorner 6152250
cellsize 500
nodata_value 1.7014100000000001E+038
[rows 38 to 56 of 89, columns 42 to 83 of 85]
-4.005477554342999 -3.9814150818035108 -4.0362829340518118 -4.1072292696439936 -4.1824478928172226 -4.2570024984369903 -4.3223113865396066 -4.3697846711963146 -4.3661364160362588 -4.4295488329291253 -4.4976647607091609 -4.5307688978392306 -4.5581605632136704 -4.5710186403580257 -4.5693013746153195 -4.5563923185378918 -4.5337153150463143 -4.5010304081161578 -4.4611688720771232 -4.4569202474591449 -4.4409841848589195 -4.4075053262566488 -4.3593945989453555 -4.327351302302973 -4.3377750231909769 -4.3634139204063809 -4.3922644771989416 -4.4176275460363419 -4.4421160025168005 -4.467751269998173 -4.4908251010490945 -4.5055574968270777 -4.5004311434083144 -4.4796679896683402 -4.4627499821656516 -4.4558808460878527 -4.4560359235929621 -4.4589274723914674 -4.4579814129166557 -4.4616223594959514 -4.4665888891919421 -4.4707696989607753
-4.0212080826462611 -4.0150326378301608 -4.0484495482432852 -4.1057709047011208 -4.1736658569462577 -4.2445047123119775 -4.3130051557026814 -4.3731489827024861 -4.405133950625661 -4.4457376452739021 -4.4926582033258411 -4.5274680672278791 -4.551932387972804 -4.5665482040242136 -4.5687336691920226 -4.559210112038186 -4.53909369286706 -4.5101699059370048 -4.4807556810120612 -4.4647896456945606 -4.4467424157128042 -4.4223392554411873 -4.3947480365409346 -4.3755414593903668 -4.3747919576196352 -4.3882710748228568 -4.4009123421104803 -4.4132185200397087 -4.4287770041947461 -4.4499095824490418 -4.4677555024467273 -4.4776813795392965 -4.4787243467781304 -4.4719864649959113 -4.4686566108330288 -4.4661944093551771 -4.4665559779600326 -4.4689470667209328 -4.4722382430068386 -4.4704965281113909 -4.4747517670951265 -4.4781501145918829
-4.0371165826952566 -4.0338568684080833 -4.057220841890393 -4.1040851473265629 -4.1652856036328396 -4.2323523700947066 -4.2984224596785117 -4.3567936788256931 -4.4035810387290324 -4.4461738406826763 -4.4871837657403848 -4.5224339381419325 -4.5502301050646468 -4.5676784021350878 -4.5753888812717545 -4.5712961584011946 -4.5569435106660965 -4.5363778295207746 -4.5151759078102023 -4.4954163186705873 -4.4717983323476389 -4.4537301419685011 -4.4365134542080877 -4.4182197133174128 -4.4082255006297775 -4.4091784325471313 -4.4144177134676426 -4.4056166706688717 -4.4072071634577998 -4.4270637245121751 -4.4459989767660923 -4.4537132115823672 -4.4607380224542705 -4.4641329127099469 -4.470816194807095 -4.4744006460420094 -4.476094851016712 -4.4783804722505556 -4.4813511955164476 -4.4791395080215324 -4.4828068809398776 -4.4855176869190867
-4.0438307022979014 -4.0360135830000381 -4.0536311125990583 -4.0957950177315556 -4.1545210816878821 -4.2202396057142053 -4.2853129486540293 -4.344519424757455 -4.3959069215231787 -4.4412045182401645 -4.4821542268718888 -4.5188982426829361 -4.5510282126071644 -4.5752217204387442 -4.5902842404532729 -4.591634584445039 -4.5820453438876196 -4.5680434362808331 -4.5541483913197833 -4.5412021003988583 -4.5182669086706788 -4.5101099560301714 -4.4851007930701883 -4.4572034582980677 -4.4342504028332197 -4.4165602213810917 -4.3987510101006473 -4.3787446063189943 -4.3740409912676146 -4.3874719760850027 -4.4102902469576275 -4.428156378024215 -4.4434355040848716 -4.4562003154528931 -4.4667671441165604 -4.4803399251444187 -4.4836077748230512 -4.4867633692665336 -4.4900007731432172 -4.4931329344070567 -4.4908332438658398 -4.4929410722006873
-4.0392252935407313 -4.0228642157843568 -4.03552181002682 -4.0792154552928626 -4.1417146725923946 -4.2100637933259755 -4.276463838634152 -4.3369371664494505 -4.3901382864025482 -4.4366441653481452 -4.4779375306758791 -4.5161267284285822 -4.5535574214411785 -4.5882065866250201 -4.6144613818023617 -4.6173118141380343 -4.6088405277312381 -4.599250845221019 -4.5920014085074516 -4.5896132884056557 -4.595103756593188 -4.5708355968843541 -4.5298786731136342 -4.4917920143652275 -4.4559326920581519 -4.419601548547881 -4.3798535281124069 -4.3405127860449069 -4.3227205135020039 -4.3433366796833583 -4.3735347498265069 -4.4050935108575366 -4.4298328913208218 -4.4498391521040475 -4.4652530344497317 -4.4818074506702983 -4.4891850689545514 -4.4944591258658368 -4.4984884992819865 -4.5016891774872771 -4.4990064306258493 -4.5005410225886262
-4.0303508173170943 -3.9968266810805142 -4.0025553362540984 -4.0579980251840926 -4.1315227404352415 -4.2054201124370465 -4.2740796632296645 -4.3355066181979351 -4.3891828858177142 -4.4354965369637522 -4.4755664032008546 -4.5123192658053917 -4.5530821369051742 -4.5975528059861199 -4.644330510859243 -4.638300385511247 -4.6307787085036098 -4.6252805017040517 -4.622332496492338 -4.6214187863055418 -4.6171178744095478 -4.597660687748987 -4.5632201632283813 -4.5231338550390188 -4.4795428877031798 -4.4306775512963847 -4.3736413873522801 -4.3076417489492922 -4.2595364568761136 -4.3049821602563352 -4.3569473531591605 -4.3923947674963868 -4.4235759630987515 -4.448899368089438 -4.4667086492751586 -4.4812066658782834 -4.495840400840283 -4.5027756998154285 -4.5075160142343291 -4.510732126158401 -4.5075929006331865 -4.5084801587371652
-4.0323844476158719 -3.9731774018965789 -3.9601539951018045 -4.0486612517283858 -4.1339727849798891 -4.2113796874340679 -4.2806412328196091 -4.3417517277283864 -4.3948351408886204 -4.4401656893276336 -4.4781525515547891 -4.5093539287543773 -4.5493336320697839 -4.594605294489285 -4.6294556692987472 -4.6420437682224591 -4.6440081914420306 -4.644647338826033 -4.6457158448669809 -4.6457805183475012 -4.6409333323102402 -4.6239132274136763 -4.5946271460980945 -4.5562239273218701 -4.5105642105403572 -4.4572681882930372 -4.3951739512276653 -4.325194297522641 -4.2751061725870549 -4.313697552730682 -4.3623872771247632 -4.4038325979319763 -4.4285473112270211 -4.4538541893919232 -4.4734526656140163 -4.4892101725412372 -4.5052799386234987 -4.5129523667408638 -4.5178586005049102 -4.5207344655231685 -4.5232352177776463 -4.5179677544854311
-4.0643229442688167 -4.0162241408016222 -4.0128072671902588 -4.0809367149669935 -4.1586517862261827 -4.2315126446982205 -4.2975557599909937 -4.356398882520887 -4.4079483866703937 -4.4522300962954855 -4.4896296918964937 -4.5222937990782048 -4.5578348192303988 -4.5931149392905812 -4.6227449706274388 -4.6411314024342749 -4.6517147340462071 -4.6591842150049327 -4.6653830234741731 -4.6694038353933154 -4.6685241276068989 -4.6557639520314922 -4.6303994175791585 -4.5950963755211074 -4.5514842153427226 -4.5004448692042285 -4.4441912553939913 -4.3904000581747908 -4.3598036544514684 -4.3669070256556832 -4.393750075336146 -4.4246404264100407 -4.4530819992903208 -4.4671693022378722 -4.4856270603484356 -4.5019399122283197 -4.5182690879473197 -4.5257744275017115 -4.5301104783018182 -4.5320781595714932 -4.5334818790712017 -4.5214605356311921
-4.1201175179835445 -4.0960967165722026 -4.1019303301824213 -4.1434546304435438 -4.2023411844201863 -4.2643416575283695 -4.3238348681731784 -4.3787198359593784 -4.4280349155362213 -4.4712235471558204 -4.5082793281375757 -4.5406208286986578 -4.5709914287846782 -4.5973625883835183 -4.6223315474460316 -4.642149496773472 -4.6578628601309724 -4.6712201535675444 -4.6831126811609813 -4.6931313189427986 -4.7001900158619083 -4.6935666949587516 -4.6714235998776248 -4.6406008162221157 -4.6014744290708052 -4.5553728758551824 -4.5061996405980915 -4.4618693983021158 -4.4341086244091006 -4.4276066555093259 -4.4371427144726336 -4.4557345640760957 -4.4768351480538655 -4.4876882448779165 -4.5038565828373089 -4.5192467099200062 -4.5351923192449659 -4.5416941283050569 -4.5446173068480142 -4.5449595807778067 -4.5399659052077679 -4.5358987734440817
-4.1812070809967006 -4.1707000074932576 -4.1794233903669449 -4.2092791317008915 -4.2536460390408894 -4.3044240997245451 -4.3563487427271061 -4.4065852101776581 -4.4534497700957472 -4.4955409780953755 -4.5315375612258508 -4.5610151642211214 -4.5854086114156489 -4.6043983284885917 -4.6248504804573045 -4.6445501887525502 -4.6635870325279569 -4.6818344633234794 -4.6991083167708307 -4.7148921941085034 -4.728191509500701 -4.7290604729393459 -4.7152741903999953 -4.6916700283402086 -4.6583944713192444 -4.6168270065290713 -4.5713313474215251 -4.5292711365394656 -4.4992611195014973 -4.4840336624915178 -4.4820505546786089 -4.4906086451547917 -4.504685185229139 -4.5220972891302971 -4.5259335425943039 -4.5406604027255622 -4.5499381058177724 -4.5609436493711257 -4.5614447969372867 -4.555028323234394 -4.5563553251706868 -4.5506058139751744
-4.2387130337236485 -4.2356754044701503 -4.2456113250027414 -4.2694311689785867 -4.3043775128624056 -4.3461875115284538 -4.3912255285204456 -4.4370195023988712 -4.4817845754446388 -4.5234902157427825 -4.5588094844996956 -4.5841466537405067 -4.5976765960148889 -4.6112811504203188 -4.6267959194481953 -4.6462364544657619 -4.6684582873651346 -4.6911785463645117 -4.7132056167238412 -4.7340351131562528 -4.752697557140495 -4.7627750509668196 -4.7612854173751069 -4.7472679446894901 -4.72058150829639 -4.6817929548823285 -4.6354906748188336 -4.5903546696379562 -4.5553086874715643 -4.5324528329304545 -4.5236288145171226 -4.5249545923005199 -4.5337529980285582 -4.5474046672280215 -4.5635273774411607 -4.5670554518757882 -4.5758955724224677 -4.583504161154675 -4.576492474558286 -4.5702452943328087 -4.5689531685057467 -4.5609864600634369
-4.2901846770513936 -4.2915107709389133 -4.3019245734674847 -4.3220566265635876 -4.3507315616061204 -4.3857641168215 -4.4249740634575101 -4.4667042190391912 -4.5097380157110267 -4.5524786213209447 -4.5900228761825499 -4.6105994897282221 -4.61187168719513 -4.6144730057745829 -4.6242132671277023 -4.6448009734040205 -4.6720379313556926 -4.6992765688370444 -4.7250321020344179 -4.7505203341822924 -4.7766319125694521 -4.7983280518223772 -4.8096079225588406 -4.8055694886233029 -4.7866684329069678 -4.7487493172486843 -4.6961785583171123 -4.6433651393432216 -4.6013331683469065 -4.5732942966585215 -4.5603280724600799 -4.5571008520440737 -4.5608493230455363 -4.5714009658732015 -4.5908052276955953 -4.6109560022872831 -4.6070336329099559 -4.6055056494940079 -4.5961848013238669 -4.5906819789004141 -4.5864862786257383 -4.5783868699447252
-4.3354606813322256 -4.3393477773705786 -4.3497359906042838 -4.3671904869127536 -4.391285975607242 -4.4209522479116412 -4.4549916066892647 -4.492468933273118 -4.5328751614981275 -4.57607269490651 -4.6213590916937806 -4.637596904607947 -4.6198599336143698 -4.609899176856409 -4.6122195375151227 -4.638239800895855 -4.6757887021366003 -4.7065007574277224 -4.733135587637058 -4.762343161655167 -4.7944888873166969 -4.8300745322311354 -4.8567129718303645 -4.8581051794161914 -4.8525832270094682 -4.8148882623620413 -4.748452493064776 -4.6857831579283271 -4.6357072017138474 -4.6054365525513328 -4.5933469014575099 -4.5884296307530583 -4.5871961903393679 -4.5907513260108459 -4.6161322239674973 -4.647290698966847 -4.640021872004997 -4.6298886486928543 -4.6175150647652679 -4.6048438676236465 -4.5979209074076266 -4.5877778123543402
-4.3751356838481907 -4.3803674195718418 -4.3902782223896111 -4.4054340739975313 -4.4257801814753313 -4.4508134934280736 -4.4798542080495807 -4.5122703282593886 -4.547542822605557 -4.5849383748217285 -4.6207549755571531 -4.6323206050272132 -4.6148559030127272 -4.5988085809985364 -4.5870801181515226 -4.6283653061719079 -4.6864246344127807 -4.7119903641950085 -4.734349077152058 -4.7628116702261334 -4.797294910518028 -4.8397559972245325 -4.8787591260924952 -4.8795302842390385 -4.8857820062736828 -4.8518596810808114 -4.78141107328742 -4.7181062240702989 -4.6602181067291202 -4.6334979606849496 -4.6276669834564057 -4.6228535608734358 -4.6192953602540365 -4.6195992013431955 -4.6420650753010575 -4.6683715696612769 -4.6732974082794829 -4.6489045210944395 -4.6312533152732023 -4.6197217933730972 -4.6077174340023035 -4.5960449367040139
-4.4100117402913916 -4.4156433780867088 -4.4246414243756469 -4.4375814053045968 -4.4545705106625295 -4.4753494147342447 -4.4994234865290412 -4.5261237872909126 -4.5544475233409294 -4.5823275494089577 -4.6046897655534167 -4.6133088575821368 -4.6039566898397961 -4.5940507762664398 -4.5906003409996323 -4.6336199695433926 -4.6914560537895964 -4.7063677815746399 -4.7243646727885373 -4.7499881912913722 -4.7811280706410626 -4.8162695290219046 -4.8452253616885708 -4.8586803202704765 -4.8594802977426914 -4.836688211982989 -4.792592321503081 -4.7452606170230567 -4.7021104556162552 -4.6783547632664257 -4.6691248918645494 -4.6623097581404966 -4.6577084168387923 -4.6580637333053936 -4.6660994129833568 -4.6748506814295938 -4.678776264786503 -4.6493358655459245 -4.6411605075707287 -4.6298386315865834 -4.6156810033137461 -4.6030378221139836
-4.4429327698125549 -4.446066923042971 -4.4537579202646143 -4.4644688434083761 -4.4783381338953703 -4.4951728933805466 -4.5145087834591839 -4.5355906523852916 -4.5571946675593606 -4.5772353518836866 -4.5924916342873257 -4.5999714043971629 -4.5955787275540514 -4.5952398026538015 -4.6037125475880734 -4.6308581898476167 -4.6633044053313624 -4.6843852314890153 -4.7024261019221321 -4.7252509767294608 -4.7516553842807765 -4.7805402955048688 -4.8061034199999302 -4.8227016846989583 -4.8272176172531021 -4.8170101133556269 -4.7947401251867676 -4.7689272198914194 -4.7449865285194974 -4.7278849169850314 -4.7152510658517901 -4.7043359257726545 -4.6949705022287382 -4.6899177713384201 -4.6886614385855623 -4.6879769556825126 -4.6849418994259135 -4.6765854162830607 -4.6507330574633512 -4.6366382528631052 -4.6220997613624482 -4.6095728789511572
-4.4670972967987073 -4.4745281241343857 -4.47837200311342 -4.4868816536350025 -4.4978791987164186 -4.5111560287430006 -4.5262485770327334 -4.5424131552572664 -4.5585430418762645 -4.5731012626198959 -4.5843461400297851 -4.5912517999682558 -4.5891477167061971 -4.5935527715428748 -4.6031460095857231 -4.6201907907993007 -4.6399842673806617 -4.6571782339208427 -4.6744720522493886 -4.6924820775308209 -4.7148966723435652 -4.7409005377056301 -4.7665430678512317 -4.7868265908709553 -4.798182179034816 -4.7997279617119339 -4.7947817122195753 -4.787626601843388 -4.7818705508460537 -4.7748589774047137 -4.7603840652229437 -4.7447219766160806 -4.7307851469146387 -4.7197141649022427 -4.7125485094285073 -4.7022301554901738 -4.6943661919318718 -4.6865223719577731 -4.6580192720299483 -4.6423856572256543 -4.6274422731025124 -4.6144371746621529
-4.4908756877107923 -4.4934556485526826 -4.5014617529797869 -4.5055019518571608 -4.513962239566121 -4.5241621837855641 -4.5356592073245627 -4.5478052843183931 -4.5597397164065443 -4.5704526516264288 -4.5790375139617945 -4.5781346987680118 -4.5831700082546263 -4.5885183487239027 -4.5962664150992296 -4.6069629488947754 -4.6188420865279847 -4.6299683865042374 -4.6423719538790671 -4.6552037539069389 -4.6739370642993103 -4.6999589512084103 -4.7293167996736702 -4.7555699485512033 -4.7743355520516424 -4.7850976426787275 -4.7918487333050113 -4.7989609383135914 -4.8119963545457907 -4.8215128602502224 -4.8016790126175488 -4.7807789137056975 -4.7627865252531967 -4.7485708070979307 -4.7341029099571701 -4.717751166050741 -4.7053988419675088 -4.6933329773770618 -4.6932841894965271 -4.6476281092006682 -4.6320579867199969 -4.629012062568763
-4.5114405316042419 -4.5119042587564699 -4.5149080172646734 -4.5235279043063716 -4.5299522562780474 -4.5349261651118455 -4.5434964655638694 -4.5524627979135817 -4.5612042974682323 -4.5690796657573918 -4.5756023115203934 -4.5728711813611795 -4.5774568194355103 -4.5820243639136251 -4.5873821455949413 -4.5935701989799345 -4.5997193154675733 -4.6048571338250106 -4.6108664937077863 -4.6161083377126051 -4.6296990894582679 -4.6590045625400434 -4.6968434350511963 -4.731675461735283 -4.7574752678795242 -4.7734664665829403 -4.7851196520391008 -4.7989001203216661 -4.8211604001811619 -4.8416985800271979 -4.8266251561497482 -4.8079013566144404 -4.7913715492945688 -4.7735262695125744 -4.7543721846087417 -4.7334204557977335 -4.7193690464394873 -4.703072115538812 -4.7002782914162893 -4.652448985026278 -4.6466953752310705 -4.6125876978556057
