codes_flopy/data/T&K/Benoit/Log_Plio_profCrepines_100_125m.grd
ncols 85
nrows 89
xllcorner 663750
yllcorner 6152250
cellsize 500
nodata_value 1.7014100000000001E+038
[rows 38 to 56 of 89, columns 0 to 41 of 85]
-4.3721001560103963 -4.3807529192407983 -4.4025710108693294 -4.4149914605269611 -4.447439487588114 -4.4356575668557605 -4.443277977869192 -4.4996274090907509 -4.5009584138877079 -4.5263931778302915 -4.520484476149262 -4.5143523822882976 -4.4970755989789151 -4.5084802551943257 -4.4843919509989583 -4.4620399371906192 -4.4380284255301827 -4.4275694569446218 -4.4259538357284383 -4.430234874917657 -4.4260771741039893 -4.4397594086498149 -4.4369211391788737 -4.4407760440758484 -4.4396069015663553 -4.4387842451781854 -4.4474575092830513 -4.4510425435438945 -4.4550715753445376 -4.4375647659905972 -4.420772247652982 -4.3939614366872322 -4.3700984821221152 -4.3412517726676576 -4.3108019980858661 -4.2757272749410413 -4.2350297424451835 -4.1961571812255229 -4.1610523528394516 -4.1244624173430999 -4.0863585275828775 -4.0466335141321945
-4.3779777793543984 -4.3881056935938547 -4.41157603190958 -4.4296517003132987 -4.46064177435745 -4.4522439582103788 -4.4628959030342692 -4.5198296353001828 -4.5227033561798065 -4.546876771102891 -4.5311217312048173 -4.5306461312070461 -4.5502823291553813 -4.5164602578655302 -4.4882428715112761 -4.4600295239981032 -4.4265474391252067 -4.4089473406945618 -4.4165797118068193 -4.4254885127889789 -4.429347591624845 -4.4295032753206272 -4.4350302165389239 -4.4376154426945877 -4.4332175957505502 -4.4268823348167068 -4.4659508950797902 -4.4709477995566118 -4.4578929556863303 -4.4390607099720505 -4.4191196356728977 -4.3931954222749239 -4.3697062164087521 -4.3394067480086553 -4.3119600920251955 -4.2747264526855737 -4.2327120167469632 -4.1934029856476807 -4.1595826025789382 -4.1226178539258571 -4.0853002029445697 -4.0507042871972789
-4.3834733938659296 -4.3950975593666666 -4.4203250497294766 -4.4344349401081189 -4.4816338494203087 -4.4699273837130686 -4.484676222860192 -4.5146502302351887 -4.5488077795862978 -4.5720049055012515 -4.5992449852253383 -4.5902537456887904 -4.5650402671565775 -4.5286753093187446 -4.5052258930475446 -4.4678118783527783 -4.4333140565330451 -4.4150818414537207 -4.4207270051380529 -4.428513732833486 -4.4318210312770274 -4.4317861630900399 -4.4371532577809782 -4.4402319971231501 -4.4388530117182192 -4.4424900793812618 -4.4695881246274576 -4.4691910269964676 -4.4470324323296504 -4.4345884196074179 -4.4158997349635047 -4.3934421477253212 -4.3707284220202354 -4.3422396271021704 -4.3152070483527867 -4.2794127761698997 -4.2406766841110377 -4.2024649782385266 -4.1657926768975022 -4.1287680309947143 -4.094380804537086 -4.0620306658813181
-4.3882623689689284 -4.4012864762246231 -4.428232628072589 -4.4447782804129154 -4.4983279013199482 -4.4876395662340167 -4.5076919914749753 -4.5422825744928659 -4.5797333232677753 -4.6430208749401842 -4.6247763166645024 -4.6063316618716073 -4.5827574653590473 -4.5498364175363539 -4.5200321858700194 -4.4845124938645267 -4.4568400132351904 -4.4420616689329844 -4.437287252780278 -4.4389017809696378 -4.4355324779341121 -4.4375512803844188 -4.4386533249123552 -4.4463774937845937 -4.4472934918324203 -4.4477487154142308 -4.4607363490488057 -4.4559111828993405 -4.4361535850138543 -4.4252411555141506 -4.410078004580555 -4.3919657364081015 -4.3732820667544132 -4.351037225143517 -4.3211842990735558 -4.2870811586435869 -4.2506308709166465 -4.2133288423508803 -4.1758288536965686 -4.1383616109356742 -4.1031210669745892 -4.0695741143478061
-4.3920087189633996 -4.4061905606081249 -4.4257195815339623 -4.4533232020022853 -4.5059105753390254 -4.528069044129297 -4.5297327647676777 -4.5666245877658191 -4.6548838175920508 -4.6723142196645071 -4.6538473801260061 -4.6292234202189091 -4.5898761415492011 -4.5620979613712027 -4.5368905721312682 -4.5035634530172901 -4.4793948757174755 -4.4654627117904226 -4.456153086902205 -4.4526891693940582 -4.4455387148711196 -4.4454510767259459 -4.4495886524611672 -4.4528694219948202 -4.4526525286572749 -4.4479945542280959 -4.4507883386986355 -4.4423018627291464 -4.4240516848753844 -4.4121886826517667 -4.4024582559519985 -4.3901974906464627 -4.3780416689187307 -4.3585241236238756 -4.3267404817125517 -4.2954979881895277 -4.260912987093544 -4.2247177471995254 -4.1871549997546049 -4.1484678146057918 -4.1093590401130413 -4.0720843193627614
-4.3944144128468103 -4.4093638657324554 -4.4299488871361437 -4.4590180833347359 -4.5032466646642355 -4.5423943374819711 -4.5465796160327807 -4.6442627215737469 -4.6897300161697553 -4.7116126375991572 -4.6825621827011057 -4.6492817392436541 -4.6059931004128867 -4.5769076394886374 -4.5647119672814416 -4.5207783945322229 -4.4984322514341102 -4.4848585633226605 -4.4733163245578398 -4.4697291143874818 -4.4532849234399343 -4.4540585251430276 -4.4568308740044884 -4.4588742392407896 -4.4551327843780868 -4.4543225547361116 -4.4465550185779747 -4.4352110487371217 -4.4178355936009286 -4.3983585855600822 -4.3973811785480246 -4.3893951216086213 -4.379210100165027 -4.3617011683549123 -4.3320738033162387 -4.3035301748457133 -4.2712638454377334 -4.2367027711584448 -4.1997441308754118 -4.1601849537973488 -4.119417546037667 -4.0746895728886088
-4.4024284600990091 -4.4104911145856658 -4.4314461805061498 -4.4610400127466363 -4.5071047749658382 -4.5432212988377172 -4.6113629829435405 -4.6539498089863693 -4.7090964135687976 -4.7436017812722149 -4.7010468721119132 -4.6592646880257842 -4.615646216140771 -4.5889773274063455 -4.5703823925394156 -4.534454840709996 -4.5134834762638212 -4.5011490228687627 -4.4877814916410852 -4.4840434126293838 -4.4748889080007492 -4.4623846988321425 -4.4638189247833937 -4.4607122210867605 -4.4586605514169779 -4.4556782860315938 -4.4442195919398522 -4.4334315378170732 -4.4188351110858157 -4.4079918363732746 -4.3961125857996413 -4.3901249864795862 -4.377609318281074 -4.3616572134612746 -4.3383260897457978 -4.3096529586654482 -4.2819331394969016 -4.2498094630912933 -4.2145715919930424 -4.1757308367380652 -4.134483190768746 -4.0862897815338286
-4.395925380371386 -4.4094675650434345 -4.4270604307329489 -4.4591063568134892 -4.4827371453681035 -4.6090050713685153 -4.6151283002048293 -4.6437738072727059 -4.6877089150170574 -4.6927181786821874 -4.6899833186048285 -4.6565442739658156 -4.6171045018632073 -4.5956969227916709 -4.5689300727477349 -4.5491113367624525 -4.5246366595535559 -4.5131695105431344 -4.4994101722129907 -4.4949876301881275 -4.4875139798970061 -4.4699068393174395 -4.4703002774103755 -4.4639678713658757 -4.4624381011263674 -4.4563766094521222 -4.4451764537313405 -4.4367181778832698 -4.4241949112980938 -4.413978334698851 -4.3995465995892227 -4.3915691033934987 -4.3780343463569507 -4.3632890778298208 -4.3439865968707192 -4.3174905640685806 -4.2933581978466897 -4.2645479001208235 -4.2324359970313656 -4.1987413248535068 -4.1585620300894792 -4.113634752202743
-4.3995898314929232 -4.4064265110098315 -4.4229503319045511 -4.4449718448055373 -4.474977214839881 -4.6003891551502587 -4.6013256340287807 -4.6248148245431846 -4.6534115391694773 -4.6569390593681543 -4.6650007566384373 -4.6448637137633675 -4.6118238262203715 -4.5956523553642779 -4.5723366867740385 -4.5649727736495 -4.5322676704756537 -4.5174764894761887 -4.5083756651439293 -4.5005207011501174 -4.4956701965193826 -4.4764138656875421 -4.4761641999956465 -4.4687005783817551 -4.4736827498523422 -4.4590863308664286 -4.4478743493344961 -4.4402267495535934 -4.428899778121397 -4.4154271060370371 -4.406177046970897 -4.3919851854225644 -4.3809997378473486 -4.3661039954301479 -4.3493065598624874 -4.3271264261904525 -4.3039058558907106 -4.2810503494554233 -4.2557325393452059 -4.2249526774062192 -4.1910812600624849 -4.1550360967727515
-4.3960431272509322 -4.4017002006952977 -4.4166772518617297 -4.4366001554353147 -4.5465886476633921 -4.5884122020805167 -4.583805140637117 -4.5977973563957359 -4.6250818287121849 -4.627615855238389 -4.6219614821582002 -4.630013620702174 -4.6027156928980766 -4.5920121801404683 -4.5723940123001361 -4.5599227586318278 -4.5311522827028092 -4.523356280769514 -4.5141661435660243 -4.5073092276696389 -4.5023499379596368 -4.4848999224221515 -4.4813546602358993 -4.4731626831537836 -4.4785260189566651 -4.4577209768752351 -4.4515127263566505 -4.4443876021241753 -4.433225486843412 -4.4192197547905367 -4.4090482748597548 -4.3975176467326769 -4.383280412200544 -4.3693162151061964 -4.3550226140190906 -4.3392584712421547 -4.3183415898747155 -4.2989891436161187 -4.2791559722663157 -4.2546859906190582 -4.2286582662994299 -4.2028619824116102
-4.3914923920106066 -4.4028879680218997 -4.4089198901414299 -4.5143848032228071 -4.5357726515953081 -4.5766994551906013 -4.5861657934797391 -4.5753976587286553 -4.6023421070578276 -4.6030509824762058 -4.5970622770706093 -4.5993226933441074 -4.5921740938421927 -4.5863184804945325 -4.5701516395992723 -4.5549406484674826 -4.5493914270533935 -4.5210847332311186 -4.5156940351643797 -4.5124076557368111 -4.5076558572864363 -4.4855968723002064 -4.486327170192121 -4.4768165091819361 -4.4801884057491819 -4.4615306001974613 -4.4557097962932986 -4.4495341197108207 -4.4378180137277941 -4.4229124828150406 -4.4112538901015075 -4.3987434534893826 -4.3847091587207059 -4.373965414487559 -4.3606458198473623 -4.3485917274096826 -4.3320599669595676 -4.3181834985623286 -4.3037440634801118 -4.2858908814059937 -4.2676099666759422 -4.2508099921961318
-4.3862624882253201 -4.39638019412833 -4.4954497604287678 -4.5053325536907289 -4.517278910795719 -4.5344250925331577 -4.5700489148959402 -4.5554871484578872 -4.5929190014474974 -4.5812212309148084 -4.5770102675494764 -4.5743903812878202 -4.5808868106439373 -4.5797454560091033 -4.5665448903365213 -4.5537627092103126 -4.5414347680828486 -4.5394032718353579 -4.5097122353477497 -4.5185325616908552 -4.5117392413387645 -4.5040815882326157 -4.4901044019205401 -4.495462199610996 -4.4844620009485485 -4.4654163365904314 -4.4566092212604813 -4.453896775390394 -4.4435104890070036 -4.4288355515660847 -4.4132583647627595 -4.3996221976484033 -4.386724981566708 -4.3759197188000343 -4.3661988180617142 -4.3577299095278663 -4.3514395634111898 -4.3384975522495726 -4.3261917440174056 -4.3168834835228989 -4.3054383801298313 -4.2957435885114794
-4.3806618579524326 -4.3893840677018181 -4.4968946953704956 -4.4962462631927425 -4.506162556292967 -4.5212239511844343 -4.5555399378589989 -4.5382077493461184 -4.576122352007344 -4.5625379674130704 -4.5610123760956069 -4.5506168365631625 -4.5485737532018682 -4.573043891882846 -4.5622765285051141 -4.5515837141566529 -4.5413293488585333 -4.5405543772878216 -4.5109791487145516 -4.5139489308580769 -4.5108612746897894 -4.5073033737141008 -4.4931293796037934 -4.5024283999071839 -4.4848760395812199 -4.471178991218661 -4.4654528538884684 -4.4603826169064353 -4.4512612852245148 -4.4380435684123647 -4.4183884468465875 -4.4044464493857003 -4.3867680351802774 -4.37674300455609 -4.3674441147451502 -4.3669870347250654 -4.3648324233218956 -4.3570517201014294 -4.35173330035287 -4.3466573703205427 -4.3409357010142084 -4.3366160318695881
-4.3749535183327364 -4.4916509221054826 -4.4977778001061379 -4.48753779298917 -4.4940559500399333 -4.5018151095080965 -4.5444525268764622 -4.5233862412322363 -4.5504959825649767 -4.5596641793294799 -4.5446595628217459 -4.5344422758566543 -4.5385848504740549 -4.5443018574912299 -4.5578217466297284 -4.5488692377110231 -4.540080227303247 -4.5312367502618551 -4.5345015907988344 -4.5153464266792112 -4.5101206547346946 -4.5047418200012839 -4.4914283177960597 -4.505548035994698 -4.4906786230202451 -4.4782661027902808 -4.4685997621711282 -4.4628578311207576 -4.4601337337176412 -4.4529357876396052 -4.4444969836767143 -4.4217304601393668 -4.3831718899649079 -4.3778710419074391 -4.3768637737517331 -4.3772832287791115 -4.3780566371843079 -4.3783514660260394 -4.3747872210104912 -4.3740267842272349 -4.3738131658013444 -4.3734389230856001
-4.4813316199276949 -4.4861684369805364 -4.491200563091982 -4.488339224288695 -4.48459988958599 -4.4910194711453908 -4.5210446267418103 -4.5338005842669151 -4.5382374107317327 -4.5478718602012194 -4.5450563865119831 -4.5239114571591159 -4.5298275209562533 -4.5367745400614359 -4.5534784669893389 -4.5459470906966652 -4.5383945846220008 -4.524147703894343 -4.5313609948204245 -4.5320434864599832 -4.5093176375056236 -4.5031403399383692 -4.503572980090242 -4.5078315047395767 -4.4927485842757591 -4.4856253309479293 -4.4709462250148686 -4.4662842745998335 -4.4633384475275681 -4.463709532551154 -4.4657512652568361 -4.4487062208732242 -4.4008057753043355 -4.3863732357308738 -4.3824070109221589 -4.3846633372434924 -4.3938306815354355 -4.3955624400692521 -4.396829433906956 -4.400789125441996 -4.4034692640703561 -4.4067028331586311
-4.5019031177623487 -4.4810127223198126 -4.4851187212083197 -4.4811281822577076 -4.4761664675765589 -4.4815665699847349 -4.4921503491873871 -4.5236836486060028 -4.52793486885367 -4.5379886337962905 -4.5356707155604905 -4.5373907329325345 -4.5244512845231064 -4.5308107956492636 -4.5258749530455908 -4.5430373781278641 -4.5365104849832871 -4.5237992542343362 -4.5220066151144573 -4.5327102122629599 -4.5098561700086996 -4.5003679259694831 -4.5244793141180892 -4.5051237856399577 -4.4934005405841937 -4.4864281705286109 -4.4710539795172517 -4.4660616976009697 -4.4615720377623482 -4.4597256634287437 -4.4603259743606598 -4.4438177742749643 -4.4118370248698877 -4.3919835586836484 -4.3865077320162147 -4.3904874807961498 -4.3987516435354639 -4.4155800161963459 -4.4224631150319995 -4.4267084698448489 -4.4322906349817321 -4.4360925469479966
-4.4980675631804239 -4.476262234153058 -4.4795979101813517 -4.4828457054960227 -4.477789389254216 -4.471555899466412 -4.4755819738736919 -4.5040944737399098 -4.5409730053120834 -4.5184276858733643 -4.5277722703849106 -4.5249411235650943 -4.5036914908691195 -4.5283932005500054 -4.521574516477906 -4.5164684109117346 -4.5345983985728546 -4.5224537254143637 -4.5152258796629239 -4.5295529377344916 -4.5263579963144869 -4.5005660974484094 -4.5256489356550729 -4.4970036276515186 -4.4893300396137317 -4.4821299506767893 -4.4714858216676596 -4.4623366188754403 -4.4549432250036913 -4.4480919272727251 -4.4389647075456669 -4.4216568076357703 -4.4010058762115776 -4.3849428622959019 -4.3810361703612433 -4.389269528199101 -4.4061604672131205 -4.4249289876959814 -4.4486885171528643 -4.4573141677073584 -4.4601040474646183 -4.4640037513149995
-4.4945464841977456 -4.4719534650765862 -4.4746559242748489 -4.4772501246103298 -4.4714376414504144 -4.4735434299589274 -4.467998991313328 -4.4691028579937582 -4.5341499167806862 -4.5112476777012551 -4.5211361665238741 -4.518792299914697 -4.5043216624855287 -4.5238631805861411 -4.5197961238791544 -4.5134050515152833 -4.5088269092275937 -4.521094272782503 -4.5143364176931389 -4.5281115828877496 -4.5266995333938365 -4.5161573357817879 -4.5235864189540917 -4.5091486656534006 -4.4886415557638948 -4.4817140515455609 -4.4730845897435874 -4.4558166474129024 -4.4455216501380654 -4.4362595867483758 -4.4186934702099503 -4.3999376797873406 -4.3774528481899546 -4.365947099720386 -4.3660607179192352 -4.3805952607336867 -4.4078551633119876 -4.4379815285549444 -4.4664032349835097 -4.4898174058723388 -4.487844872793783 -4.4900974622602092
-4.4913582659106135 -4.4934022308908803 -4.4702795688159283 -4.4723518858829152 -4.4742219008817408 -4.4675797639175263 -4.4688309964189035 -4.4623879843090393 -4.5185744708841007 -4.5052316321419674 -4.5155717644976008 -4.5136092296437615 -4.4994051225041769 -4.5277117566925948 -4.5165158443996924 -4.5137138781348831 -4.5099972541542144 -4.4969571485160333 -4.5150085573339185 -4.5184846365472442 -4.5180951517396304 -4.5164077717647846 -4.5394793104920597 -4.5106025422236637 -4.4837381458694292 -4.4795653856225659 -4.4698536555534938 -4.4498755355734438 -4.4355465127172966 -4.4195386099630349 -4.4011542235738812 -4.3759438959271257 -4.3522832807349676 -4.3391874986212464 -4.3391593662968155 -4.364383263868274 -4.4056371679629995 -4.4511033055751685 -4.4919896260083281 -4.5140264164466828 -4.5227684525184806 -4.5116553348937067
